Auzeville 2013 1 1 1 6.6 12.7 3.9 0.7 6.5 2.5 10.1 375.0 
Auzeville 2013 1 2 2 6.1 9.1 4.2 0.7 0.0 2.6 8.7 375.0 
Auzeville 2013 1 3 3 -0.5 8.5 7.7 0.0 0.0 0.7 7.0 375.0 
Auzeville 2013 1 4 4 4.5 7.4 1.5 0.1 0.5 1.2 8.6 375.0 
Auzeville 2013 1 5 5 6.0 6.9 1.4 0.3 0.0 2.2 8.9 375.0 
Auzeville 2013 1 6 6 4.1 5.4 1.4 0.2 0.0 1.4 7.8 375.0 
Auzeville 2013 1 7 7 3.5 4.7 1.3 0.1 0.0 1.4 7.6 375.0 
Auzeville 2013 1 8 8 2.0 4.8 1.1 0.2 0.0 1.3 7.0 375.0 
Auzeville 2013 1 9 9 3.9 5.9 1.2 0.3 0.0 0.6 7.4 375.0 
Auzeville 2013 1 10 10 4.3 12.0 2.6 0.6 5.5 2.1 9.1 375.0 
Auzeville 2013 1 11 11 5.5 11.5 7.2 0.6 0.5 2.3 8.6 375.0 
Auzeville 2013 1 12 12 -0.4 12.0 4.3 0.4 10.0 1.1 7.6 375.0 
Auzeville 2013 1 13 13 3.5 6.7 1.8 0.4 12.5 2.2 7.7 375.0 
Auzeville 2013 1 14 14 2.4 5.9 3.4 0.9 3.5 3.2 6.2 375.0 
Auzeville 2013 1 15 15 0.3 8.2 5.5 0.6 11.0 3.5 6.1 375.0 
Auzeville 2013 1 16 16 1.2 3.4 1.1 0.2 22.5 1.8 6.5 375.0 
Auzeville 2013 1 17 17 -0.8 2.5 6.9 0.5 0.5 2.6 5.0 375.0 
Auzeville 2013 1 18 18 -2.8 4.5 2.5 0.4 7.0 2.4 5.6 375.0 
Auzeville 2013 1 19 19 2.9 10.9 1.7 0.7 26.0 4.7 8.7 375.0 
Auzeville 2013 1 20 20 0.6 6.6 4.9 0.6 15.0 2.7 6.6 375.0 
Auzeville 2013 1 21 21 0.8 8.6 6.4 0.6 3.0 3.1 6.7 375.0 
Auzeville 2013 1 22 22 -0.8 9.3 6.7 0.5 0.5 1.8 6.5 375.0 
Auzeville 2013 1 23 23 2.9 7.8 3.8 0.8 6.5 2.4 7.1 375.0 
Auzeville 2013 1 24 24 2.0 6.1 4.6 0.6 3.0 2.5 6.9 375.0 
Auzeville 2013 1 25 25 0.7 5.4 5.9 0.5 1.5 1.6 6.2 375.0 
Auzeville 2013 1 26 26 -1.6 8.9 1.9 0.1 1.5 2.3 7.1 375.0 
Auzeville 2013 1 27 27 -0.1 8.4 2.2 0.3 11.0 1.6 7.3 375.0 
Auzeville 2013 1 28 28 6.3 12.1 7.6 0.9 1.5 2.7 9.4 375.0 
Auzeville 2013 1 29 29 1.9 13.5 7.1 0.5 0.5 0.7 8.7 375.0 
Auzeville 2013 1 30 30 3.1 17.2 8.6 0.6 0.0 0.9 9.5 375.0 
Auzeville 2013 1 31 31 5.7 17.0 7.5 0.5 0.5 1.1 11.1 375.0 
Auzeville 2013 2 1 32 10.0 17.4 6.6 1.0 6.0 1.4 12.4 375.0 
Auzeville 2013 2 2 33 5.5 7.9 3.8 1.6 2.0 5.9 7.6 375.0 
Auzeville 2013 2 3 34 1.3 6.7 8.5 1.3 0.5 3.8 5.2 375.0 
Auzeville 2013 2 4 35 3.9 12.7 3.5 0.8 0.5 2.8 8.5 375.0 
Auzeville 2013 2 5 36 9.1 13.3 4.6 1.8 9.0 3.9 10.4 375.0 
Auzeville 2013 2 6 37 2.7 7.5 4.4 1.0 12.5 4.0 7.1 375.0 
Auzeville 2013 2 7 38 1.7 6.4 7.2 1.5 0.0 4.7 5.5 375.0 
Auzeville 2013 2 8 39 2.0 4.6 3.2 0.7 2.0 1.6 6.3 375.0 
Auzeville 2013 2 9 40 1.0 6.3 7.9 0.8 10.0 3.0 6.3 375.0 
Auzeville 2013 2 10 41 4.3 12.9 6.0 1.2 12.5 2.5 9.0 375.0 
Auzeville 2013 2 11 42 3.3 7.3 8.8 1.2 14.5 4.1 7.0 375.0 
Auzeville 2013 2 12 43 2.6 9.0 6.0 1.1 0.0 3.2 7.2 375.0 
Auzeville 2013 2 13 44 4.8 8.3 5.3 1.0 0.5 2.3 7.4 375.0 
Auzeville 2013 2 14 45 5.5 13.1 5.9 1.0 4.0 2.1 9.7 375.0 
Auzeville 2013 2 15 46 7.0 11.8 10.1 1.4 0.0 2.3 9.0 375.0 
Auzeville 2013 2 16 47 -0.2 13.0 13.8 0.9 0.0 0.5 7.1 375.0 
Auzeville 2013 2 17 48 -0.5 11.3 14.0 1.2 0.5 3.1 6.5 375.0 
Auzeville 2013 2 18 49 4.5 11.3 9.3 1.3 0.0 3.9 8.7 375.0 
Auzeville 2013 2 19 50 4.7 13.3 14.1 1.5 0.0 3.1 8.8 375.0 
Auzeville 2013 2 20 51 -1.5 14.5 13.4 1.0 0.0 0.6 7.4 375.0 
Auzeville 2013 2 21 52 -1.2 13.6 14.1 1.2 0.5 1.3 6.3 375.0 
Auzeville 2013 2 22 53 -2.5 6.1 15.1 1.3 0.0 2.3 4.2 375.0 
Auzeville 2013 2 23 54 -3.5 -0.3 4.9 1.4 0.0 4.4 3.2 375.0 
Auzeville 2013 2 24 55 -2.4 0.9 5.2 1.2 0.0 4.1 4.2 375.0 
Auzeville 2013 2 25 56 -0.9 2.1 7.8 0.7 3.5 2.6 5.5 375.0 
Auzeville 2013 2 26 57 -0.9 4.4 11.0 0.9 0.0 1.0 5.5 375.0 
Auzeville 2013 2 27 58 -3.8 8.5 12.7 0.9 0.5 0.7 5.9 375.0 
Auzeville 2013 2 28 59 -2.1 11.7 12.6 1.3 0.5 2.2 6.4 375.0 
Auzeville 2013 3 1 60 2.0 13.2 12.7 1.6 0.0 1.9 6.8 375.0 
Auzeville 2013 3 2 61 0.3 9.8 15.7 1.4 0.0 1.7 6.2 375.0 
Auzeville 2013 3 3 62 -1.7 13.4 16.0 1.5 0.0 2.4 6.9 375.0 
Auzeville 2013 3 4 63 7.4 15.1 15.4 3.5 0.0 8.4 9.3 375.0 
Auzeville 2013 3 5 64 11.2 13.9 8.5 3.7 4.5 11.2 11.0 375.0 
Auzeville 2013 3 6 65 10.2 11.6 4.8 1.7 1.0 5.7 10.8 375.0 
Auzeville 2013 3 7 66 9.2 17.3 15.0 2.7 6.5 5.0 12.2 375.0 
Auzeville 2013 3 8 67 10.7 18.2 15.1 2.6 1.0 2.5 11.2 375.0 
Auzeville 2013 3 9 68 9.3 17.6 14.0 2.0 0.0 1.2 11.4 375.0 
Auzeville 2013 3 10 69 6.1 18.8 14.3 2.0 3.0 1.3 9.8 375.0 
Auzeville 2013 3 11 70 9.1 17.0 16.5 2.5 1.0 1.8 9.5 375.0 
Auzeville 2013 3 12 71 8.0 11.3 9.8 2.2 0.0 3.0 8.4 375.0 
Auzeville 2013 3 13 72 -0.5 1.7 3.7 0.9 2.0 3.8 5.2 375.0 
Auzeville 2013 3 14 73 -0.2 7.1 10.4 2.0 0.5 4.3 5.2 375.0 
Auzeville 2013 3 15 74 -0.4 9.4 19.2 2.1 0.0 2.3 5.2 375.0 
Auzeville 2013 3 16 75 -1.1 11.8 15.7 2.1 0.5 3.4 6.0 375.0 
Auzeville 2013 3 17 76 5.3 11.9 5.7 1.1 6.0 1.5 9.5 375.0 
Auzeville 2013 3 18 77 5.1 9.9 12.9 2.1 1.0 3.5 7.6 375.0 
Auzeville 2013 3 19 78 5.0 14.4 19.0 2.6 1.5 2.6 8.4 375.0 
Auzeville 2013 3 20 79 7.4 13.8 15.0 2.4 1.0 2.5 9.6 375.0 
Auzeville 2013 3 21 80 1.5 17.7 19.9 2.8 0.0 3.1 8.2 375.0 
Auzeville 2013 3 22 81 7.0 14.9 17.7 2.9 0.5 5.3 9.9 375.0 
Auzeville 2013 3 23 82 9.7 15.4 9.2 1.9 0.0 2.7 12.1 375.0 
Auzeville 2013 3 24 83 8.6 17.2 13.6 2.2 0.0 1.7 11.3 375.0 
Auzeville 2013 3 25 84 10.0 15.7 11.1 2.4 5.5 2.6 11.1 375.0 
Auzeville 2013 3 26 85 8.9 15.5 14.4 2.3 0.0 1.6 10.9 375.0 
Auzeville 2013 3 27 86 7.7 14.7 14.8 2.7 2.0 3.1 9.4 375.0 
Auzeville 2013 3 28 87 10.0 12.6 7.1 1.5 2.5 1.8 11.5 375.0 
Auzeville 2013 3 29 88 6.3 20.5 17.7 2.7 8.0 2.0 11.7 375.0 
Auzeville 2013 3 30 89 10.4 15.5 15.0 3.0 6.5 4.0 11.6 375.0 
Auzeville 2013 3 31 90 8.3 14.1 15.0 2.5 0.0 2.3 10.1 375.0 
Auzeville 2013 4 1 91 5.7 11.0 5.5 1.6 4.0 3.4 8.2 375.0 
Auzeville 2013 4 2 92 9.7 13.8 11.0 2.5 2.5 3.3 10.2 375.0 
Auzeville 2013 4 3 93 2.4 16.2 22.4 2.7 0.5 1.4 8.2 375.0 
Auzeville 2013 4 4 94 9.6 12.2 4.9 1.4 11.5 2.7 10.7 375.0 
Auzeville 2013 4 5 95 5.1 9.7 9.8 1.9 1.0 2.1 7.3 375.0 
Auzeville 2013 4 6 96 2.5 7.6 5.6 1.2 4.5 2.8 6.8 375.0 
Auzeville 2013 4 7 97 4.8 10.9 13.7 2.1 2.5 1.6 7.3 375.0 
Auzeville 2013 4 8 98 4.9 14.6 14.3 2.4 2.5 2.2 9.2 375.0 
Auzeville 2013 4 9 99 5.1 14.2 8.5 1.9 0.0 2.2 8.3 375.0 
Auzeville 2013 4 10 100 8.5 20.2 20.3 3.5 0.0 1.7 9.8 375.0 
Auzeville 2013 4 11 101 10.2 20.2 19.2 3.8 4.5 3.6 13.6 375.0 
Auzeville 2013 4 12 102 7.5 18.4 22.3 3.3 0.0 1.6 11.2 375.0 
Auzeville 2013 4 13 103 8.6 22.5 24.4 4.1 0.0 2.1 11.5 375.0 
Auzeville 2013 4 14 104 10.2 20.8 25.4 5.4 0.0 5.8 11.8 375.0 
Auzeville 2013 4 15 105 12.2 21.7 21.8 4.3 0.0 2.9 13.3 375.0 
Auzeville 2013 4 16 106 10.0 25.3 22.0 3.7 0.0 0.9 13.9 375.0 
Auzeville 2013 4 17 107 11.6 26.0 24.8 5.2 0.0 3.2 13.0 375.0 
Auzeville 2013 4 18 108 12.9 17.0 8.1 2.5 0.5 2.8 12.1 375.0 
Auzeville 2013 4 19 109 8.2 12.3 5.1 1.7 4.0 2.9 9.2 375.0 
Auzeville 2013 4 20 110 6.2 15.0 19.1 3.7 0.0 3.5 7.7 375.0 
Auzeville 2013 4 21 111 5.3 15.9 17.5 3.2 0.0 2.3 7.3 375.0 
Auzeville 2013 4 22 112 6.8 16.1 18.6 3.6 0.0 2.8 7.6 375.0 
Auzeville 2013 4 23 113 5.8 18.8 19.2 3.1 0.0 1.3 9.4 375.0 
Auzeville 2013 4 24 114 4.5 20.9 27.1 4.7 0.0 3.4 8.8 375.0 
Auzeville 2013 4 25 115 7.9 23.3 20.0 4.4 0.0 3.5 10.1 375.0 
Auzeville 2013 4 26 116 11.9 17.0 5.6 1.8 9.5 2.5 13.3 375.0 
Auzeville 2013 4 27 117 5.8 10.0 8.9 1.7 7.0 2.1 8.7 375.0 
Auzeville 2013 4 28 118 5.0 9.7 8.8 1.6 0.0 1.3 8.0 375.0 
Auzeville 2013 4 29 119 5.5 10.1 3.6 0.7 19.0 0.9 9.0 375.0 
Auzeville 2013 4 30 120 7.1 12.6 7.0 1.2 3.0 0.8 10.8 375.0 
Auzeville 2013 5 1 121 9.2 18.6 20.4 3.3 0.0 1.2 11.9 375.0 
Auzeville 2013 5 2 122 10.2 17.0 12.2 2.6 0.0 2.1 12.0 375.0 
Auzeville 2013 5 3 123 10.7 17.5 13.4 3.0 0.0 2.5 12.1 375.0 
Auzeville 2013 5 4 124 9.5 19.9 23.5 4.0 0.0 1.8 11.0 375.0 
Auzeville 2013 5 5 125 10.0 22.3 28.2 5.0 0.0 2.0 9.9 375.0 
Auzeville 2013 5 6 126 7.5 24.6 28.2 4.7 0.0 1.1 9.7 375.0 
Auzeville 2013 5 7 127 13.4 21.1 15.1 3.1 0.0 1.3 14.2 375.0 
Auzeville 2013 5 8 128 13.6 25.3 17.3 3.7 2.5 1.5 17.4 375.0 
Auzeville 2013 5 9 129 14.8 19.3 8.1 2.1 10.5 1.9 16.7 375.0 
Auzeville 2013 5 10 130 10.3 17.3 15.7 3.4 0.0 2.4 10.9 375.0 
Auzeville 2013 5 11 131 9.4 17.2 17.4 3.7 0.0 2.6 9.5 375.0 
Auzeville 2013 5 12 132 10.9 15.9 13.8 3.2 0.0 2.9 10.3 375.0 
Auzeville 2013 5 13 133 11.7 18.5 20.7 3.8 0.0 1.4 11.3 375.0 
Auzeville 2013 5 14 134 6.4 22.7 24.4 4.1 2.0 1.9 11.9 375.0 
Auzeville 2013 5 15 135 9.5 12.0 5.4 1.3 13.5 2.0 11.0 375.0 
Auzeville 2013 5 16 136 7.1 15.1 14.3 2.5 1.0 1.3 10.2 375.0 
Auzeville 2013 5 17 137 3.2 19.2 28.6 4.3 0.5 2.4 9.4 375.0 
Auzeville 2013 5 18 138 10.9 15.7 18.0 3.8 2.0 3.3 10.7 375.0 
Auzeville 2013 5 19 139 9.6 16.2 18.5 3.7 1.0 2.8 10.3 375.0 
Auzeville 2013 5 20 140 7.7 17.8 21.9 3.9 0.0 2.0 9.4 375.0 
Auzeville 2013 5 21 141 8.3 13.1 7.7 1.8 4.5 2.5 10.4 375.0 
Auzeville 2013 5 22 142 10.6 17.4 8.0 2.1 2.0 3.1 13.7 375.0 
Auzeville 2013 5 23 143 11.4 15.3 10.1 2.9 4.0 3.6 11.6 375.0 
Auzeville 2013 5 24 144 7.5 13.3 18.0 3.4 7.5 3.3 9.3 375.0 
Auzeville 2013 5 25 145 7.2 15.2 19.3 3.9 2.0 3.6 9.2 375.0 
Auzeville 2013 5 26 146 2.9 18.4 30.6 4.2 0.0 0.9 8.2 375.0 
Auzeville 2013 5 27 147 5.5 20.3 22.9 4.0 0.0 2.5 10.7 375.0 
Auzeville 2013 5 28 148 9.5 14.3 10.5 2.4 10.0 2.3 11.0 375.0 
Auzeville 2013 5 29 149 7.5 13.2 16.5 3.2 0.5 3.5 9.0 375.0 
Auzeville 2013 5 30 150 8.6 14.8 10.5 2.3 36.0 3.3 11.4 375.0 
Auzeville 2013 5 31 151 11.2 17.5 15.4 3.6 4.5 4.3 12.6 375.0 
Auzeville 2013 6 1 152 12.7 19.7 14.8 3.7 5.0 4.0 14.4 375.0 
Auzeville 2013 6 2 153 12.0 19.4 13.2 3.2 0.0 3.3 14.3 375.0 
Auzeville 2013 6 3 154 10.9 21.5 27.0 5.3 0.0 2.6 11.4 375.0 
Auzeville 2013 6 4 155 7.8 20.6 21.3 3.7 0.0 1.2 11.0 375.0 
Auzeville 2013 6 5 156 9.1 25.4 30.2 5.6 0.0 2.3 13.0 375.0 
Auzeville 2013 6 6 157 13.3 24.7 30.3 6.4 0.0 3.5 14.3 375.0 
Auzeville 2013 6 7 158 13.4 25.5 26.0 5.7 0.0 3.1 15.1 375.0 
Auzeville 2013 6 8 159 13.7 17.8 6.6 1.8 10.0 1.7 14.8 375.0 
Auzeville 2013 6 9 160 12.1 18.0 10.7 2.3 12.0 1.9 14.5 375.0 
Auzeville 2013 6 10 161 13.3 20.5 15.9 3.4 1.0 2.1 15.2 375.0 
Auzeville 2013 6 11 162 10.8 24.5 23.1 4.2 0.0 1.1 15.5 375.0 
Auzeville 2013 6 12 163 13.4 28.4 30.0 5.7 0.0 0.9 17.5 375.0 
Auzeville 2013 6 13 164 14.4 19.7 6.7 1.7 2.5 2.0 17.1 375.0 
Auzeville 2013 6 14 165 13.1 27.7 27.6 5.2 0.0 0.8 18.0 375.0 
Auzeville 2013 6 15 166 16.4 24.3 21.8 4.7 0.0 1.6 16.7 375.0 
Auzeville 2013 6 16 167 13.2 28.1 29.7 6.5 0.0 3.6 16.5 375.0 
Auzeville 2013 6 17 168 18.9 26.7 19.0 5.9 11.5 5.2 20.3 375.0 
Auzeville 2013 6 18 169 16.0 24.9 11.6 3.1 14.0 2.2 21.1 375.0 
Auzeville 2013 6 19 170 13.9 19.1 10.4 2.4 13.5 1.6 15.9 375.0 
Auzeville 2013 6 20 171 12.8 20.8 21.1 4.1 0.0 1.9 14.7 375.0 
Auzeville 2013 6 21 172 10.4 18.6 12.9 2.4 2.0 1.6 13.9 375.0 
Auzeville 2013 6 22 173 12.8 23.0 23.6 4.7 0.0 2.0 14.3 375.0 
Auzeville 2013 6 23 174 14.2 20.1 14.8 4.0 0.5 3.4 13.7 375.0 
Auzeville 2013 6 24 175 10.9 19.1 16.7 3.7 0.0 2.6 11.6 375.0 
Auzeville 2013 6 25 176 11.2 21.2 21.5 4.3 0.0 2.1 11.8 375.0 
Auzeville 2013 6 26 177 11.0 22.9 30.4 5.6 0.0 2.0 11.4 375.0 
Auzeville 2013 6 27 178 9.9 23.0 27.7 5.2 0.0 2.2 11.2 375.0 
Auzeville 2013 6 28 179 14.6 20.7 11.9 3.3 0.5 2.7 14.1 375.0 
Auzeville 2013 6 29 180 15.1 22.4 12.7 3.5 0.0 2.9 16.0 375.0 
Auzeville 2013 6 30 181 15.8 25.6 25.4 5.2 0.0 1.6 17.3 375.0 
Auzeville 2013 7 1 182 12.9 29.7 27.4 5.3 0.0 0.8 18.0 375.0 
Auzeville 2013 7 2 183 14.5 26.1 25.7 5.4 4.5 2.7 17.1 375.0 
Auzeville 2013 7 3 184 17.3 22.5 8.4 2.4 2.0 2.3 19.5 375.0 
Auzeville 2013 7 4 185 15.1 24.8 25.0 5.2 0.0 2.3 17.0 375.0 
Auzeville 2013 7 5 186 13.9 29.7 30.1 5.8 0.0 1.0 18.3 375.0 
Auzeville 2013 7 6 187 14.2 31.6 30.1 6.1 0.0 1.0 17.9 375.0 
Auzeville 2013 7 7 188 16.1 31.4 29.7 6.2 0.0 1.2 18.8 375.0 
Auzeville 2013 7 8 189 17.1 33.0 28.3 6.3 0.0 1.3 18.4 375.0 
Auzeville 2013 7 9 190 17.6 32.8 28.7 6.9 0.0 2.3 17.0 375.0 
Auzeville 2013 7 10 191 17.0 32.1 17.0 4.3 0.0 1.0 20.0 375.0 
Auzeville 2013 7 11 192 16.9 31.2 24.5 5.4 0.0 1.1 18.5 375.0 
Auzeville 2013 7 12 193 17.0 32.4 27.0 5.7 0.0 0.7 19.3 375.0 
Auzeville 2013 7 13 194 19.0 32.6 19.7 5.0 4.5 1.3 23.2 375.0 
Auzeville 2013 7 14 195 17.9 28.5 13.2 3.3 0.0 0.7 21.0 375.0 
Auzeville 2013 7 15 196 18.5 31.2 27.2 6.0 0.0 1.2 20.1 375.0 
Auzeville 2013 7 16 197 17.5 32.1 20.1 4.8 0.0 1.1 21.3 375.0 
Auzeville 2013 7 17 198 18.2 29.7 21.8 5.1 0.5 1.6 21.7 375.0 
Auzeville 2013 7 18 199 18.3 29.8 20.3 4.8 0.0 1.3 21.5 375.0 
Auzeville 2013 7 19 200 16.6 32.6 26.4 5.9 0.0 1.4 20.7 375.0 
Auzeville 2013 7 20 201 19.6 32.4 26.3 6.6 0.0 2.6 22.5 375.0 
Auzeville 2013 7 21 202 18.5 33.6 26.6 6.5 0.0 2.1 20.9 375.0 
Auzeville 2013 7 22 203 18.4 34.2 27.3 6.1 0.0 0.9 20.5 375.0 
Auzeville 2013 7 23 204 19.5 32.4 18.8 4.7 0.0 1.1 22.1 375.0 
Auzeville 2013 7 24 205 19.9 31.2 22.1 5.1 0.0 1.0 22.9 375.0 
Auzeville 2013 7 25 206 18.5 35.6 27.2 7.1 0.0 2.9 22.2 375.0 
Auzeville 2013 7 26 207 22.3 33.6 23.4 6.8 0.0 3.2 23.7 375.0 
Auzeville 2013 7 27 208 22.8 33.2 24.1 7.3 0.5 4.1 24.9 375.0 
Auzeville 2013 7 28 209 19.3 28.2 17.0 4.1 8.5 1.1 20.9 375.0 
Auzeville 2013 7 29 210 15.7 26.8 24.0 5.1 0.0 1.9 17.7 375.0 
Auzeville 2013 7 30 211 15.1 28.3 27.2 5.2 0.0 0.8 17.4 375.0 
Auzeville 2013 7 31 212 15.1 34.6 27.9 5.9 0.0 1.0 17.6 375.0 
Auzeville 2013 8 1 213 20.9 33.4 27.5 8.3 0.0 4.7 20.5 375.0 
Auzeville 2013 8 2 214 22.6 33.0 25.4 8.4 0.0 5.4 22.0 375.0 
Auzeville 2013 8 3 215 21.0 29.7 23.7 6.1 0.0 2.3 18.1 375.0 
Auzeville 2013 8 4 216 19.7 31.0 26.2 5.7 0.0 1.0 18.4 375.0 
Auzeville 2013 8 5 217 18.3 30.4 21.9 5.3 0.0 2.5 21.0 375.0 
Auzeville 2013 8 6 218 20.7 28.1 13.6 3.6 7.0 1.4 22.0 375.0 
Auzeville 2013 8 7 219 17.1 25.0 11.4 2.9 26.5 1.5 20.9 375.0 
Auzeville 2013 8 8 220 15.5 24.1 18.1 4.1 0.5 2.4 16.4 375.0 
Auzeville 2013 8 9 221 16.5 25.7 19.2 4.5 0.0 2.5 17.0 375.0 
Auzeville 2013 8 10 222 16.7 26.3 23.5 5.0 0.0 1.9 17.2 375.0 
Auzeville 2013 8 11 223 13.4 29.5 26.3 4.9 0.0 0.7 17.1 375.0 
Auzeville 2013 8 12 224 14.4 32.5 25.0 5.1 0.0 1.0 18.8 375.0 
Auzeville 2013 8 13 225 20.3 27.8 19.5 5.2 0.0 2.5 18.2 375.0 
Auzeville 2013 8 14 226 15.1 28.3 26.1 5.4 0.0 1.7 14.3 375.0 
Auzeville 2013 8 15 227 11.8 30.9 25.9 4.7 0.0 0.6 15.2 375.0 
Auzeville 2013 8 16 228 13.7 31.3 23.5 4.9 2.0 1.7 17.7 375.0 
Auzeville 2013 8 17 229 17.9 29.2 22.9 4.9 0.0 1.2 19.2 375.0 
Auzeville 2013 8 18 230 14.0 31.9 25.0 4.8 0.0 0.7 17.4 375.0 
Auzeville 2013 8 19 231 17.7 24.1 7.1 2.5 0.0 2.3 19.0 375.0 
Auzeville 2013 8 20 232 12.5 27.5 25.4 4.7 0.0 1.2 14.0 375.0 
Auzeville 2013 8 21 233 10.1 31.6 25.3 4.5 0.0 0.7 13.8 375.0 
Auzeville 2013 8 22 234 12.0 29.3 24.5 4.8 0.0 2.6 16.5 375.0 
Auzeville 2013 8 23 235 19.0 27.6 14.1 3.6 0.0 1.9 20.6 375.0 
Auzeville 2013 8 24 236 18.6 24.8 9.1 3.4 0.0 3.0 18.4 375.0 
Auzeville 2013 8 25 237 15.2 24.8 18.4 4.1 2.5 2.2 16.4 375.0 
Auzeville 2013 8 26 238 15.8 23.7 16.6 3.7 0.0 2.2 16.6 375.0 
Auzeville 2013 8 27 239 15.4 25.7 14.9 3.7 0.0 2.1 16.2 375.0 
Auzeville 2013 8 28 240 14.1 25.5 20.1 4.0 0.0 1.6 14.5 375.0 
Auzeville 2013 8 29 241 13.8 26.8 22.3 4.4 0.0 1.5 14.3 375.0 
Auzeville 2013 8 30 242 10.6 26.9 21.6 4.1 0.0 1.6 12.3 375.0 
Auzeville 2013 8 31 243 15.1 27.1 20.9 4.6 0.0 2.1 13.3 375.0 
Auzeville 2013 9 1 244 16.0 27.5 21.3 4.8 0.0 2.3 15.1 375.0 
Auzeville 2013 9 2 245 13.7 28.1 21.1 4.1 0.0 1.1 13.3 375.0 
Auzeville 2013 9 3 246 9.5 31.9 22.6 4.2 0.0 1.0 12.7 375.0 
Auzeville 2013 9 4 247 11.7 31.7 22.3 5.0 0.0 2.8 15.0 375.0 
Auzeville 2013 9 5 248 18.8 30.7 21.6 5.5 0.0 3.0 18.4 375.0 
Auzeville 2013 9 6 249 18.9 26.1 11.8 3.0 8.5 1.4 19.6 375.0 
Auzeville 2013 9 7 250 16.3 17.8 2.1 0.5 8.5 1.5 18.1 375.0 
Auzeville 2013 9 8 251 15.6 18.4 5.8 1.6 0.5 1.6 16.7 375.0 
Auzeville 2013 9 9 252 10.8 23.7 19.8 3.3 3.0 1.3 13.6 375.0 
Auzeville 2013 9 10 253 15.7 22.0 9.6 2.5 2.0 2.0 17.6 375.0 
Auzeville 2013 9 11 254 13.2 21.6 14.6 3.3 0.0 2.3 13.1 375.0 
Auzeville 2013 9 12 255 13.2 21.9 13.6 3.2 0.0 2.7 13.2 375.0 
Auzeville 2013 9 13 256 15.7 24.3 14.5 3.0 0.0 1.5 18.2 375.0 
Auzeville 2013 9 14 257 11.2 26.6 18.2 3.1 4.5 1.1 15.9 375.0 
Auzeville 2013 9 15 258 12.4 19.1 14.1 3.0 0.0 2.8 12.9 375.0 
Auzeville 2013 9 16 259 8.7 21.0 11.5 2.2 0.5 2.0 13.2 375.0 
Auzeville 2013 9 17 260 13.3 19.2 7.0 2.1 0.0 2.5 13.8 375.0 
Auzeville 2013 9 18 261 15.7 23.1 11.5 2.9 3.0 3.1 17.6 375.0 
Auzeville 2013 9 19 262 14.1 20.6 11.9 2.9 0.5 3.1 14.4 375.0 
Auzeville 2013 9 20 263 14.2 22.3 11.7 2.3 0.0 1.5 16.6 375.0 
Auzeville 2013 9 21 264 11.9 23.6 18.2 2.9 0.0 1.2 15.4 375.0 
Auzeville 2013 9 22 265 8.7 27.9 18.9 2.9 0.0 0.7 14.1 375.0 
Auzeville 2013 9 23 266 9.9 27.3 18.9 3.6 0.0 2.5 13.5 375.0 
Auzeville 2013 9 24 267 16.9 27.4 18.0 4.3 0.0 3.8 19.2 375.0 
Auzeville 2013 9 25 268 16.8 28.3 16.7 4.0 0.0 3.6 21.0 375.0 
Auzeville 2013 9 26 269 17.8 27.6 15.9 4.0 0.0 4.1 21.0 375.0 
Auzeville 2013 9 27 270 20.1 26.8 12.7 4.1 0.0 5.3 22.5 375.0 
Auzeville 2013 9 28 271 20.2 24.4 8.7 3.0 0.0 4.2 21.3 375.0 
Auzeville 2013 9 29 272 14.7 24.3 10.3 2.2 0.5 1.4 17.4 375.0 
Auzeville 2013 9 30 273 11.9 23.6 9.8 1.8 0.0 0.7 15.8 375.0 
Auzeville 2013 10 1 274 12.3 29.2 12.6 2.5 0.0 0.9 17.4 375.0 
Auzeville 2013 10 2 275 15.2 30.5 11.8 3.4 0.0 3.0 19.8 375.0 
Auzeville 2013 10 3 276 19.4 20.7 2.6 1.8 3.5 6.9 19.9 375.0 
Auzeville 2013 10 4 277 17.2 19.8 1.1 0.7 32.5 3.0 18.9 375.0 
Auzeville 2013 10 5 278 15.2 22.1 12.4 2.3 5.5 2.0 18.0 375.0 
Auzeville 2013 10 6 279 13.7 20.0 10.5 2.1 0.5 2.0 14.8 375.0 
Auzeville 2013 10 7 280 10.9 21.6 15.7 2.2 0.0 1.3 13.8 375.0 
Auzeville 2013 10 8 281 9.1 21.8 13.1 1.9 0.0 1.5 13.3 375.0 
Auzeville 2013 10 9 282 14.1 19.1 6.6 1.9 0.0 1.8 13.2 375.0 
Auzeville 2013 10 10 283 12.8 15.4 4.7 1.8 0.5 2.3 11.7 375.0 
Auzeville 2013 10 11 284 3.8 15.3 11.5 1.5 0.0 1.3 8.2 375.0 
Auzeville 2013 10 12 285 3.0 18.7 10.9 1.5 0.0 1.6 9.0 375.0 
Auzeville 2013 10 13 286 6.8 21.6 12.9 1.7 0.0 0.9 10.8 375.0 
Auzeville 2013 10 14 287 9.1 22.1 12.6 1.7 0.0 0.9 12.6 375.0 
Auzeville 2013 10 15 288 13.1 20.6 5.2 1.3 2.5 1.6 15.0 375.0 
Auzeville 2013 10 16 289 15.8 23.1 7.3 1.6 1.5 1.4 19.0 375.0 
Auzeville 2013 10 17 290 14.0 20.6 11.7 1.7 0.0 0.8 15.4 375.0 
Auzeville 2013 10 18 291 11.2 21.2 12.1 2.3 0.0 4.0 13.8 375.0 
Auzeville 2013 10 19 292 15.9 22.4 6.2 1.9 1.5 5.1 18.4 375.0 
Auzeville 2013 10 20 293 15.6 23.9 10.4 1.9 0.0 2.3 19.3 375.0 
Auzeville 2013 10 21 294 16.9 23.4 8.9 2.2 0.0 4.1 19.3 375.0 
Auzeville 2013 10 22 295 18.5 22.5 4.9 2.2 0.0 4.3 19.0 375.0 
Auzeville 2013 10 23 296 13.7 24.7 12.1 1.8 0.0 1.0 16.2 375.0 
Auzeville 2013 10 24 297 9.5 21.4 10.8 1.6 0.0 3.9 14.0 375.0 
Auzeville 2013 10 25 298 17.8 22.6 5.1 2.3 0.0 6.1 18.5 375.0 
Auzeville 2013 10 26 299 19.2 23.6 5.8 2.3 0.0 4.5 20.6 375.0 
Auzeville 2013 10 27 300 15.0 23.7 9.9 1.7 0.0 1.0 16.6 375.0 
Auzeville 2013 10 28 301 12.4 24.6 10.7 2.2 6.5 3.0 15.5 375.0 
Auzeville 2013 10 29 302 11.5 16.3 7.8 1.4 0.0 1.9 12.4 375.0 
Auzeville 2013 10 30 303 7.5 14.3 10.7 1.1 0.0 1.6 10.2 375.0 
Auzeville 2013 10 31 304 2.2 15.3 11.4 0.8 0.0 0.9 8.7 375.0 
Auzeville 2013 11 1 305 0.3 16.6 6.3 1.0 0.5 1.9 8.2 375.0 
Auzeville 2013 11 2 306 13.5 23.4 8.8 1.7 7.5 1.9 15.9 375.0 
Auzeville 2013 11 3 307 12.4 15.5 4.2 1.1 4.5 1.7 12.9 375.0 
Auzeville 2013 11 4 308 9.6 14.7 3.3 0.9 7.0 2.5 12.0 375.0 
Auzeville 2013 11 5 309 11.8 17.6 1.8 0.7 11.5 3.6 14.7 375.0 
Auzeville 2013 11 6 310 14.6 19.3 4.8 1.1 1.5 2.1 17.0 375.0 
Auzeville 2013 11 7 311 11.1 21.2 8.9 0.9 0.5 0.6 16.3 375.0 
Auzeville 2013 11 8 312 10.0 18.6 4.4 0.9 1.0 1.4 14.3 375.0 
Auzeville 2013 11 9 313 9.6 14.9 7.1 1.1 8.0 2.1 10.8 375.0 
Auzeville 2013 11 10 314 10.8 14.0 1.6 0.6 8.5 4.0 12.4 375.0 
Auzeville 2013 11 11 315 8.2 14.0 8.8 1.3 0.5 2.4 8.8 375.0 
Auzeville 2013 11 12 316 8.3 13.5 2.6 0.3 4.0 1.3 12.2 375.0 
Auzeville 2013 11 13 317 12.2 14.3 2.1 0.9 1.0 2.7 13.1 375.0 
Auzeville 2013 11 14 318 7.5 12.0 6.0 1.2 2.0 3.8 9.4 375.0 
Auzeville 2013 11 15 319 4.9 6.0 1.5 0.5 6.0 2.9 7.6 375.0 
Auzeville 2013 11 16 320 2.5 6.6 1.9 0.2 5.5 0.8 7.7 375.0 
Auzeville 2013 11 17 321 5.9 8.6 1.8 0.2 4.0 0.8 9.5 375.0 
Auzeville 2013 11 18 322 7.4 8.5 1.0 0.1 18.0 1.5 9.9 375.0 
Auzeville 2013 11 19 323 5.6 8.3 2.4 0.7 12.0 3.4 8.7 375.0 
Auzeville 2013 11 20 324 3.0 8.8 6.4 1.1 6.5 3.2 6.5 375.0 
Auzeville 2013 11 21 325 3.1 9.4 3.8 0.8 5.0 3.5 7.8 375.0 
Auzeville 2013 11 22 326 2.8 3.7 1.3 0.6 6.0 3.6 6.4 375.0 
Auzeville 2013 11 23 327 1.0 5.1 1.3 0.2 1.0 3.3 6.6 375.0 
Auzeville 2013 11 24 328 4.8 5.8 1.2 0.6 0.0 3.4 7.3 375.0 
Auzeville 2013 11 25 329 4.5 8.3 4.0 1.1 0.0 3.1 7.2 375.0 
Auzeville 2013 11 26 330 0.5 6.7 5.1 0.7 0.0 2.5 5.8 375.0 
Auzeville 2013 11 27 331 -1.3 5.0 8.1 0.3 0.0 1.4 5.3 375.0 
Auzeville 2013 11 28 332 -5.6 6.0 8.2 0.1 0.0 0.6 5.0 375.0 
Auzeville 2013 11 29 333 -4.6 7.0 7.7 0.2 0.5 1.7 5.1 375.0 
Auzeville 2013 11 30 334 4.5 8.9 3.2 1.2 3.0 3.9 7.5 375.0 
Auzeville 2013 12 1 335 0.6 5.8 7.3 0.3 0.0 2.6 6.2 375.0 
Auzeville 2013 12 2 336 1.5 6.0 4.5 0.4 0.0 1.4 6.8 375.0 
Auzeville 2013 12 3 337 -1.2 7.6 4.8 0.3 0.0 0.6 7.1 375.0 
Auzeville 2013 12 4 338 -3.6 8.2 6.2 0.0 0.5 0.8 6.7 375.0 
Auzeville 2013 12 5 339 3.1 8.6 2.0 0.4 0.0 1.6 8.5 375.0 
Auzeville 2013 12 6 340 2.2 9.6 4.8 0.4 0.0 2.1 7.4 375.0 
Auzeville 2013 12 7 341 1.7 6.8 3.8 0.3 0.0 0.8 7.4 375.0 
Auzeville 2013 12 8 342 -3.3 9.1 5.7 0.1 0.0 0.6 6.9 375.0 
Auzeville 2013 12 9 343 -3.0 12.0 7.7 0.1 0.5 1.4 7.0 375.0 
Auzeville 2013 12 10 344 -1.8 11.9 7.1 0.3 0.0 2.7 7.3 375.0 
Auzeville 2013 12 11 345 5.4 12.9 7.2 0.8 0.0 4.7 8.8 375.0 
Auzeville 2013 12 12 346 4.1 13.5 7.4 0.3 0.5 3.0 9.2 375.0 
Auzeville 2013 12 13 347 1.3 14.3 6.4 0.2 1.5 1.0 8.6 375.0 
Auzeville 2013 12 14 348 4.9 11.4 3.1 0.5 0.0 1.3 9.6 375.0 
Auzeville 2013 12 15 349 -0.8 14.4 6.8 0.4 0.0 1.8 7.7 375.0 
Auzeville 2013 12 16 350 5.6 13.7 7.0 0.8 0.5 6.5 9.1 375.0 
Auzeville 2013 12 17 351 10.8 14.9 6.0 1.2 0.0 4.4 11.6 375.0 
Auzeville 2013 12 18 352 6.6 14.8 5.8 0.5 1.0 3.0 10.8 375.0 
Auzeville 2013 12 19 353 9.2 10.3 1.0 0.3 10.5 1.7 10.7 375.0 
Auzeville 2013 12 20 354 4.3 10.3 6.9 0.4 0.0 2.3 8.1 375.0 
Auzeville 2013 12 21 355 -2.6 9.9 7.6 0.0 0.0 1.6 6.8 375.0 
Auzeville 2013 12 22 356 3.6 13.3 6.1 0.1 0.0 1.2 9.8 375.0 
Auzeville 2013 12 23 357 1.7 12.3 6.5 0.3 0.5 3.4 8.5 375.0 
Auzeville 2013 12 24 358 7.9 12.7 1.1 1.3 2.5 5.0 9.3 375.0 
Auzeville 2013 12 25 359 7.7 12.8 4.7 0.5 2.0 1.8 10.2 375.0 
Auzeville 2013 12 26 360 4.4 8.8 4.1 0.8 2.5 4.0 7.7 375.0 
Auzeville 2013 12 27 361 4.0 14.0 6.0 0.7 0.0 3.1 8.7 375.0 
Auzeville 2013 12 28 362 7.1 11.1 1.4 0.7 6.0 3.3 9.5 375.0 
Auzeville 2013 12 29 363 5.7 9.5 5.0 0.7 0.0 2.6 8.1 375.0 
Auzeville 2013 12 30 364 -0.6 9.7 4.1 0.3 0.0 1.3 7.2 375.0 
Auzeville 2013 12 31 365 3.5 10.2 5.1 0.6 0.0 3.7 7.7 375.0 
