climcan 1998 10 13 286    15.7   23.1   23.4    4.9    0.0 -999.9 -999.9  330.0
climcan 1998 10 14 287    15.6   22.2   15.3    3.1    7.5 -999.9 -999.9  330.0
climcan 1998 10 15 288    15.8   23.3   25.6    5.4    3.0 -999.9 -999.9  330.0
climcan 1998 10 16 289    16.5   22.6   23.4    4.9    5.0 -999.9 -999.9  330.0
climcan 1998 10 17 290    15.7   24.0   19.7    4.1    0.0 -999.9 -999.9  330.0
climcan 1998 10 18 291    15.8   24.7   17.8    3.6    1.0 -999.9 -999.9  330.0
climcan 1998 10 19 292    16.2   23.0   25.0    5.3    0.0 -999.9 -999.9  330.0
climcan 1998 10 20 293    16.8   22.9   21.5    4.5    3.5 -999.9 -999.9  330.0
climcan 1998 10 21 294    16.4   22.5   19.0    3.9   23.5 -999.9 -999.9  330.0
climcan 1998 10 22 295    17.0   22.6   20.0    4.1   18.5 -999.9 -999.9  330.0
climcan 1998 10 23 296    16.2   23.3   19.0    3.9    4.0 -999.9 -999.9  330.0
climcan 1998 10 24 297    15.1   23.8   15.3    3.0    2.0 -999.9 -999.9  330.0
climcan 1998 10 25 298    14.4   22.9    9.9    1.8    1.5 -999.9 -999.9  330.0
climcan 1998 10 26 299    15.1   24.0   24.4    5.2    0.0 -999.9 -999.9  330.0
climcan 1998 10 27 300    16.8   23.8   25.0    5.3    0.0 -999.9 -999.9  330.0
climcan 1998 10 28 301    14.8   23.7   16.0    3.2    0.5 -999.9 -999.9  330.0
climcan 1998 10 29 302    14.2   24.1   15.6    3.1    0.0 -999.9 -999.9  330.0
climcan 1998 10 30 303    15.8   23.6   17.0    3.5    0.0 -999.9 -999.9  330.0
climcan 1998 10 31 304    16.7   25.2   27.1    5.8    0.0 -999.9 -999.9  330.0
climcan 1998 11  1 305    15.9   25.1   22.0    4.6    0.0 -999.9 -999.9  330.0
climcan 1998 11  2 306    14.1   23.5   10.3    1.9    2.5 -999.9 -999.9  330.0
climcan 1998 11  3 307    14.3   25.1   26.0    5.6    0.0 -999.9 -999.9  330.0
climcan 1998 11  4 308    17.5   25.1   25.9    5.5    1.5 -999.9 -999.9  330.0
climcan 1998 11  5 309    17.9   25.8   27.8    6.0    2.0 -999.9 -999.9  330.0
climcan 1998 11  6 310    18.2   25.3   28.9    6.2    0.0 -999.9 -999.9  330.0
climcan 1998 11  7 311    17.6   24.6   28.9    6.2    0.0 -999.9 -999.9  330.0
climcan 1998 11  8 312    16.5   25.2   26.1    5.6    0.0 -999.9 -999.9  330.0
climcan 1998 11  9 313    15.6   24.6   11.6    2.2    1.0 -999.9 -999.9  330.0
climcan 1998 11 10 314    14.7   24.3   14.6    2.9    0.0 -999.9 -999.9  330.0
climcan 1998 11 11 315    13.3   24.8   15.8    3.2    0.0 -999.9 -999.9  330.0
climcan 1998 11 12 316    14.5   25.3   16.7    3.4   18.0 -999.9 -999.9  330.0
climcan 1998 11 13 317    17.7   24.1   22.7    4.8   22.0 -999.9 -999.9  330.0
climcan 1998 11 14 318    17.6   25.3   19.0    3.9    0.0 -999.9 -999.9  330.0
climcan 1998 11 15 319    18.4   21.1    6.1    0.9   36.5 -999.9 -999.9  330.0
climcan 1998 11 16 320    17.7   23.8   17.6    3.6    0.5 -999.9 -999.9  330.0
climcan 1998 11 17 321    17.7   23.7   17.5    3.6    5.0 -999.9 -999.9  330.0
climcan 1998 11 18 322    17.3   23.3   19.2    4.0   12.0 -999.9 -999.9  330.0
climcan 1998 11 19 323    17.9   24.2   24.2    5.1   11.5 -999.9 -999.9  330.0
climcan 1998 11 20 324    17.9   23.8   21.4    4.5    1.0 -999.9 -999.9  330.0
climcan 1998 11 21 325    17.3   24.6   27.3    5.8    0.5 -999.9 -999.9  330.0
climcan 1998 11 22 326    17.0   24.0   27.2    5.8    4.0 -999.9 -999.9  330.0
climcan 1998 11 23 327    16.6   24.0   19.1    4.0    0.5 -999.9 -999.9  330.0
climcan 1998 11 24 328    17.5   24.9   20.2    4.2    1.5 -999.9 -999.9  330.0
climcan 1998 11 25 329    17.7   25.7   25.8    5.5    0.0 -999.9 -999.9  330.0
climcan 1998 11 26 330    17.7   24.3   24.1    5.1    0.0 -999.9 -999.9  330.0
climcan 1998 11 27 331    17.5   24.1   25.2    5.4    5.0 -999.9 -999.9  330.0
climcan 1998 11 28 332    17.3   24.3   23.2    4.9    6.5 -999.9 -999.9  330.0
climcan 1998 11 29 333    17.8   25.1   19.1    4.0    0.0 -999.9 -999.9  330.0
climcan 1998 11 30 334    16.5   24.8   19.6    4.1    3.0 -999.9 -999.9  330.0
climcan 1998 12  1 335    15.7   25.0   21.5    4.5    0.0 -999.9 -999.9  330.0
climcan 1998 12  2 336    16.5   25.0   18.1    3.7    3.5 -999.9 -999.9  330.0
climcan 1998 12  3 337    16.4   25.9   19.1    3.9    0.5 -999.9 -999.9  330.0
climcan 1998 12  4 338    17.5   26.2   23.3    4.9   11.5 -999.9 -999.9  330.0
climcan 1998 12  5 339    17.8   24.4   11.3    2.1   20.5 -999.9 -999.9  330.0
climcan 1998 12  6 340    17.7   23.8   11.9    2.3    0.5 -999.9 -999.9  330.0
climcan 1998 12  7 341    18.5   21.9    7.0    1.1   51.5 -999.9 -999.9  330.0
climcan 1998 12  8 342    18.8   24.9   10.3    1.9   13.0 -999.9 -999.9  330.0
climcan 1998 12  9 343    18.7   21.5    4.9    0.6  193.0 -999.9 -999.9  330.0
climcan 1998 12 10 344    17.3   22.8    7.5    1.3    6.0 -999.9 -999.9  330.0
climcan 1998 12 11 345    16.6   23.9    9.7    1.8    0.0 -999.9 -999.9  330.0
climcan 1998 12 12 346    17.6   26.2   27.7    5.9    0.0 -999.9 -999.9  330.0
climcan 1998 12 13 347    19.1   26.1   29.1    6.3    0.0 -999.9 -999.9  330.0
climcan 1998 12 14 348    18.5   25.1   15.3    3.0    0.0 -999.9 -999.9  330.0
climcan 1998 12 15 349    18.4   25.5   23.3    4.9    0.0 -999.9 -999.9  330.0
climcan 1998 12 16 350    19.1   24.9   18.9    3.9    2.5 -999.9 -999.9  330.0
climcan 1998 12 17 351    18.5   24.7   13.1    2.6    7.0 -999.9 -999.9  330.0
climcan 1998 12 18 352    18.0   24.1    9.5    1.7    3.0 -999.9 -999.9  330.0
climcan 1998 12 19 353    18.6   25.1   13.9    2.7    6.5 -999.9 -999.9  330.0
climcan 1998 12 20 354    18.1   24.7   10.9    2.0    1.5 -999.9 -999.9  330.0
climcan 1998 12 21 355    18.1   25.0   11.8    2.3    0.0 -999.9 -999.9  330.0
climcan 1998 12 22 356    18.9   23.5   11.2    2.1   11.5 -999.9 -999.9  330.0
climcan 1998 12 23 357    19.1   26.6   29.4    6.3    5.0 -999.9 -999.9  330.0
climcan 1998 12 24 358    19.0   26.2   24.5    5.2   22.0 -999.9 -999.9  330.0
climcan 1998 12 25 359    18.7   25.5   21.5    4.5    0.0 -999.9 -999.9  330.0
climcan 1998 12 26 360    18.9   25.6   28.9    6.2    0.5 -999.9 -999.9  330.0
climcan 1998 12 27 361    18.5   25.5   30.0    6.5    2.5 -999.9 -999.9  330.0
climcan 1998 12 28 362    18.2   25.2   20.2    4.2    8.5 -999.9 -999.9  330.0
climcan 1998 12 29 363    18.6   25.1   21.0    4.4   31.0 -999.9 -999.9  330.0
climcan 1998 12 30 364    17.5   25.6   14.6    2.9    1.0 -999.9 -999.9  330.0
climcan 1998 12 31 365    17.2   26.0   16.1    3.3    0.0 -999.9 -999.9  330.0
