climcol 1994  9  9 252    11.1   17.1   16.3    3.4   13.2 -999.9 -999.9  330.0
climcol 1994  9 10 253    12.4   17.4   11.8    2.3   17.0 -999.9 -999.9  330.0
climcol 1994  9 11 254    12.1   18.1   11.2    2.2    0.0 -999.9 -999.9  330.0
climcol 1994  9 12 255     9.7   17.9   10.6    2.0    2.6 -999.9 -999.9  330.0
climcol 1994  9 13 256     8.9   17.7   18.9    3.0    0.0 -999.9 -999.9  330.0
climcol 1994  9 14 257    11.3   17.1    9.3    1.9    5.0 -999.9 -999.9  330.0
climcol 1994  9 15 258     8.5   14.2    7.3    1.8    1.2 -999.9 -999.9  330.0
climcol 1994  9 16 259     7.0   13.5   10.6    2.1    0.2 -999.9 -999.9  330.0
climcol 1994  9 17 260     6.7   12.8   10.0    2.2    0.0 -999.9 -999.9  330.0
climcol 1994  9 18 261     8.7   13.0   10.0    2.2    0.2 -999.9 -999.9  330.0
climcol 1994  9 19 262     8.7   13.1   11.5    2.4    0.2 -999.9 -999.9  330.0
climcol 1994  9 20 263     9.7   12.2    2.9    0.4   11.0 -999.9 -999.9  330.0
climcol 1994  9 21 264    11.1   15.2    6.4    1.1    0.0 -999.9 -999.9  330.0
climcol 1994  9 22 265    10.6   17.1    7.8    2.0    0.2 -999.9 -999.9  330.0
climcol 1994  9 23 266    11.4   22.1   10.1    2.4    0.0 -999.9 -999.9  330.0
climcol 1994  9 24 267    12.7   18.7    7.5    1.4    6.6 -999.9 -999.9  330.0
climcol 1994  9 25 268    10.2   21.0   15.2    2.6    0.0 -999.9 -999.9  330.0
climcol 1994  9 26 269    11.9   19.4   11.6    2.0    0.0 -999.9 -999.9  330.0
climcol 1994  9 27 270    11.1   17.9    7.2    1.4    0.0 -999.9 -999.9  330.0
climcol 1994  9 28 271     7.7   17.8   10.8    1.6    0.0 -999.9 -999.9  330.0
climcol 1994  9 29 272     6.6   18.7   13.2    1.7    0.2 -999.9 -999.9  330.0
climcol 1994  9 30 273     8.0   18.4   13.5    1.2    0.1 -999.9 -999.9  330.0
climcol 1994 10  1 274     7.8   16.8   10.3    1.5    0.0 -999.9 -999.9  330.0
climcol 1994 10  2 275     7.0   18.6   11.5    1.7    0.0 -999.9 -999.9  330.0
climcol 1994 10  3 276     7.5   15.5    5.3    1.3    1.4 -999.9 -999.9  330.0
climcol 1994 10  4 277     2.3   10.7   13.2    1.6    0.0 -999.9 -999.9  330.0
climcol 1994 10  5 278     0.8   11.1    9.5    1.3    0.0 -999.9 -999.9  330.0
climcol 1994 10  6 279     0.8   11.6   12.4    1.4    0.0 -999.9 -999.9  330.0
climcol 1994 10  7 280     1.0   11.4   11.1    1.8    0.0 -999.9 -999.9  330.0
climcol 1994 10  8 281    -0.1   13.6   13.2    1.7    0.0 -999.9 -999.9  330.0
climcol 1994 10  9 282     0.2   15.2   13.5    1.8    0.0 -999.9 -999.9  330.0
climcol 1994 10 10 283     1.3   18.4   12.6    2.1    0.0 -999.9 -999.9  330.0
climcol 1994 10 11 284     6.5   20.6   11.5    1.6    0.0 -999.9 -999.9  330.0
climcol 1994 10 12 285     8.3   20.6   11.6    1.9    0.0 -999.9 -999.9  330.0
climcol 1994 10 13 286     5.2   19.8   13.0    2.1    0.0 -999.9 -999.9  330.0
climcol 1994 10 14 287     3.7   19.8   11.3    1.2   18.0 -999.9 -999.9  330.0
climcol 1994 10 15 288     6.6   20.7   11.2    1.2    0.2 -999.9 -999.9  330.0
climcol 1994 10 16 289     7.5   17.4    7.2    0.9    0.2 -999.9 -999.9  330.0
climcol 1994 10 17 290     1.4   11.2    7.0    1.3    0.0 -999.9 -999.9  330.0
climcol 1994 10 18 291    -1.1   12.0   11.9    1.0    0.0 -999.9 -999.9  330.0
climcol 1994 10 19 292     2.8   17.5    7.2    1.1    3.8 -999.9 -999.9  330.0
climcol 1994 10 20 293     7.3   15.7    5.5    0.8    1.2 -999.9 -999.9  330.0
climcol 1994 10 21 294     9.5   15.3    5.1    0.8    0.2 -999.9 -999.9  330.0
climcol 1994 10 22 295    11.1   15.3    2.1    0.3   12.2 -999.9 -999.9  330.0
climcol 1994 10 23 296    10.5   15.3    7.5    0.9    1.4 -999.9 -999.9  330.0
climcol 1994 10 24 297     9.9   13.0    5.4    0.8    1.0 -999.9 -999.9  330.0
climcol 1994 10 25 298     7.8   12.6    4.5    0.7    4.8 -999.9 -999.9  330.0
climcol 1994 10 26 299     6.6   10.8    6.2    0.7    1.4 -999.9 -999.9  330.0
climcol 1994 10 27 300     5.9   12.2    5.5    0.7    8.6 -999.9 -999.9  330.0
climcol 1994 10 28 301     5.5   11.7    8.8    0.6    2.2 -999.9 -999.9  330.0
climcol 1994 10 29 302     3.8   12.7    2.7    0.3    3.6 -999.9 -999.9  330.0
climcol 1994 10 30 303    13.2   14.6    2.0    0.2    4.4 -999.9 -999.9  330.0
climcol 1994 10 31 304    12.4   17.5    6.4    1.5    1.8 -999.9 -999.9  330.0
climcol 1994 11  1 305     4.9   14.2    8.0    1.5    0.0 -999.9 -999.9  330.0
climcol 1994 11  2 306     1.3   12.1    6.1    0.7    0.0 -999.9 -999.9  330.0
climcol 1994 11  3 307     7.9   18.1    7.2    0.5    0.2 -999.9 -999.9  330.0
climcol 1994 11  4 308    12.0   18.6    4.2    0.8    1.2 -999.9 -999.9  330.0
climcol 1994 11  5 309    10.7   16.5    2.5    1.1    0.8 -999.9 -999.9  330.0
climcol 1994 11  6 310     9.4   12.9    5.4    0.6    0.0 -999.9 -999.9  330.0
climcol 1994 11  7 311     6.0   13.8    7.7    0.5    0.0 -999.9 -999.9  330.0
climcol 1994 11  8 312     1.7   11.5    5.9    0.4    0.4 -999.9 -999.9  330.0
climcol 1994 11  9 313     2.6   13.3    3.6    0.5    3.2 -999.9 -999.9  330.0
climcol 1994 11 10 314     7.6   12.1    3.7    0.5    1.2 -999.9 -999.9  330.0
climcol 1994 11 11 315     7.0   12.7    4.2    0.6    0.2 -999.9 -999.9  330.0
climcol 1994 11 12 316     7.2   11.3    4.6    0.5    0.6 -999.9 -999.9  330.0
climcol 1994 11 13 317     9.4   13.2    3.3    0.5    0.0 -999.9 -999.9  330.0
climcol 1994 11 14 318    11.2   13.0    1.0    0.0    0.0 -999.9 -999.9  330.0
climcol 1994 11 15 319     8.4   14.0    4.3    0.5    3.6 -999.9 -999.9  330.0
climcol 1994 11 16 320     6.1    9.7    2.6    0.3    0.0 -999.9 -999.9  330.0
climcol 1994 11 17 321     6.1   10.3    2.4    0.3    0.0 -999.9 -999.9  330.0
climcol 1994 11 18 322     8.0    9.2    1.0    0.0   10.6 -999.9 -999.9  330.0
climcol 1994 11 19 323     9.1   13.9    1.0    0.0    1.0 -999.9 -999.9  330.0
climcol 1994 11 20 324    10.4   15.5    4.1    0.5    0.0 -999.9 -999.9  330.0
climcol 1994 11 21 325    10.8   13.2    2.0    0.2    1.0 -999.9 -999.9  330.0
climcol 1994 11 22 326    11.7   14.3    2.3    0.3    0.0 -999.9 -999.9  330.0
climcol 1994 11 23 327     8.9   13.8    2.3    0.3    0.2 -999.9 -999.9  330.0
climcol 1994 11 24 328     8.4   10.6    1.3    0.1    0.2 -999.9 -999.9  330.0
climcol 1994 11 25 329     6.9   12.6    3.3    0.4    0.0 -999.9 -999.9  330.0
climcol 1994 11 26 330     7.6   11.7    1.4    0.1    0.2 -999.9 -999.9  330.0
climcol 1994 11 27 331     5.7   12.2    1.6    0.1    0.2 -999.9 -999.9  330.0
climcol 1994 11 28 332     4.4    9.4    3.8    0.1    0.2 -999.9 -999.9  330.0
climcol 1994 11 29 333     1.6    7.5    1.5    0.3    0.0 -999.9 -999.9  330.0
climcol 1994 11 30 334    -1.1    8.1    4.7    0.2    0.2 -999.9 -999.9  330.0
climcol 1994 12  1 335     0.8    5.3    2.5    0.2    0.0 -999.9 -999.9  330.0
climcol 1994 12  2 336     0.0    7.8    3.4    0.2    0.0 -999.9 -999.9  330.0
climcol 1994 12  3 337     4.6   13.7    4.3    0.3    4.2 -999.9 -999.9  330.0
climcol 1994 12  4 338     9.0   13.8    1.4    0.3    4.6 -999.9 -999.9  330.0
climcol 1994 12  5 339     8.3   11.4    4.6    0.1    4.0 -999.9 -999.9  330.0
climcol 1994 12  6 340     2.6    9.9    4.3    0.3    0.0 -999.9 -999.9  330.0
climcol 1994 12  7 341     3.0   10.1    2.3    0.2    2.2 -999.9 -999.9  330.0
climcol 1994 12  8 342     4.9   11.0    1.5    0.2    1.6 -999.9 -999.9  330.0
climcol 1994 12  9 343     7.5   11.1    1.8    0.2   11.4 -999.9 -999.9  330.0
climcol 1994 12 10 344     7.4   10.9    2.2    0.2    0.2 -999.9 -999.9  330.0
climcol 1994 12 11 345    11.1   12.8    1.1    0.2    0.2 -999.9 -999.9  330.0
climcol 1994 12 12 346     8.1   13.3    3.3    0.0    0.0 -999.9 -999.9  330.0
climcol 1994 12 13 347     8.4   12.6    4.2    0.3    0.0 -999.9 -999.9  330.0
climcol 1994 12 14 348     0.9    8.9    3.9    0.2    2.4 -999.9 -999.9  330.0
climcol 1994 12 15 349    -4.1    3.2    5.0    0.1    0.2 -999.9 -999.9  330.0
climcol 1994 12 16 350    -3.8    4.2    1.1    0.0    0.8 -999.9 -999.9  330.0
climcol 1994 12 17 351     4.2    6.1    1.4    0.1    0.0 -999.9 -999.9  330.0
climcol 1994 12 18 352     1.7    8.0    1.3    0.0    1.8 -999.9 -999.9  330.0
climcol 1994 12 19 353     2.0    6.7    2.1    2.2    0.4 -999.9 -999.9  330.0
climcol 1994 12 20 354     1.0    4.9    1.6    2.2    0.0 -999.9 -999.9  330.0
climcol 1994 12 21 355    -0.7    2.2    1.3    0.0    0.4 -999.9 -999.9  330.0
climcol 1994 12 22 356     0.0    3.8    3.8    0.6    0.2 -999.9 -999.9  330.0
climcol 1994 12 23 357    -0.6    2.3    1.3    1.0    0.0 -999.9 -999.9  330.0
climcol 1994 12 24 358    -2.2    0.0    3.2    0.7    0.0 -999.9 -999.9  330.0
climcol 1994 12 25 359    -2.7   -1.0    0.5    0.2    0.0 -999.9 -999.9  330.0
climcol 1994 12 26 360    -2.2    6.3    0.7    0.1    3.8 -999.9 -999.9  330.0
climcol 1994 12 27 361     6.4   11.4    0.9    0.5   18.0 -999.9 -999.9  330.0
climcol 1994 12 28 362    11.0   13.1    0.6    0.9    6.2 -999.9 -999.9  330.0
climcol 1994 12 29 363     9.2   10.5    1.0    1.6    5.2 -999.9 -999.9  330.0
climcol 1994 12 30 364     4.1    9.3    3.7    1.9    0.2 -999.9 -999.9  330.0
climcol 1994 12 31 365     2.6    6.8    2.0    0.7    2.6 -999.9 -999.9  330.0
