climble 1994  1  1   1     1.6   11.1    4.3    0.1    5.5 -999.9 -999.9  330.0
climble 1994  1  2   2     4.8   10.8    3.0    0.0    0.0 -999.9 -999.9  330.0
climble 1994  1  3   3     6.1   11.5    1.6    0.3    6.5 -999.9 -999.9  330.0
climble 1994  1  4   4     3.3    8.6    2.5    0.2    4.5 -999.9 -999.9  330.0
climble 1994  1  5   5     5.2    9.0    1.6    0.2    8.0 -999.9 -999.9  330.0
climble 1994  1  6   6     5.4    7.4    1.6    0.3    1.5 -999.9 -999.9  330.0
climble 1994  1  7   7     1.0    6.5    3.2    0.0    0.0 -999.9 -999.9  330.0
climble 1994  1  8   8    -0.3    3.5    1.7    0.1    0.5 -999.9 -999.9  330.0
climble 1994  1  9   9     2.2    6.7    1.6    0.0    1.0 -999.9 -999.9  330.0
climble 1994  1 10  10     5.6    7.6    1.7    0.1    5.0 -999.9 -999.9  330.0
climble 1994  1 11  11     2.5    8.3    1.7    0.2    5.0 -999.9 -999.9  330.0
climble 1994  1 12  12     6.9   13.1    1.7    0.0    5.5 -999.9 -999.9  330.0
climble 1994  1 13  13     8.8   10.6    2.4    0.7    0.0 -999.9 -999.9  330.0
climble 1994  1 14  14     5.8    9.8    5.1    0.1    0.5 -999.9 -999.9  330.0
climble 1994  1 15  15     2.4    6.4    1.7    0.0    0.0 -999.9 -999.9  330.0
climble 1994  1 16  16     2.4    4.6    1.8    0.1    1.5 -999.9 -999.9  330.0
climble 1994  1 17  17     0.4    2.8    3.1    0.1    0.5 -999.9 -999.9  330.0
climble 1994  1 18  18    -3.6    0.1    1.9    0.0    0.5 -999.9 -999.9  330.0
climble 1994  1 19  19    -1.8    1.8    1.8    0.0    0.0 -999.9 -999.9  330.0
climble 1994  1 20  20    -0.7    6.1    4.4    0.1    0.5 -999.9 -999.9  330.0
climble 1994  1 21  21     1.8    5.9    1.9    0.0    0.0 -999.9 -999.9  330.0
climble 1994  1 22  22     5.2    8.6    1.9    0.0    0.5 -999.9 -999.9  330.0
climble 1994  1 23  23     7.4    9.8    2.0    0.0    1.0 -999.9 -999.9  330.0
climble 1994  1 24  24     7.6   11.4    2.0    0.0    3.5 -999.9 -999.9  330.0
climble 1994  1 25  25     9.9   12.8    2.2    0.8    1.5 -999.9 -999.9  330.0
climble 1994  1 26  26     5.6    9.2    6.4    0.8    0.0 -999.9 -999.9  330.0
climble 1994  1 27  27     6.1   12.1    2.1    0.4    0.5 -999.9 -999.9  330.0
climble 1994  1 28  28     4.0    8.8    7.2    0.9    0.0 -999.9 -999.9  330.0
climble 1994  1 29  29     0.5    9.5    3.9    0.7    0.0 -999.9 -999.9  330.0
climble 1994  1 30  30     6.0    9.7    2.7    1.2    0.5 -999.9 -999.9  330.0
climble 1994  1 31  31    -1.7    7.8    5.9    0.3    0.0 -999.9 -999.9  330.0
climble 1994  2  1  32     2.7    8.9    2.2    1.0    0.0 -999.9 -999.9  330.0
climble 1994  2  2  33     4.3    8.5    2.3    0.5   12.0 -999.9 -999.9  330.0
climble 1994  2  3  34     4.6    9.9    2.3    0.2    6.5 -999.9 -999.9  330.0
climble 1994  2  4  35     5.3   10.7    4.7    0.7    2.5 -999.9 -999.9  330.0
climble 1994  2  5  36     3.8    9.3    4.6    0.7    1.0 -999.9 -999.9  330.0
climble 1994  2  6  37    -0.6    9.4    9.1    0.2    0.0 -999.9 -999.9  330.0
climble 1994  2  7  38     4.5    8.8    2.7    0.8    3.0 -999.9 -999.9  330.0
climble 1994  2  8  39    -0.7    8.7    7.8    0.4    2.0 -999.9 -999.9  330.0
climble 1994  2  9  40     3.6   10.5    3.5    0.7    1.0 -999.9 -999.9  330.0
climble 1994  2 10  41     1.2    8.1    6.1    0.5    0.0 -999.9 -999.9  330.0
climble 1994  2 11  42     1.0    3.9    2.6    0.3    1.5 -999.9 -999.9  330.0
climble 1994  2 12  43    -0.8    5.7   11.0    0.5    0.0 -999.9 -999.9  330.0
climble 1994  2 13  44    -2.5    2.2    6.5    1.0    0.0 -999.9 -999.9  330.0
climble 1994  2 14  45    -5.3    1.0    2.8    1.3    0.0 -999.9 -999.9  330.0
climble 1994  2 15  46    -1.1    9.9    5.6    0.8    0.5 -999.9 -999.9  330.0
climble 1994  2 16  47     0.0    4.3    2.9    0.5    0.0 -999.9 -999.9  330.0
climble 1994  2 17  48    -0.1    3.7    2.9    0.3    0.0 -999.9 -999.9  330.0
climble 1994  2 18  49     0.5    7.1    3.0    0.8    0.0 -999.9 -999.9  330.0
climble 1994  2 19  50    -2.6    9.0   11.0    0.6    2.0 -999.9 -999.9  330.0
climble 1994  2 20  51    -1.0    1.8    3.0    0.4    4.0 -999.9 -999.9  330.0
climble 1994  2 21  52    -9.6    1.3    4.9    0.5    0.0 -999.9 -999.9  330.0
climble 1994  2 22  53    -0.5   10.2    3.8    0.4    4.0 -999.9 -999.9  330.0
climble 1994  2 23  54     5.4    9.0    4.1    0.5    5.5 -999.9 -999.9  330.0
climble 1994  2 24  55     5.9   11.2    5.7    0.9    0.0 -999.9 -999.9  330.0
climble 1994  2 25  56     7.5   10.9    3.4    0.9    0.0 -999.9 -999.9  330.0
climble 1994  2 26  57     6.5   14.8    4.2    1.8    0.0 -999.9 -999.9  330.0
climble 1994  2 27  58     8.3   11.3    3.7    0.7    3.0 -999.9 -999.9  330.0
climble 1994  2 28  59     6.2   13.2    6.1    0.9    3.0 -999.9 -999.9  330.0
climble 1994  3  1  60     4.3    9.7    4.8    1.3    0.5 -999.9 -999.9  330.0
climble 1994  3  2  61     5.7   12.2    6.0    1.0    4.5 -999.9 -999.9  330.0
climble 1994  3  3  62     1.4   11.3    3.8    0.8    0.0 -999.9 -999.9  330.0
climble 1994  3  4  63     0.9   11.4   12.8    1.2    0.0 -999.9 -999.9  330.0
climble 1994  3  5  64     1.8   16.0   11.6    1.5    0.0 -999.9 -999.9  330.0
climble 1994  3  6  65     1.5   11.2    9.2    1.3    0.0 -999.9 -999.9  330.0
climble 1994  3  7  66     5.1   12.4    4.7    1.6    1.0 -999.9 -999.9  330.0
climble 1994  3  8  67     9.2   17.3    9.9    1.9    1.0 -999.9 -999.9  330.0
climble 1994  3  9  68     6.3   17.9   14.1    1.9    0.0 -999.9 -999.9  330.0
climble 1994  3 10  69     6.4   13.4   13.7    2.1    0.0 -999.9 -999.9  330.0
climble 1994  3 11  70     1.0   13.5   11.6    1.0    0.0 -999.9 -999.9  330.0
climble 1994  3 12  71     4.6   11.3    7.6    2.2    0.0 -999.9 -999.9  330.0
climble 1994  3 13  72     6.8   12.5    4.5    2.1    0.0 -999.9 -999.9  330.0
climble 1994  3 14  73     4.7   14.1    5.5    2.2    0.5 -999.9 -999.9  330.0
climble 1994  3 15  74     8.5   12.0    4.2    1.7    0.5 -999.9 -999.9  330.0
climble 1994  3 16  75     3.2   11.2    7.8    2.0    0.5 -999.9 -999.9  330.0
climble 1994  3 17  76     3.4    9.8   10.3    2.2    0.0 -999.9 -999.9  330.0
climble 1994  3 18  77     3.5   12.0    4.9    1.5    1.0 -999.9 -999.9  330.0
climble 1994  3 19  78     8.1   10.6    4.5    1.2    0.5 -999.9 -999.9  330.0
climble 1994  3 20  79     4.8    9.8    4.5    0.8    1.0 -999.9 -999.9  330.0
climble 1994  3 21  80     8.2   11.6    4.7    1.1    0.5 -999.9 -999.9  330.0
climble 1994  3 22  81     0.0   13.3    9.3    1.5    0.5 -999.9 -999.9  330.0
climble 1994  3 23  82     8.1   13.0    4.7    1.2    7.0 -999.9 -999.9  330.0
climble 1994  3 24  83    11.2   14.0    4.7    1.2    0.0 -999.9 -999.9  330.0
climble 1994  3 25  84    10.9   14.3    6.1    2.3    0.5 -999.9 -999.9  330.0
climble 1994  3 26  85     4.2   11.2   18.6    2.4    0.0 -999.9 -999.9  330.0
climble 1994  3 27  86    -0.1   12.2   17.8    2.0    0.0 -999.9 -999.9  330.0
climble 1994  3 28  87     7.0   16.8    7.8    3.1    0.0 -999.9 -999.9  330.0
climble 1994  3 29  88    11.6   16.3    5.1    2.8    0.0 -999.9 -999.9  330.0
climble 1994  3 30  89     5.4   21.8   19.5    3.3    3.0 -999.9 -999.9  330.0
climble 1994  3 31  90     6.9   14.4   13.9    3.6    2.5 -999.9 -999.9  330.0
climble 1994  4  1  91     4.5   10.4   10.1    2.4    2.5 -999.9 -999.9  330.0
climble 1994  4  2  92     2.5    7.3    6.9    1.9    4.5 -999.9 -999.9  330.0
climble 1994  4  3  93     0.4   11.0   15.5    2.5    6.5 -999.9 -999.9  330.0
climble 1994  4  4  94     5.1   13.8    9.8    3.6    1.0 -999.9 -999.9  330.0
climble 1994  4  5  95     2.4   10.7   14.0    3.1    3.0 -999.9 -999.9  330.0
climble 1994  4  6  96     3.9   11.9   14.2    2.8    0.0 -999.9 -999.9  330.0
climble 1994  4  7  97     4.6    9.0    7.2    1.4    8.0 -999.9 -999.9  330.0
climble 1994  4  8  98     4.3   10.9    9.7    2.9    5.5 -999.9 -999.9  330.0
climble 1994  4  9  99     2.6    7.8   11.2    2.2    5.5 -999.9 -999.9  330.0
climble 1994  4 10 100     2.1    8.5    7.5    1.5    0.5 -999.9 -999.9  330.0
climble 1994  4 11 101     1.6   13.0   14.1    3.0    0.0 -999.9 -999.9  330.0
climble 1994  4 12 102     3.0   12.9   14.8    2.8    0.0 -999.9 -999.9  330.0
climble 1994  4 13 103     5.1   10.3    7.4    1.7    0.5 -999.9 -999.9  330.0
climble 1994  4 14 104     2.0    7.4   10.4    2.0    2.5 -999.9 -999.9  330.0
climble 1994  4 15 105    -0.6    9.2    7.3    1.6    0.5 -999.9 -999.9  330.0
climble 1994  4 16 106     1.3   11.8    9.0    2.4    0.0 -999.9 -999.9  330.0
climble 1994  4 17 107     5.9   11.1    7.9    3.7    0.0 -999.9 -999.9  330.0
climble 1994  4 18 108     3.3    8.8    8.5    3.4    0.0 -999.9 -999.9  330.0
climble 1994  4 19 109     1.1   12.6   15.0    2.9    0.0 -999.9 -999.9  330.0
climble 1994  4 20 110     5.5   13.5    7.4    2.4    0.0 -999.9 -999.9  330.0
climble 1994  4 21 111     7.1   14.2    8.1    2.7    0.0 -999.9 -999.9  330.0
climble 1994  4 22 112     4.0   20.1   23.3    3.8    0.0 -999.9 -999.9  330.0
climble 1994  4 23 113     9.6   19.3   14.3    4.2    0.5 -999.9 -999.9  330.0
climble 1994  4 24 114     9.6   16.7   11.1    3.2    0.5 -999.9 -999.9  330.0
climble 1994  4 25 115     6.3   15.3   19.9    4.3    0.5 -999.9 -999.9  330.0
climble 1994  4 26 116     9.5   15.9    7.3    1.9    1.5 -999.9 -999.9  330.0
climble 1994  4 27 117    12.3   17.4    6.7    2.3    0.0 -999.9 -999.9  330.0
climble 1994  4 28 118     8.4   23.0   20.5    3.3    0.0 -999.9 -999.9  330.0
climble 1994  4 29 119    10.1   25.9   26.4    4.1    0.0 -999.9 -999.9  330.0
climble 1994  4 30 120    11.9   26.7   23.0    4.9    0.0 -999.9 -999.9  330.0
climble 1994  5  1 121     7.5   17.8   27.3    4.6    0.0 -999.9 -999.9  330.0
climble 1994  5  2 122     4.1   19.7   25.0    4.0    0.0 -999.9 -999.9  330.0
climble 1994  5  3 123     6.7   25.8   22.4    5.5    0.0 -999.9 -999.9  330.0
climble 1994  5  4 124     8.7   16.9   12.2    4.1    0.0 -999.9 -999.9  330.0
climble 1994  5  5 125     4.7   13.1    7.7    2.0    1.5 -999.9 -999.9  330.0
climble 1994  5  6 126    11.3   16.9    6.7    2.5    0.0 -999.9 -999.9  330.0
climble 1994  5  7 127     9.2   23.2   22.2    4.3    5.5 -999.9 -999.9  330.0
climble 1994  5  8 128     8.7   16.6   14.9    4.2    0.0 -999.9 -999.9  330.0
climble 1994  5  9 129     5.3   17.7   19.0    3.5    0.5 -999.9 -999.9  330.0
climble 1994  5 10 130     5.9   20.4   21.9    3.9    0.0 -999.9 -999.9  330.0
climble 1994  5 11 131     7.2   22.5   22.2    5.0    1.0 -999.9 -999.9  330.0
climble 1994  5 12 132     9.9   18.9   17.1    4.7    0.0 -999.9 -999.9  330.0
climble 1994  5 13 133     8.6   24.0   24.5    5.5    0.5 -999.9 -999.9  330.0
climble 1994  5 14 134    13.8   17.8    9.7    2.3   10.5 -999.9 -999.9  330.0
climble 1994  5 15 135     8.9   22.3   21.8    4.0    9.5 -999.9 -999.9  330.0
climble 1994  5 16 136    11.4   21.0   15.6    3.9    7.0 -999.9 -999.9  330.0
climble 1994  5 17 137    10.7   19.1   14.8    4.6    0.0 -999.9 -999.9  330.0
climble 1994  5 18 138     8.6   15.9   15.2    2.9    0.0 -999.9 -999.9  330.0
climble 1994  5 19 139     8.7   15.8    9.3    3.3    0.0 -999.9 -999.9  330.0
climble 1994  5 20 140     9.9   17.7    9.9    2.2    6.5 -999.9 -999.9  330.0
climble 1994  5 21 141    10.9   18.2   14.3    4.6    1.0 -999.9 -999.9  330.0
climble 1994  5 22 142    11.0   20.3   16.6    5.5    0.0 -999.9 -999.9  330.0
climble 1994  5 23 143     9.9   19.9   23.2    4.6    0.5 -999.9 -999.9  330.0
climble 1994  5 24 144    10.8   19.9   11.5    3.0    8.0 -999.9 -999.9  330.0
climble 1994  5 25 145    10.9   18.3   11.8    3.5    4.5 -999.9 -999.9  330.0
climble 1994  5 26 146    10.9   17.8   14.1    3.5    4.0 -999.9 -999.9  330.0
climble 1994  5 27 147     8.2   14.5    8.6    3.1    0.0 -999.9 -999.9  330.0
climble 1994  5 28 148     8.9   16.4   18.9    4.4    0.0 -999.9 -999.9  330.0
climble 1994  5 29 149     6.1   15.7   15.2    3.9    0.0 -999.9 -999.9  330.0
climble 1994  5 30 150     5.6   17.2   28.8    4.9    0.0 -999.9 -999.9  330.0
climble 1994  5 31 151     5.2   23.2   30.6    4.9    0.0 -999.9 -999.9  330.0
climble 1994  6  1 152    10.2   29.7   23.5    5.5   10.0 -999.9 -999.9  330.0
climble 1994  6  2 153    13.8   18.3   10.6    2.4    6.0 -999.9 -999.9  330.0
climble 1994  6  3 154    11.8   18.8   17.4    5.7    0.0 -999.9 -999.9  330.0
climble 1994  6  4 155     9.1   14.0    7.7    1.9    9.5 -999.9 -999.9  330.0
climble 1994  6  5 156     7.3   17.1   23.3    4.7    1.5 -999.9 -999.9  330.0
climble 1994  6  6 157     9.6   17.1    7.5    1.1    1.0 -999.9 -999.9  330.0
climble 1994  6  7 158    11.9   24.7   23.2    5.0    0.0 -999.9 -999.9  330.0
climble 1994  6  8 159    11.1   17.3    8.0    2.9    0.0 -999.9 -999.9  330.0
climble 1994  6  9 160     6.9   18.3   22.2    4.4    0.0 -999.9 -999.9  330.0
climble 1994  6 10 161    10.0   16.2   10.3    3.8    0.0 -999.9 -999.9  330.0
climble 1994  6 11 162     5.7   15.6   16.9    3.3    1.0 -999.9 -999.9  330.0
climble 1994  6 12 163     7.4   19.9   26.5    5.4    0.0 -999.9 -999.9  330.0
climble 1994  6 13 164    10.2   21.5   28.8    5.2    0.0 -999.9 -999.9  330.0
climble 1994  6 14 165    10.3   23.8   27.1    5.4    0.0 -999.9 -999.9  330.0
climble 1994  6 15 166     9.8   23.5   30.6    5.2    0.0 -999.9 -999.9  330.0
climble 1994  6 16 167     8.7   24.1   30.3    5.5    0.0 -999.9 -999.9  330.0
climble 1994  6 17 168     9.9   25.5   29.4    5.0    0.0 -999.9 -999.9  330.0
climble 1994  6 18 169    12.1   28.3   30.9    6.0    0.0 -999.9 -999.9  330.0
climble 1994  6 19 170    12.9   26.5   29.9    5.9    0.0 -999.9 -999.9  330.0
climble 1994  6 20 171    13.2   21.4   16.7    4.7    0.0 -999.9 -999.9  330.0
climble 1994  6 21 172    10.4   24.3   19.5    5.2    0.0 -999.9 -999.9  330.0
climble 1994  6 22 173    16.4   21.3    7.6    3.1    0.0 -999.9 -999.9  330.0
climble 1994  6 23 174    13.9   26.1   31.9    5.5    0.0 -999.9 -999.9  330.0
climble 1994  6 24 175    14.3   32.5   31.0    6.7    5.5 -999.9 -999.9  330.0
climble 1994  6 25 176    15.4   20.3    7.6    1.7   13.0 -999.9 -999.9  330.0
climble 1994  6 26 177    12.8   22.2   19.1    5.1    0.0 -999.9 -999.9  330.0
climble 1994  6 27 178     9.7   25.2   31.5    4.9    0.0 -999.9 -999.9  330.0
climble 1994  6 28 179    12.6   30.1   29.0    5.3    0.0 -999.9 -999.9  330.0
climble 1994  6 29 180    16.0   23.5   22.5    5.2    0.0 -999.9 -999.9  330.0
climble 1994  6 30 181     8.4   25.2   31.3    5.1    1.0 -999.9 -999.9  330.0
climble 1994  7  1 182    12.8   31.5   25.4    5.8    0.0 -999.9 -999.9  330.0
climble 1994  7  2 183    18.2   24.9   17.6    5.0    0.0 -999.9 -999.9  330.0
climble 1994  7  3 184    16.6   30.4   25.6    5.7    0.0 -999.9 -999.9  330.0
climble 1994  7  4 185    20.1   27.1   19.5    5.7    0.0 -999.9 -999.9  330.0
climble 1994  7  5 186    10.9   21.1   12.9    4.5    0.0 -999.9 -999.9  330.0
climble 1994  7  6 187    13.2   22.2    9.6    3.9    0.0 -999.9 -999.9  330.0
climble 1994  7  7 188    12.2   22.4   12.8    4.7    2.5 -999.9 -999.9  330.0
climble 1994  7  8 189    14.0   21.5   14.8    5.0    0.0 -999.9 -999.9  330.0
climble 1994  7  9 190    13.1   22.1   16.0    3.5    0.0 -999.9 -999.9  330.0
climble 1994  7 10 191    11.2   27.3   30.1    5.0    0.0 -999.9 -999.9  330.0
climble 1994  7 11 192    13.6   30.4   30.8    5.6    0.0 -999.9 -999.9  330.0
climble 1994  7 12 193    13.7   34.3   30.6    5.6    0.0 -999.9 -999.9  330.0
climble 1994  7 13 194    15.5   30.2   24.2    5.5    0.0 -999.9 -999.9  330.0
climble 1994  7 14 195    16.9   26.4   17.0    4.9    0.0 -999.9 -999.9  330.0
climble 1994  7 15 196    12.5   27.1   26.3    5.4    0.0 -999.9 -999.9  330.0
climble 1994  7 16 197    14.2   29.4   27.1    5.5    0.0 -999.9 -999.9  330.0
climble 1994  7 17 198    18.7   26.5    9.2    3.6   16.0 -999.9 -999.9  330.0
climble 1994  7 18 199    18.3   26.4   10.8    3.5    1.0 -999.9 -999.9  330.0
climble 1994  7 19 200    16.0   20.0    7.3    1.3    6.0 -999.9 -999.9  330.0
climble 1994  7 20 201    13.4   27.3   20.9    5.0    5.5 -999.9 -999.9  330.0
climble 1994  7 21 202    13.4   28.8   24.6    4.9    0.0 -999.9 -999.9  330.0
climble 1994  7 22 203    15.1   29.8   22.7    5.2    0.0 -999.9 -999.9  330.0
climble 1994  7 23 204    18.3   31.0   19.3    6.0    0.0 -999.9 -999.9  330.0
climble 1994  7 24 205    17.4   33.4   18.8    4.1    1.0 -999.9 -999.9  330.0
climble 1994  7 25 206    16.6   29.8   18.9    4.5    0.0 -999.9 -999.9  330.0
climble 1994  7 26 207    16.1   29.9   17.1    4.8    0.0 -999.9 -999.9  330.0
climble 1994  7 27 208    16.6   32.7   26.2    5.3    0.5 -999.9 -999.9  330.0
climble 1994  7 28 209    15.5   25.2   14.6    3.7    0.5 -999.9 -999.9  330.0
climble 1994  7 29 210    15.4   27.2   15.7    4.4    0.0 -999.9 -999.9  330.0
climble 1994  7 30 211    19.2   31.1   19.6    5.0    0.5 -999.9 -999.9  330.0
climble 1994  7 31 212    16.7   26.9   19.4    4.4    0.0 -999.9 -999.9  330.0
climble 1994  8  1 213    16.5   24.9   18.8    4.7    0.0 -999.9 -999.9  330.0
climble 1994  8  2 214    12.5   27.9   25.4    4.7    0.0 -999.9 -999.9  330.0
climble 1994  8  3 215    15.6   32.5   28.3    5.4    0.0 -999.9 -999.9  330.0
climble 1994  8  4 216    19.0   32.8   24.1    5.3    0.0 -999.9 -999.9  330.0
climble 1994  8  5 217    18.1   27.3   14.9    3.5   13.5 -999.9 -999.9  330.0
climble 1994  8  6 218    15.5   27.2   20.4    5.0    0.0 -999.9 -999.9  330.0
climble 1994  8  7 219    16.8   27.3   16.3    4.4   18.0 -999.9 -999.9  330.0
climble 1994  8  8 220    16.8   26.1   18.3    4.7    0.0 -999.9 -999.9  330.0
climble 1994  8  9 221    14.7   27.6   20.7    4.7   13.5 -999.9 -999.9  330.0
climble 1994  8 10 222    16.6   24.5   16.4    4.0    3.0 -999.9 -999.9  330.0
climble 1994  8 11 223    14.5   22.3   12.5    3.1    3.5 -999.9 -999.9  330.0
climble 1994  8 12 224    14.5   20.0    6.5    1.6    0.0 -999.9 -999.9  330.0
climble 1994  8 13 225    13.1   23.1   14.9    3.9    0.5 -999.9 -999.9  330.0
climble 1994  8 14 226    10.7   22.6   21.4    3.7    0.0 -999.9 -999.9  330.0
climble 1994  8 15 227     8.6   24.1   24.5    3.8    0.0 -999.9 -999.9  330.0
climble 1994  8 16 228    10.0   25.4   24.1    3.5    0.0 -999.9 -999.9  330.0
climble 1994  8 17 229    13.2   16.2    6.6    1.4    5.0 -999.9 -999.9  330.0
climble 1994  8 18 230    10.2   20.9   20.0    3.5    0.5 -999.9 -999.9  330.0
climble 1994  8 19 231    15.7   22.6    7.8    2.8    0.5 -999.9 -999.9  330.0
climble 1994  8 20 232    11.3   23.0   23.5    3.7    0.0 -999.9 -999.9  330.0
climble 1994  8 21 233    11.8   23.2   14.2    2.8    0.0 -999.9 -999.9  330.0
climble 1994  8 22 234    14.4   26.8   10.7    1.7    0.0 -999.9 -999.9  330.0
climble 1994  8 23 235    14.2   25.9   13.1    3.5    1.5 -999.9 -999.9  330.0
climble 1994  8 24 236     9.7   21.7    9.5    2.9    0.5 -999.9 -999.9  330.0
climble 1994  8 25 237    12.2   22.3   11.5    2.8    0.0 -999.9 -999.9  330.0
climble 1994  8 26 238    15.3   22.2   10.6    2.3    0.0 -999.9 -999.9  330.0
climble 1994  8 27 239    13.2   22.3    6.1    1.8    1.0 -999.9 -999.9  330.0
climble 1994  8 28 240    11.5   20.1   15.5    3.1    0.0 -999.9 -999.9  330.0
climble 1994  8 29 241     7.3   21.1   22.7    2.9    0.0 -999.9 -999.9  330.0
climble 1994  8 30 242    11.5   22.7   19.6    3.0    0.0 -999.9 -999.9  330.0
climble 1994  8 31 243    10.6   20.0    9.7    1.5    6.5 -999.9 -999.9  330.0
climble 1994  9  1 244    14.3   21.2    8.6    2.8    0.0 -999.9 -999.9  330.0
climble 1994  9  2 245    11.9   20.3   16.5    2.7    0.0 -999.9 -999.9  330.0
climble 1994  9  3 246     4.7   22.1   15.0    2.0    0.0 -999.9 -999.9  330.0
climble 1994  9  4 247    13.8   22.9   12.1    2.6    0.0 -999.9 -999.9  330.0
climble 1994  9  5 248    14.8   21.9   12.9    3.5    0.0 -999.9 -999.9  330.0
climble 1994  9  6 249     9.2   14.7    5.3    0.4   18.5 -999.9 -999.9  330.0
climble 1994  9  7 250    13.3   20.0    7.4    1.7    0.0 -999.9 -999.9  330.0
climble 1994  9  8 251    11.2   19.0   11.2    2.7    1.0 -999.9 -999.9  330.0
climble 1994  9  9 252    10.6   18.6   13.6    3.1    8.0 -999.9 -999.9  330.0
climble 1994  9 10 253    11.1   19.0   13.0    3.0    0.5 -999.9 -999.9  330.0
climble 1994  9 11 254    11.0   19.6   10.2    2.5    3.5 -999.9 -999.9  330.0
climble 1994  9 12 255    15.7   20.5   12.5    3.1    0.5 -999.9 -999.9  330.0
climble 1994  9 13 256     9.5   19.8   16.2    2.7    0.0 -999.9 -999.9  330.0
climble 1994  9 14 257    11.2   18.6    8.3    2.5    2.5 -999.9 -999.9  330.0
climble 1994  9 15 258     8.2   14.3    6.8    1.3    3.0 -999.9 -999.9  330.0
climble 1994  9 16 259     6.5   15.0    8.6    1.7    0.0 -999.9 -999.9  330.0
climble 1994  9 17 260     6.5   13.6    7.7    1.7    0.0 -999.9 -999.9  330.0
climble 1994  9 18 261     8.2   13.7   10.3    1.7    0.0 -999.9 -999.9  330.0
climble 1994  9 19 262     3.3   13.4    4.7    0.9    9.5 -999.9 -999.9  330.0
climble 1994  9 20 263    10.3   17.3    5.5    1.3    6.0 -999.9 -999.9  330.0
climble 1994  9 21 264     5.3   16.5    6.6    1.5    0.0 -999.9 -999.9  330.0
climble 1994  9 22 265     9.3   16.2    5.4    1.6    0.5 -999.9 -999.9  330.0
climble 1994  9 23 266    12.1   20.6    9.1    1.7    0.5 -999.9 -999.9  330.0
climble 1994  9 24 267    15.0   22.7   14.1    3.0    0.0 -999.9 -999.9  330.0
climble 1994  9 25 268    11.2   22.5   12.1    2.4    1.5 -999.9 -999.9  330.0
climble 1994  9 26 269    13.5   19.4    5.9    1.6    8.5 -999.9 -999.9  330.0
climble 1994  9 27 270     9.9   18.6    6.7    1.2    0.0 -999.9 -999.9  330.0
climble 1994  9 28 271     7.6   19.1   10.6    1.7    0.0 -999.9 -999.9  330.0
climble 1994  9 29 272     8.4   21.8   10.4    2.0    0.5 -999.9 -999.9  330.0
climble 1994  9 30 273     7.2   20.1   15.7    1.3    0.0 -999.9 -999.9  330.0
climble 1994 10  1 274     8.2   19.2   10.8    1.6    0.0 -999.9 -999.9  330.0
climble 1994 10  2 275     9.3   16.3    5.0    1.1    3.0 -999.9 -999.9  330.0
climble 1994 10  3 276    11.4   15.6    4.4    1.2    1.0 -999.9 -999.9  330.0
climble 1994 10  4 277     5.7   12.3    9.3    1.5    0.0 -999.9 -999.9  330.0
climble 1994 10  5 278    -0.3   14.1   13.6    1.1    0.0 -999.9 -999.9  330.0
climble 1994 10  6 279     3.0   13.9   14.2    1.0    0.0 -999.9 -999.9  330.0
climble 1994 10  7 280     2.8   14.6   11.6    1.3    0.0 -999.9 -999.9  330.0
climble 1994 10  8 281     1.3   15.8   13.7    1.0    0.0 -999.9 -999.9  330.0
climble 1994 10  9 282     1.7   17.9   15.6    1.3    0.5 -999.9 -999.9  330.0
climble 1994 10 10 283     3.3   19.9   14.3    1.1    0.0 -999.9 -999.9  330.0
climble 1994 10 11 284    10.0   22.5   10.1    1.5    0.0 -999.9 -999.9  330.0
climble 1994 10 12 285     8.7   21.0    6.7    1.2    0.0 -999.9 -999.9  330.0
climble 1994 10 13 286     5.8   18.6   13.8    1.1    0.0 -999.9 -999.9  330.0
climble 1994 10 14 287     6.4   23.4   13.6    1.0    0.0 -999.9 -999.9  330.0
climble 1994 10 15 288    10.3   23.6   13.6    1.0    0.5 -999.9 -999.9  330.0
climble 1994 10 16 289     7.8   13.9    3.4    0.7    0.0 -999.9 -999.9  330.0
climble 1994 10 17 290     4.3   12.1    9.4    1.4    0.0 -999.9 -999.9  330.0
climble 1994 10 18 291     1.8   12.4    8.4    0.8    0.0 -999.9 -999.9  330.0
climble 1994 10 19 292     7.0   18.2    6.1    1.1    4.5 -999.9 -999.9  330.0
climble 1994 10 20 293     9.6   14.3    3.1    0.7    0.5 -999.9 -999.9  330.0
climble 1994 10 21 294     8.4   15.3    5.4    1.1    2.5 -999.9 -999.9  330.0
climble 1994 10 22 295    11.5   16.6    3.2    0.4    2.0 -999.9 -999.9  330.0
climble 1994 10 23 296    11.2   14.1    5.9    1.4    2.0 -999.9 -999.9  330.0
climble 1994 10 24 297     9.4   13.6    6.9    1.1    0.5 -999.9 -999.9  330.0
climble 1994 10 25 298     8.4   14.1    5.5    1.3    5.5 -999.9 -999.9  330.0
climble 1994 10 26 299     6.6   12.8    5.9    1.2    0.0 -999.9 -999.9  330.0
climble 1994 10 27 300     6.2   11.5    3.0    0.7    8.0 -999.9 -999.9  330.0
climble 1994 10 28 301     2.8   13.3    9.0    0.4    7.5 -999.9 -999.9  330.0
climble 1994 10 29 302     5.9   14.2    2.7    0.5    3.5 -999.9 -999.9  330.0
climble 1994 10 30 303    11.6   15.2    2.7    0.4    1.0 -999.9 -999.9  330.0
climble 1994 10 31 304    12.9   16.7    2.8    1.8    1.0 -999.9 -999.9  330.0
climble 1994 11  1 305     8.1   15.2    9.5    0.7    0.0 -999.9 -999.9  330.0
climble 1994 11  2 306     4.0   13.9    6.6    0.5    0.0 -999.9 -999.9  330.0
climble 1994 11  3 307     8.6   18.5    9.9    0.5    0.0 -999.9 -999.9  330.0
climble 1994 11  4 308    13.4   18.0    2.6    1.6   11.0 -999.9 -999.9  330.0
climble 1994 11  5 309    13.0   16.9    2.4    1.3    7.0 -999.9 -999.9  330.0
climble 1994 11  6 310     7.1   12.4    7.3    0.4    0.0 -999.9 -999.9  330.0
climble 1994 11  7 311     4.9   13.0    7.2    0.2    0.0 -999.9 -999.9  330.0
climble 1994 11  8 312     8.8   13.7    3.1    0.6    0.0 -999.9 -999.9  330.0
climble 1994 11  9 313     8.1   12.5    2.3    0.4    0.5 -999.9 -999.9  330.0
climble 1994 11 10 314     9.6   13.2    2.8    0.6    0.0 -999.9 -999.9  330.0
climble 1994 11 11 315     8.2   13.1    2.8    0.4    0.0 -999.9 -999.9  330.0
climble 1994 11 12 316     6.9   11.7    2.2    0.3    1.0 -999.9 -999.9  330.0
climble 1994 11 13 317     9.2   13.1    4.1    0.5    0.0 -999.9 -999.9  330.0
climble 1994 11 14 318    12.0   14.7    2.1    0.8    3.0 -999.9 -999.9  330.0
climble 1994 11 15 319    10.9   15.7    5.8    1.0    1.0 -999.9 -999.9  330.0
climble 1994 11 16 320     7.9   10.9    2.0    0.6    0.0 -999.9 -999.9  330.0
climble 1994 11 17 321     6.4   12.7    2.8    0.5    0.5 -999.9 -999.9  330.0
climble 1994 11 18 322     7.9   13.7    2.0    0.0   11.0 -999.9 -999.9  330.0
climble 1994 11 19 323    11.8   14.2    2.0    0.1    0.0 -999.9 -999.9  330.0
climble 1994 11 20 324    12.3   15.8    4.7    0.5    0.0 -999.9 -999.9  330.0
climble 1994 11 21 325    10.7   14.9    1.9    0.2    0.0 -999.9 -999.9  330.0
climble 1994 11 22 326    11.7   13.4    1.9    0.2    0.0 -999.9 -999.9  330.0
climble 1994 11 23 327     8.1   14.4    2.8    0.3    0.0 -999.9 -999.9  330.0
climble 1994 11 24 328     5.6   11.3    1.8    0.0    0.0 -999.9 -999.9  330.0
climble 1994 11 25 329     9.6   12.6    1.8    0.2    0.0 -999.9 -999.9  330.0
climble 1994 11 26 330    10.2   11.9    1.8    0.0    0.0 -999.9 -999.9  330.0
climble 1994 11 27 331    10.1   11.9    1.7    0.1    0.0 -999.9 -999.9  330.0
climble 1994 11 28 332     5.3    9.7    1.7    0.5    0.0 -999.9 -999.9  330.0
climble 1994 11 29 333     6.3    8.3    1.7    0.6    0.0 -999.9 -999.9  330.0
climble 1994 11 30 334     2.0   10.2    3.2    0.1    0.0 -999.9 -999.9  330.0
climble 1994 12  1 335     1.9    5.3    1.8    0.3    0.0 -999.9 -999.9  330.0
climble 1994 12  2 336    -0.7   10.5    4.9    0.0    0.0 -999.9 -999.9  330.0
climble 1994 12  3 337     7.2   13.5    2.9    0.3    0.0 -999.9 -999.9  330.0
climble 1994 12  4 338     9.1   14.3    1.7    0.3    0.0 -999.9 -999.9  330.0
climble 1994 12  5 339     7.9   12.0    5.2    0.0    0.0 -999.9 -999.9  330.0
climble 1994 12  6 340     4.8   10.2    5.4    0.0    0.5 -999.9 -999.9  330.0
climble 1994 12  7 341     6.1   10.3    2.0    0.7    3.5 -999.9 -999.9  330.0
climble 1994 12  8 342     6.5   12.0    1.6    0.7    7.5 -999.9 -999.9  330.0
climble 1994 12  9 343     5.4    9.4    1.6    0.0    6.5 -999.9 -999.9  330.0
climble 1994 12 10 344     6.1   13.7    1.5    0.3    0.0 -999.9 -999.9  330.0
climble 1994 12 11 345    11.5   14.1    1.5    0.7    0.0 -999.9 -999.9  330.0
climble 1994 12 12 346    11.3   14.1    2.8    0.7    0.0 -999.9 -999.9  330.0
climble 1994 12 13 347     4.5   12.3    4.5    0.0    2.5 -999.9 -999.9  330.0
climble 1994 12 14 348     2.8    8.1    4.3    0.0    0.0 -999.9 -999.9  330.0
climble 1994 12 15 349    -1.8    7.3    4.8    0.0    0.0 -999.9 -999.9  330.0
climble 1994 12 16 350     0.4    9.0    1.5    0.0    1.0 -999.9 -999.9  330.0
climble 1994 12 17 351     6.6    9.3    1.5    0.2    0.0 -999.9 -999.9  330.0
climble 1994 12 18 352     4.2    7.9    1.5    0.1    0.5 -999.9 -999.9  330.0
climble 1994 12 19 353     2.6    8.3    5.2    0.0    0.5 -999.9 -999.9  330.0
climble 1994 12 20 354     1.2    7.1    4.7    0.0    1.0 -999.9 -999.9  330.0
climble 1994 12 21 355    -2.0    5.2    1.7    0.2    2.5 -999.9 -999.9  330.0
climble 1994 12 22 356     1.0    2.9    1.7    0.2    0.0 -999.9 -999.9  330.0
climble 1994 12 23 357    -1.1    0.8    2.0    0.2    0.0 -999.9 -999.9  330.0
climble 1994 12 24 358    -3.4   -2.1    1.5    0.1    0.0 -999.9 -999.9  330.0
climble 1994 12 25 359    -5.1    0.1    1.6    0.4    0.0 -999.9 -999.9  330.0
climble 1994 12 26 360    -3.9   10.7    1.5    0.0    1.0 -999.9 -999.9  330.0
climble 1994 12 27 361     4.2   12.9    1.5    0.0    6.0 -999.9 -999.9  330.0
climble 1994 12 28 362    11.6   13.4    1.5    0.8    0.0 -999.9 -999.9  330.0
climble 1994 12 29 363     9.1   11.1    1.5    1.3    2.0 -999.9 -999.9  330.0
climble 1994 12 30 364     6.1    9.1    4.6    0.9    0.5 -999.9 -999.9  330.0
climble 1994 12 31 365     3.3    8.8    2.5    0.8    0.0 -999.9 -999.9  330.0
