climsnu 1998  8  1 213     8.5   22.6    8.9    2.5    0.1 -999.9 -999.9  330.0
climsnu 1998  8  2 214    11.4   22.3   11.0    2.5    1.2 -999.9 -999.9  330.0
climsnu 1998  8  3 215     8.2   25.7   19.0    3.7    0.0 -999.9 -999.9  330.0
climsnu 1998  8  4 216    11.6   23.9   10.2    3.3    2.1 -999.9 -999.9  330.0
climsnu 1998  8  5 217     8.3   26.7   24.1    3.7    0.0 -999.9 -999.9  330.0
climsnu 1998  8  6 218     9.9   29.3   24.0    4.7    0.0 -999.9 -999.9  330.0
climsnu 1998  8  7 219     9.2   31.5   32.8    2.8    0.0 -999.9 -999.9  330.0
climsnu 1998  8  8 220    11.9   35.4   32.4    2.3    0.0 -999.9 -999.9  330.0
climsnu 1998  8  9 221    15.1   34.7   31.1    3.2    0.0 -999.9 -999.9  330.0
climsnu 1998  8 10 222    17.1   36.7   29.4    2.7    0.0 -999.9 -999.9  330.0
climsnu 1998  8 11 223    13.9   37.0   27.3    2.7    0.0 -999.9 -999.9  330.0
climsnu 1998  8 12 224    15.7   27.8   15.8    2.8    0.0 -999.9 -999.9  330.0
climsnu 1998  8 13 225    11.8   22.6   15.9    4.0    0.0 -999.9 -999.9  330.0
climsnu 1998  8 14 226     9.1   25.8   19.5    3.9    0.0 -999.9 -999.9  330.0
climsnu 1998  8 15 227    11.5   29.5   18.8    4.3    0.0 -999.9 -999.9  330.0
climsnu 1998  8 16 228    12.6   27.2   18.1    4.7    0.0 -999.9 -999.9  330.0
climsnu 1998  8 17 229     8.4   28.9   19.4    4.5    0.0 -999.9 -999.9  330.0
climsnu 1998  8 18 230    10.3   25.5   11.5    3.8    0.0 -999.9 -999.9  330.0
climsnu 1998  8 19 231    12.7   24.5   17.3    4.2    0.0 -999.9 -999.9  330.0
climsnu 1998  8 20 232     8.0   26.2   16.6    3.5    0.0 -999.9 -999.9  330.0
climsnu 1998  8 21 233    13.4   19.9    3.7    1.5    0.7 -999.9 -999.9  330.0
climsnu 1998  8 22 234    12.8   17.0    4.2    1.4    0.6 -999.9 -999.9  330.0
climsnu 1998  8 23 235     9.4   19.9   11.4    2.2    0.0 -999.9 -999.9  330.0
climsnu 1998  8 24 236    13.8   20.3   10.5    2.8    1.2 -999.9 -999.9  330.0
climsnu 1998  8 25 237     6.5   21.3   14.3    2.7    0.0 -999.9 -999.9  330.0
climsnu 1998  8 26 238     8.2   21.7   11.9    3.0    0.0 -999.9 -999.9  330.0
climsnu 1998  8 27 239     8.3   16.1    9.2    2.5    0.0 -999.9 -999.9  330.0
climsnu 1998  8 28 240     5.7   17.9   12.7    2.7    0.0 -999.9 -999.9  330.0
climsnu 1998  8 29 241    10.5   18.9   11.6    2.5    0.0 -999.9 -999.9  330.0
climsnu 1998  8 30 242    11.9   19.9    8.1    1.7    0.0 -999.9 -999.9  330.0
climsnu 1998  8 31 243     7.9   22.5   15.4    2.8    0.0 -999.9 -999.9  330.0
climsnu 1998  9  1 244    15.2   26.4   12.8    3.1    0.2 -999.9 -999.9  330.0
climsnu 1998  9  2 245    16.4   22.6    5.6    1.6   13.8 -999.9 -999.9  330.0
climsnu 1998  9  3 246     9.7   19.6    4.4    1.2    8.0 -999.9 -999.9  330.0
climsnu 1998  9  4 247    10.0   19.7    8.1    1.4    3.4 -999.9 -999.9  330.0
climsnu 1998  9  5 248    12.6   19.4   11.4    2.3    2.4 -999.9 -999.9  330.0
climsnu 1998  9  6 249    13.6   21.7   15.5    2.7    0.4 -999.9 -999.9  330.0
climsnu 1998  9  7 250    11.8   19.0    5.4    1.2    3.8 -999.9 -999.9  330.0
climsnu 1998  9  8 251    13.6   19.2    8.4    1.5    0.8 -999.9 -999.9  330.0
climsnu 1998  9  9 252    14.8   22.1    8.1    2.8    1.4 -999.9 -999.9  330.0
climsnu 1998  9 10 253    13.4   23.0   14.2    3.4    0.2 -999.9 -999.9  330.0
climsnu 1998  9 11 254    10.7   18.6    9.6    1.8   15.8 -999.9 -999.9  330.0
climsnu 1998  9 12 255     6.0   15.7   11.3    2.3    5.0 -999.9 -999.9  330.0
climsnu 1998  9 13 256     7.6   13.1    6.4    1.1    3.6 -999.9 -999.9  330.0
climsnu 1998  9 14 257     8.8   16.4   10.9    2.1    0.2 -999.9 -999.9  330.0
climsnu 1998  9 15 258    11.1   16.1   11.7    2.5    1.4 -999.9 -999.9  330.0
climsnu 1998  9 16 259    12.0   16.9    9.2    2.6    1.4 -999.9 -999.9  330.0
climsnu 1998  9 17 260     9.2   16.8   14.3    2.7    0.0 -999.9 -999.9  330.0
climsnu 1998  9 18 261     8.0   19.7   20.8    2.4    0.0 -999.9 -999.9  330.0
climsnu 1998  9 19 262     5.9   21.4   19.0    2.3    0.0 -999.9 -999.9  330.0
climsnu 1998  9 20 263     8.2   22.0   18.5    2.7    0.0 -999.9 -999.9  330.0
climsnu 1998  9 21 264    10.0   21.5   18.5    3.3    0.0 -999.9 -999.9  330.0
climsnu 1998  9 22 265     9.3   20.0   19.0    3.1    0.0 -999.9 -999.9  330.0
climsnu 1998  9 23 266     7.9   23.1   19.8    2.7    0.0 -999.9 -999.9  330.0
climsnu 1998  9 24 267     7.8   23.2   17.0    2.7    0.0 -999.9 -999.9  330.0
climsnu 1998  9 25 268    12.3   24.8   18.3    3.3    0.0 -999.9 -999.9  330.0
climsnu 1998  9 26 269    12.5   21.3    6.8    1.6    7.4 -999.9 -999.9  330.0
climsnu 1998  9 27 270    11.8   18.1    9.8    1.9    9.0 -999.9 -999.9  330.0
climsnu 1998  9 28 271    12.6   18.5    9.3    1.5    2.8 -999.9 -999.9  330.0
climsnu 1998  9 29 272    13.1   19.5    9.6    1.5    0.4 -999.9 -999.9  330.0
climsnu 1998  9 30 273    10.5   19.7   15.3    2.4    6.8 -999.9 -999.9  330.0
climsnu 1998 10  1 274     8.5   18.4   17.5    2.1    0.0 -999.9 -999.9  330.0
climsnu 1998 10  2 275     7.0   14.2    6.6    1.1    0.0 -999.9 -999.9  330.0
climsnu 1998 10  3 276     5.2    9.2    4.4    0.9    0.0 -999.9 -999.9  330.0
climsnu 1998 10  4 277     5.9   10.9    4.1    0.8    0.6 -999.9 -999.9  330.0
climsnu 1998 10  5 278     3.9   13.3   11.3    1.0    0.0 -999.9 -999.9  330.0
climsnu 1998 10  6 279     2.5   12.3    4.2    0.9    0.4 -999.9 -999.9  330.0
climsnu 1998 10  7 280     6.7   10.9    4.9    0.9    0.4 -999.9 -999.9  330.0
climsnu 1998 10  8 281     7.1   10.5    2.0    0.8   11.8 -999.9 -999.9  330.0
climsnu 1998 10  9 282     5.0   11.1    3.9    0.7    0.0 -999.9 -999.9  330.0
climsnu 1998 10 10 283     9.1   14.4    2.2    1.1    6.4 -999.9 -999.9  330.0
climsnu 1998 10 11 284     9.2   13.5    2.5    1.0    6.0 -999.9 -999.9  330.0
climsnu 1998 10 12 285     7.2   14.8   10.6    1.6    0.2 -999.9 -999.9  330.0
climsnu 1998 10 13 286     5.8   14.6    7.6    1.2    2.2 -999.9 -999.9  330.0
climsnu 1998 10 14 287    12.3   18.3    6.1    1.5    2.2 -999.9 -999.9  330.0
climsnu 1998 10 15 288     8.6   17.2   12.3    1.3    0.0 -999.9 -999.9  330.0
climsnu 1998 10 16 289     8.2   17.7    5.5    0.9    0.6 -999.9 -999.9  330.0
climsnu 1998 10 17 290     8.6   17.4    3.8    1.3    5.2 -999.9 -999.9  330.0
climsnu 1998 10 18 291     1.6   12.0    7.5    0.8    0.2 -999.9 -999.9  330.0
climsnu 1998 10 19 292     1.0   14.0   12.3    0.7    0.2 -999.9 -999.9  330.0
climsnu 1998 10 20 293     4.9   13.1    7.1    0.9    0.0 -999.9 -999.9  330.0
climsnu 1998 10 21 294     6.0   15.4    7.4    1.4    0.0 -999.9 -999.9  330.0
climsnu 1998 10 22 295    11.9   16.6    3.5    1.5    0.8 -999.9 -999.9  330.0
climsnu 1998 10 23 296    11.5   18.0    4.3    1.6    4.4 -999.9 -999.9  330.0
climsnu 1998 10 24 297     9.5   14.9    3.8    1.3   30.8 -999.9 -999.9  330.0
climsnu 1998 10 25 298     7.6   14.8    9.6    1.8    3.0 -999.9 -999.9  330.0
climsnu 1998 10 26 299     5.7   11.9    5.4    0.8    0.2 -999.9 -999.9  330.0
climsnu 1998 10 27 300     6.4   15.0    7.2    2.1    1.0 -999.9 -999.9  330.0
climsnu 1998 10 28 301    10.5   17.8    1.4    0.3   15.4 -999.9 -999.9  330.0
climsnu 1998 10 29 302     6.1   12.4    6.2    0.7    9.6 -999.9 -999.9  330.0
climsnu 1998 10 30 303     3.4   11.0    3.0    0.3    7.0 -999.9 -999.9  330.0
climsnu 1998 10 31 304     4.1   12.1    2.0    0.3   17.4 -999.9 -999.9  330.0
climsnu 1998 11  1 305     1.7   13.9    5.4    0.5    3.6 -999.9 -999.9  330.0
climsnu 1998 11  2 306     2.6   11.9    5.9    0.3    1.4 -999.9 -999.9  330.0
climsnu 1998 11  3 307     6.5   12.6    5.7    0.7    0.2 -999.9 -999.9  330.0
climsnu 1998 11  4 308     1.2    9.1    1.9    0.3    0.2 -999.9 -999.9  330.0
climsnu 1998 11  5 309     0.7    9.9   10.7    1.6    0.0 -999.9 -999.9  330.0
climsnu 1998 11  6 310     1.7   12.0    4.7    0.7    3.0 -999.9 -999.9  330.0
climsnu 1998 11  7 311     1.1    7.4    2.4    0.3    0.2 -999.9 -999.9  330.0
climsnu 1998 11  8 312     1.2   13.9    3.6    0.6    1.2 -999.9 -999.9  330.0
climsnu 1998 11  9 313    11.4   15.9    1.9    1.1    2.6 -999.9 -999.9  330.0
climsnu 1998 11 10 314     4.0   13.1    4.5    0.6    0.6 -999.9 -999.9  330.0
climsnu 1998 11 11 315     0.9   10.7    9.3    0.0    0.2 -999.9 -999.9  330.0
climsnu 1998 11 12 316     0.3    8.0    3.2    0.3    1.8 -999.9 -999.9  330.0
climsnu 1998 11 13 317     4.5    8.5    3.3    0.5    0.0 -999.9 -999.9  330.0
climsnu 1998 11 14 318     4.5    8.9    6.4    0.4    7.6 -999.9 -999.9  330.0
climsnu 1998 11 15 319     4.6    9.0    3.9    0.6    0.4 -999.9 -999.9  330.0
climsnu 1998 11 16 320    -1.5    7.0    2.2    0.3    0.0 -999.9 -999.9  330.0
climsnu 1998 11 17 321    -4.1    6.3    6.3    0.0    0.2 -999.9 -999.9  330.0
climsnu 1998 11 18 322    -5.5    4.5    6.3    0.0    0.2 -999.9 -999.9  330.0
climsnu 1998 11 19 323    -3.3    3.9    2.2    0.0    2.4 -999.9 -999.9  330.0
climsnu 1998 11 20 324    -5.6    1.7    7.6    0.0    0.0 -999.9 -999.9  330.0
climsnu 1998 11 21 325    -7.2    1.9    8.5    0.0    0.0 -999.9 -999.9  330.0
climsnu 1998 11 22 326    -8.8   -1.2    7.7    0.0    0.0 -999.9 -999.9  330.0
climsnu 1998 11 23 327   -10.0   -0.2    7.4    0.0    0.0 -999.9 -999.9  330.0
climsnu 1998 11 24 328   -10.8   -0.7    4.5    0.1    0.0 -999.9 -999.9  330.0
climsnu 1998 11 25 329    -2.4    2.7    2.2    0.4    1.2 -999.9 -999.9  330.0
climsnu 1998 11 26 330    -0.5    6.1    2.1    0.2    4.0 -999.9 -999.9  330.0
climsnu 1998 11 27 331    -1.5    7.4    3.2    0.1    0.0 -999.9 -999.9  330.0
climsnu 1998 11 28 332    -0.8    4.1    2.4    0.1    4.4 -999.9 -999.9  330.0
climsnu 1998 11 29 333     1.1    7.3    1.1    0.2    9.8 -999.9 -999.9  330.0
climsnu 1998 11 30 334     0.6    2.8    0.8    0.3    0.2 -999.9 -999.9  330.0
climsnu 1998 12  1 335    -0.5    3.2    1.5    0.7    0.0 -999.9 -999.9  330.0
climsnu 1998 12  2 336    -2.6    0.5    1.8    0.5    0.0 -999.9 -999.9  330.0
climsnu 1998 12  3 337    -1.6    0.8    1.7    0.3    0.0 -999.9 -999.9  330.0
climsnu 1998 12  4 338    -2.0    2.6    0.9    0.3    1.2 -999.9 -999.9  330.0
climsnu 1998 12  5 339     0.1    3.2    3.8    0.3    2.6 -999.9 -999.9  330.0
climsnu 1998 12  6 340    -0.4    3.1    3.0    0.2    0.0 -999.9 -999.9  330.0
climsnu 1998 12  7 341    -4.2    3.4    6.9    0.0    0.2 -999.9 -999.9  330.0
climsnu 1998 12  8 342    -4.5    2.4    1.1    0.2    3.2 -999.9 -999.9  330.0
climsnu 1998 12  9 343     1.3    4.1    1.4    0.0    4.6 -999.9 -999.9  330.0
climsnu 1998 12 10 344     2.9    8.2    1.2    0.0    6.4 -999.9 -999.9  330.0
climsnu 1998 12 11 345     5.1   10.0    2.3    0.0    6.4 -999.9 -999.9  330.0
climsnu 1998 12 12 346     5.7   15.2    0.6    0.0    9.8 -999.9 -999.9  330.0
climsnu 1998 12 13 347     5.4   14.8    2.8    0.0    0.0 -999.9 -999.9  330.0
climsnu 1998 12 14 348     3.7   11.9    1.2    0.0    0.2 -999.9 -999.9  330.0
climsnu 1998 12 15 349     5.9   10.1    1.2    0.0    0.0 -999.9 -999.9  330.0
climsnu 1998 12 16 350     5.1   10.0    1.9    0.0    0.0 -999.9 -999.9  330.0
climsnu 1998 12 17 351    -0.3    9.3    5.0    0.0    0.0 -999.9 -999.9  330.0
climsnu 1998 12 18 352     1.4    9.8    0.9    0.0    2.6 -999.9 -999.9  330.0
climsnu 1998 12 19 353     5.0   10.0    3.3    0.3    3.6 -999.9 -999.9  330.0
climsnu 1998 12 20 354    -0.7    6.9    2.1    0.3    2.0 -999.9 -999.9  330.0
climsnu 1998 12 21 355    -1.1    3.8    3.1    0.0    0.0 -999.9 -999.9  330.0
climsnu 1998 12 22 356    -0.8    3.2    1.8    0.3    1.2 -999.9 -999.9  330.0
climsnu 1998 12 23 357    -1.2    4.9    4.8    0.0    0.2 -999.9 -999.9  330.0
climsnu 1998 12 24 358    -0.3    6.3    4.5    0.0    1.4 -999.9 -999.9  330.0
climsnu 1998 12 25 359     2.2    9.3    1.4    0.1    2.2 -999.9 -999.9  330.0
climsnu 1998 12 26 360     6.8    9.8    0.9    1.0    3.6 -999.9 -999.9  330.0
climsnu 1998 12 27 361     7.3   12.8    1.1    1.5   10.2 -999.9 -999.9  330.0
climsnu 1998 12 28 362     2.0    9.3    0.4    0.7    0.8 -999.9 -999.9  330.0
climsnu 1998 12 29 363     0.2    9.9    4.3    0.0    0.2 -999.9 -999.9  330.0
climsnu 1998 12 30 364     3.4   11.4    5.0    0.2    0.0 -999.9 -999.9  330.0
climsnu 1998 12 31 365     5.2    9.9    2.3    1.0    0.0 -999.9 -999.9  330.0
