climban 1996  1  1   1    21.2   29.0   16.8    3.3    1.4 -999.9 -999.9  330.0
climban 1996  1  2   2    21.2   29.0   16.8    3.3    1.4 -999.9 -999.9  330.0
climban 1996  1  3   3    21.2   29.0   16.8    3.3    1.4 -999.9 -999.9  330.0
climban 1996  1  4   4    21.2   29.0   16.8    3.3    1.4 -999.9 -999.9  330.0
climban 1996  1  5   5    21.2   29.0   16.8    3.3    1.4 -999.9 -999.9  330.0
climban 1996  1  6   6    21.2   29.0   16.8    3.3    1.4 -999.9 -999.9  330.0
climban 1996  1  7   7    21.2   29.0   16.8    3.3    1.4 -999.9 -999.9  330.0
climban 1996  1  8   8    21.2   29.0   16.8    3.3    1.4 -999.9 -999.9  330.0
climban 1996  1  9   9    21.2   29.0   16.8    3.3    1.4 -999.9 -999.9  330.0
climban 1996  1 10  10    21.2   29.0   16.8    3.3    1.4 -999.9 -999.9  330.0
climban 1996  1 11  11    21.2   29.0   16.8    3.3    1.4 -999.9 -999.9  330.0
climban 1996  1 12  12    21.2   29.0   16.8    3.3    1.4 -999.9 -999.9  330.0
climban 1996  1 13  13    21.2   29.0   16.8    3.3    1.4 -999.9 -999.9  330.0
climban 1996  1 14  14    21.2   29.0   16.8    3.3    1.4 -999.9 -999.9  330.0
climban 1996  1 15  15    21.2   29.0   16.8    3.3    1.4 -999.9 -999.9  330.0
climban 1996  1 16  16    21.0   30.3   12.3    2.8    1.4 -999.9 -999.9  330.0
climban 1996  1 17  17    21.4   29.2   14.6    3.1    5.0 -999.9 -999.9  330.0
climban 1996  1 18  18    22.7   28.8   18.6    3.6    0.0 -999.9 -999.9  330.0
climban 1996  1 19  19    21.6   29.3   17.9    3.5    3.6 -999.9 -999.9  330.0
climban 1996  1 20  20    21.6   28.9   15.9    3.2    6.8 -999.9 -999.9  330.0
climban 1996  1 21  21    21.4   28.7   18.7    3.6    0.4 -999.9 -999.9  330.0
climban 1996  1 22  22    21.5   28.4   14.9    3.1    8.6 -999.9 -999.9  330.0
climban 1996  1 23  23    21.9   28.7   15.2    3.1    2.2 -999.9 -999.9  330.0
climban 1996  1 24  24    21.1   29.4   18.2    3.5    0.0 -999.9 -999.9  330.0
climban 1996  1 25  25    20.8   29.0   17.4    3.4    0.0 -999.9 -999.9  330.0
climban 1996  1 26  26    20.6   28.9   18.3    3.6    0.6 -999.9 -999.9  330.0
climban 1996  1 27  27    20.1   29.4   17.4    3.4    0.0 -999.9 -999.9  330.0
climban 1996  1 28  28    20.6   29.6   16.4    3.3    0.0 -999.9 -999.9  330.0
climban 1996  1 29  29    20.4   29.5   18.7    3.6    0.0 -999.9 -999.9  330.0
climban 1996  1 30  30    23.5   29.5   18.9    3.6    0.0 -999.9 -999.9  330.0
climban 1996  1 31  31    23.3   28.7   12.9    2.8    0.6 -999.9 -999.9  330.0
climban 1996  2  1  32    21.2   29.0   16.8    3.3    1.4 -999.9 -999.9  330.0
climban 1996  2  2  33    21.2   29.0   16.8    3.3    1.4 -999.9 -999.9  330.0
climban 1996  2  3  34    21.2   29.0   16.8    3.3    1.4 -999.9 -999.9  330.0
climban 1996  2  4  35    21.2   29.0   16.8    3.3    1.4 -999.9 -999.9  330.0
climban 1996  2  5  36    21.2   29.0   16.8    3.3    1.4 -999.9 -999.9  330.0
climban 1996  2  6  37    21.2   29.0   16.8    3.3    1.4 -999.9 -999.9  330.0
climban 1996  2  7  38    21.2   29.0   16.8    3.3    1.4 -999.9 -999.9  330.0
climban 1996  2  8  39    21.2   29.0   16.8    3.3    1.4 -999.9 -999.9  330.0
climban 1996  2  9  40    21.2   29.0   16.8    3.3    1.4 -999.9 -999.9  330.0
climban 1996  2 10  41    21.2   29.0   16.8    3.3    1.4 -999.9 -999.9  330.0
climban 1996  2 11  42    21.2   29.0   16.8    3.3    1.4 -999.9 -999.9  330.0
climban 1996  2 12  43    21.2   29.0   16.8    3.3    1.4 -999.9 -999.9  330.0
climban 1996  2 13  44    21.2   29.0   16.8    3.3    1.4 -999.9 -999.9  330.0
climban 1996  2 14  45    21.2   29.0   16.8    3.3    1.4 -999.9 -999.9  330.0
climban 1996  2 15  46    21.2   29.0   16.8    3.3    1.4 -999.9 -999.9  330.0
climban 1996  2 16  47    21.0   30.3   12.3    2.8    1.4 -999.9 -999.9  330.0
climban 1996  2 17  48    21.4   29.2   14.6    3.1    5.0 -999.9 -999.9  330.0
climban 1996  2 18  49    22.7   28.8   18.6    3.6    0.0 -999.9 -999.9  330.0
climban 1996  2 19  50    21.6   29.3   17.9    3.5    3.6 -999.9 -999.9  330.0
climban 1996  2 20  51    21.6   28.9   15.9    3.2    6.8 -999.9 -999.9  330.0
climban 1996  2 21  52    21.4   28.7   18.7    3.6    0.4 -999.9 -999.9  330.0
climban 1996  2 22  53    21.5   28.4   14.9    3.1    8.6 -999.9 -999.9  330.0
climban 1996  2 23  54    21.9   28.7   15.2    3.1    2.2 -999.9 -999.9  330.0
climban 1996  2 24  55    21.1   29.4   18.2    3.5    0.0 -999.9 -999.9  330.0
climban 1996  2 25  56    20.8   29.0   17.4    3.4    0.0 -999.9 -999.9  330.0
climban 1996  2 26  57    20.6   28.9   18.3    3.6    0.6 -999.9 -999.9  330.0
climban 1996  2 27  58    20.1   29.4   17.4    3.4    0.0 -999.9 -999.9  330.0
climban 1996  2 28  59    20.6   29.6   16.4    3.3    0.0 -999.9 -999.9  330.0
climban 1996  2 29  60    20.4   29.5   18.7    3.6    0.0 -999.9 -999.9  330.0
climban 1996  3  1  61    23.5   29.5   18.9    3.6    0.0 -999.9 -999.9  330.0
climban 1996  3  2  62    23.3   28.7   12.9    2.8    0.6 -999.9 -999.9  330.0
climban 1996  3  3  63    20.1   29.4   17.2    3.4    4.0 -999.9 -999.9  330.0
climban 1996  3  4  64    21.3   29.2   15.5    3.2    6.8 -999.9 -999.9  330.0
climban 1996  3  5  65    21.6   27.8    9.7    2.4    1.4 -999.9 -999.9  330.0
climban 1996  3  6  66    21.3   29.5   16.3    3.3    1.0 -999.9 -999.9  330.0
climban 1996  3  7  67    22.2   29.6   19.5    3.7    0.6 -999.9 -999.9  330.0
climban 1996  3  8  68    21.9   28.9   14.3    3.0    6.6 -999.9 -999.9  330.0
climban 1996  3  9  69    21.8   28.8   15.8    3.2    6.2 -999.9 -999.9  330.0
climban 1996  3 10  70    23.4   27.6   10.0    2.4    0.6 -999.9 -999.9  330.0
climban 1996  3 11  71    21.6   29.4   16.6    3.3    4.8 -999.9 -999.9  330.0
climban 1996  3 12  72    23.3   29.3   19.5    3.7    0.0 -999.9 -999.9  330.0
climban 1996  3 13  73    21.1   29.9   18.7    3.6    0.6 -999.9 -999.9  330.0
climban 1996  3 14  74    20.0   29.3   16.8    3.3    0.0 -999.9 -999.9  330.0
climban 1996  3 15  75    19.4   29.6   17.2    3.4    2.6 -999.9 -999.9  330.0
climban 1996  3 16  76    20.6   29.6   19.3    3.7    7.4 -999.9 -999.9  330.0
climban 1996  3 17  77    21.9   29.5   20.8    3.9    0.0 -999.9 -999.9  330.0
climban 1996  3 18  78    21.7   29.5   18.5    3.6    7.6 -999.9 -999.9  330.0
climban 1996  3 19  79    20.6   29.4   22.3    4.1    0.0 -999.9 -999.9  330.0
climban 1996  3 20  80    22.5   29.8   20.7    3.9    0.0 -999.9 -999.9  330.0
climban 1996  3 21  81    21.5   30.0   21.2    3.9    0.0 -999.9 -999.9  330.0
climban 1996  3 22  82    22.5   30.1   18.2    3.5    0.6 -999.9 -999.9  330.0
climban 1996  3 23  83    24.1   30.2   20.7    3.9    0.0 -999.9 -999.9  330.0
climban 1996  3 24  84    22.9   30.5   21.6    4.0    0.2 -999.9 -999.9  330.0
climban 1996  3 25  85    23.1   30.2   19.2    3.7    0.4 -999.9 -999.9  330.0
climban 1996  3 26  86    21.6   30.4   21.9    4.0    4.4 -999.9 -999.9  330.0
climban 1996  3 27  87    21.2   30.1   15.1    3.1   22.2 -999.9 -999.9  330.0
climban 1996  3 28  88    21.0   27.2    6.7    2.0   12.0 -999.9 -999.9  330.0
climban 1996  3 29  89    21.8   29.3   16.1    3.3    3.4 -999.9 -999.9  330.0
climban 1996  3 30  90    20.6   29.5   17.7    3.5    0.2 -999.9 -999.9  330.0
climban 1996  3 31  91    21.4   30.0   18.1    3.5    0.0 -999.9 -999.9  330.0
climban 1996  4  1  92    23.4   29.8   20.8    3.9    0.0 -999.9 -999.9  330.0
climban 1996  4  2  93    23.5   30.6   17.4    3.4    0.0 -999.9 -999.9  330.0
climban 1996  4  3  94    22.9   30.6   19.8    3.8    0.0 -999.9 -999.9  330.0
climban 1996  4  4  95    22.3   29.7   18.1    3.5    0.2 -999.9 -999.9  330.0
climban 1996  4  5  96    22.1   29.6   21.3    4.0    0.2 -999.9 -999.9  330.0
climban 1996  4  6  97    21.4   29.2   12.5    2.8   13.0 -999.9 -999.9  330.0
climban 1996  4  7  98    23.2   29.6   20.2    3.8    1.4 -999.9 -999.9  330.0
climban 1996  4  8  99    22.4   29.6   20.5    3.9    2.2 -999.9 -999.9  330.0
climban 1996  4  9 100    24.1   29.8   20.5    3.8    0.6 -999.9 -999.9  330.0
climban 1996  4 10 101    23.0   30.0   18.0    3.5    0.0 -999.9 -999.9  330.0
climban 1996  4 11 102    20.9   30.0   22.8    4.2    0.0 -999.9 -999.9  330.0
climban 1996  4 12 103    20.9   30.1   20.2    3.8   11.2 -999.9 -999.9  330.0
climban 1996  4 13 104    21.0   28.9   11.7    2.7    8.4 -999.9 -999.9  330.0
climban 1996  4 14 105    21.7   29.9   20.2    3.8    5.2 -999.9 -999.9  330.0
climban 1996  4 15 106    21.6   29.9   21.2    3.9    0.0 -999.9 -999.9  330.0
climban 1996  4 16 107    21.6   30.0   22.8    4.2    0.4 -999.9 -999.9  330.0
climban 1996  4 17 108    22.1   30.1   23.1    4.2    0.0 -999.9 -999.9  330.0
climban 1996  4 18 109    21.1   30.0   20.7    3.9    7.8 -999.9 -999.9  330.0
climban 1996  4 19 110    20.6   29.7   17.0    3.4    5.4 -999.9 -999.9  330.0
climban 1996  4 20 111    19.8   29.5   20.6    3.9    2.2 -999.9 -999.9  330.0
climban 1996  4 21 112    21.3   30.1   15.8    3.2   11.8 -999.9 -999.9  330.0
climban 1996  4 22 113    20.6   29.1   15.8    3.2   35.6 -999.9 -999.9  330.0
climban 1996  4 23 114    22.5   29.3   19.3    3.7    1.8 -999.9 -999.9  330.0
climban 1996  4 24 115    23.5   29.5   20.0    3.8    0.2 -999.9 -999.9  330.0
climban 1996  4 25 116    21.9   30.1   21.5    4.0    5.0 -999.9 -999.9  330.0
climban 1996  4 26 117    21.2   29.4   15.7    3.2    5.4 -999.9 -999.9  330.0
climban 1996  4 27 118    21.2   28.7   11.1    2.6    1.0 -999.9 -999.9  330.0
climban 1996  4 28 119    22.0   30.0   18.0    3.5    6.4 -999.9 -999.9  330.0
climban 1996  4 29 120    23.8   30.1   22.4    4.1    0.0 -999.9 -999.9  330.0
climban 1996  4 30 121    22.8   29.3   18.5    3.6    0.0 -999.9 -999.9  330.0
climban 1996  5  1 122    22.8   29.3   18.5    3.6    0.0 -999.9 -999.9  330.0
climban 1996  5  2 123    21.8   28.6   14.6    3.1    0.2 -999.9 -999.9  330.0
climban 1996  5  3 124    23.3   29.7   19.5    3.7    1.0 -999.9 -999.9  330.0
climban 1996  5  4 125    22.5   29.8   19.6    3.7    1.2 -999.9 -999.9  330.0
climban 1996  5  5 126    23.4   30.1   21.4    4.0   18.4 -999.9 -999.9  330.0
climban 1996  5  6 127    22.6   30.3   14.9    3.1    2.2 -999.9 -999.9  330.0
climban 1996  5  7 128    22.9   27.4    4.0    1.6    5.0 -999.9 -999.9  330.0
climban 1996  5  8 129    23.3   29.8   14.5    3.1    0.2 -999.9 -999.9  330.0
climban 1996  5  9 130    23.0   30.2   21.7    4.0    0.0 -999.9 -999.9  330.0
climban 1996  5 10 131    22.9   30.3   17.2    3.4    5.0 -999.9 -999.9  330.0
climban 1996  5 11 132    22.4   30.2   18.4    3.6   11.8 -999.9 -999.9  330.0
climban 1996  5 12 133    22.7   28.2   11.2    2.6    0.0 -999.9 -999.9  330.0
climban 1996  5 13 134    24.0   30.1   22.0    4.0    0.2 -999.9 -999.9  330.0
climban 1996  5 14 135    24.7   30.2   23.3    4.2    0.0 -999.9 -999.9  330.0
climban 1996  5 15 136    23.1   30.6   24.3    4.4    8.8 -999.9 -999.9  330.0
climban 1996  5 16 137    22.8   30.9   18.9    3.6    9.4 -999.9 -999.9  330.0
climban 1996  5 17 138    22.3   30.0   10.2    2.5    4.6 -999.9 -999.9  330.0
climban 1996  5 18 139    22.6   30.1   19.1    3.7    6.0 -999.9 -999.9  330.0
climban 1996  5 19 140    22.6   30.7   22.9    4.2    0.0 -999.9 -999.9  330.0
climban 1996  5 20 141    22.9   31.2   22.3    4.1    2.0 -999.9 -999.9  330.0
climban 1996  5 21 142    24.7   30.7   21.3    4.0   14.4 -999.9 -999.9  330.0
climban 1996  5 22 143    23.4   30.7   13.8    3.0    1.8 -999.9 -999.9  330.0
climban 1996  5 23 144    24.8   30.2   14.3    3.0    0.0 -999.9 -999.9  330.0
climban 1996  5 24 145    23.9   30.8   21.9    4.0    0.0 -999.9 -999.9  330.0
climban 1996  5 25 146    23.5   31.5   22.6    4.1    0.4 -999.9 -999.9  330.0
climban 1996  5 26 147    23.7   31.5   21.6    4.0    1.2 -999.9 -999.9  330.0
climban 1996  5 27 148    22.9   31.6   23.6    4.3    0.2 -999.9 -999.9  330.0
climban 1996  5 28 149    26.2   27.2   22.5    4.1    0.0 -999.9 -999.9  330.0
climban 1996  5 29 150    26.2   27.2   20.1    3.8    0.0 -999.9 -999.9  330.0
climban 1996  5 30 151    26.2   27.2   21.3    4.0    0.0 -999.9 -999.9  330.0
climban 1996  5 31 152    26.2   27.2   21.3    4.0    0.0 -999.9 -999.9  330.0
climban 1996  6  1 153    26.2   27.2   21.3    4.0    0.0 -999.9 -999.9  330.0
climban 1996  6  2 154    24.9   33.5   22.5    4.1    1.8 -999.9 -999.9  330.0
climban 1996  6  3 155    23.0   32.0   20.1    3.8   17.2 -999.9 -999.9  330.0
climban 1996  6  4 156    21.1   31.4   18.7    3.6   38.0 -999.9 -999.9  330.0
climban 1996  6  5 157    23.3   32.1   20.4    3.8   11.4 -999.9 -999.9  330.0
climban 1996  6  6 158    22.8   31.0   16.3    3.3   18.8 -999.9 -999.9  330.0
climban 1996  6  7 159    22.6   31.2   12.4    2.8    4.2 -999.9 -999.9  330.0
climban 1996  6  8 160    24.5   31.6   18.9    3.6    0.4 -999.9 -999.9  330.0
climban 1996  6  9 161    23.7   32.4   20.1    3.8    2.2 -999.9 -999.9  330.0
climban 1996  6 10 162    21.4   31.5   20.4    3.8    6.4 -999.9 -999.9  330.0
climban 1996  6 11 163    22.6   31.7   18.4    3.6    3.8 -999.9 -999.9  330.0
climban 1996  6 12 164    22.9   30.8    8.2    2.2   12.4 -999.9 -999.9  330.0
climban 1996  6 13 165    21.9   29.4    9.2    2.3   13.4 -999.9 -999.9  330.0
climban 1996  6 14 166    22.4   31.8   19.6    3.7   23.6 -999.9 -999.9  330.0
climban 1996  6 15 167    23.4   30.3   13.6    2.9   10.4 -999.9 -999.9  330.0
climban 1996  6 16 168    24.2   31.6   18.2    3.5    6.8 -999.9 -999.9  330.0
climban 1996  6 17 169    24.7   32.7   21.2    3.9    1.2 -999.9 -999.9  330.0
climban 1996  6 18 170    25.3   31.6   14.5    3.0    1.2 -999.9 -999.9  330.0
climban 1996  6 19 171    22.9   32.3   20.5    3.8    3.0 -999.9 -999.9  330.0
climban 1996  6 20 172    23.2   32.4   13.5    2.9    1.4 -999.9 -999.9  330.0
climban 1996  6 21 173    24.2   32.7   15.7    3.2    2.4 -999.9 -999.9  330.0
climban 1996  6 22 174    25.0   31.9   15.2    3.1    8.2 -999.9 -999.9  330.0
climban 1996  6 23 175    25.7   31.8   16.2    3.3    2.0 -999.9 -999.9  330.0
climban 1996  6 24 176    25.3   32.6   21.2    3.9    0.0 -999.9 -999.9  330.0
climban 1996  6 25 177    25.0   33.0   22.1    4.1    0.0 -999.9 -999.9  330.0
climban 1996  6 26 178    21.9   32.3   18.7    3.6    7.6 -999.9 -999.9  330.0
climban 1996  6 27 179    23.5   32.4   18.4    3.6    4.8 -999.9 -999.9  330.0
climban 1996  6 28 180    23.3   29.3    8.5    2.2    0.6 -999.9 -999.9  330.0
climban 1996  6 29 181    25.0   32.0   17.2    3.4    1.2 -999.9 -999.9  330.0
climban 1996  6 30 182    23.2   32.7   23.0    4.2    1.4 -999.9 -999.9  330.0
climban 1996  7  1 183    22.3   31.9   21.6    4.0    5.6 -999.9 -999.9  330.0
climban 1996  7  2 184    24.8   32.4   17.9    3.5    0.2 -999.9 -999.9  330.0
climban 1996  7  3 185    25.0   32.1   18.7    3.6    0.8 -999.9 -999.9  330.0
climban 1996  7  4 186    25.0   32.2   22.2    4.1    1.0 -999.9 -999.9  330.0
climban 1996  7  5 187    23.5   32.6   20.6    3.9    4.0 -999.9 -999.9  330.0
climban 1996  7  6 188    23.5   32.4   17.3    3.4   23.8 -999.9 -999.9  330.0
climban 1996  7  7 189    22.4   32.9   19.2    3.7   25.4 -999.9 -999.9  330.0
climban 1996  7  8 190    22.5   29.7    9.9    2.4   15.4 -999.9 -999.9  330.0
climban 1996  7  9 191    23.7   32.7   20.6    3.9    0.4 -999.9 -999.9  330.0
climban 1996  7 10 192    24.9   31.4   14.7    3.1   23.0 -999.9 -999.9  330.0
climban 1996  7 11 193    22.2   32.1   14.2    3.0    1.8 -999.9 -999.9  330.0
climban 1996  7 12 194    24.5   31.1   12.9    2.8    0.4 -999.9 -999.9  330.0
climban 1996  7 13 195    22.6   31.6   18.0    3.5   25.2 -999.9 -999.9  330.0
climban 1996  7 14 196    23.9   31.2   12.5    2.8    9.4 -999.9 -999.9  330.0
climban 1996  7 15 197    22.7   31.7    8.2    2.2    0.6 -999.9 -999.9  330.0
climban 1996  7 16 198    23.7   31.7   19.5    3.7    1.2 -999.9 -999.9  330.0
climban 1996  7 17 199    23.8   31.6   19.8    3.8    3.8 -999.9 -999.9  330.0
climban 1996  7 18 200    23.4   32.9   22.8    4.2    4.8 -999.9 -999.9  330.0
climban 1996  7 19 201    23.3   32.4   23.1    4.2    0.4 -999.9 -999.9  330.0
climban 1996  7 20 202    24.5   32.3   18.6    3.6    0.0 -999.9 -999.9  330.0
climban 1996  7 21 203    25.6   31.6   16.4    3.3    0.0 -999.9 -999.9  330.0
climban 1996  7 22 204    25.3   32.2   17.3    3.4    0.0 -999.9 -999.9  330.0
climban 1996  7 23 205    22.0   28.0   19.5    3.9    6.8 -999.9 -999.9  330.0
climban 1996  7 24 206    22.0   28.0   19.5    3.9    6.8 -999.9 -999.9  330.0
climban 1996  7 25 207    22.0   28.0   19.5    3.9    6.8 -999.9 -999.9  330.0
climban 1996  7 26 208    22.0   28.0   19.5    3.9    6.8 -999.9 -999.9  330.0
climban 1996  7 27 209    21.9   29.2    9.4    2.3   35.5 -999.9 -999.9  330.0
climban 1996  7 28 210    22.8   29.9   17.5    4.2    2.5 -999.9 -999.9  330.0
climban 1996  7 29 211    21.4   30.5   22.5    5.4    0.0 -999.9 -999.9  330.0
climban 1996  7 30 212    22.5   30.3   22.1    5.3    5.5 -999.9 -999.9  330.0
climban 1996  7 31 213    24.1   30.3   25.3    6.1    3.0 -999.9 -999.9  330.0
climban 1996  8  1 214    23.4   29.9   21.6    5.2    4.0 -999.9 -999.9  330.0
climban 1996  8  2 215    22.3   29.8   18.8    4.5   13.0 -999.9 -999.9  330.0
climban 1996  8  3 216    22.6   29.4   20.9    5.0   17.5 -999.9 -999.9  330.0
climban 1996  8  4 217    22.2   30.1   14.8    3.6    5.0 -999.9 -999.9  330.0
climban 1996  8  5 218    21.3   28.8    9.3    2.2   22.0 -999.9 -999.9  330.0
climban 1996  8  6 219    22.9   30.8   20.5    4.9    4.5 -999.9 -999.9  330.0
climban 1996  8  7 220    21.3   29.3   23.1    5.6    7.5 -999.9 -999.9  330.0
climban 1996  8  8 221    21.9   29.8   24.5    5.9    0.0 -999.9 -999.9  330.0
climban 1996  8  9 222    23.4   30.2   25.0    6.0    0.5 -999.9 -999.9  330.0
climban 1996  8 10 223    23.9   30.0   24.3    5.8    0.0 -999.9 -999.9  330.0
climban 1996  8 11 224    23.4   30.4   24.0    5.8    0.0 -999.9 -999.9  330.0
climban 1996  8 12 225    22.2   30.4   19.6    4.7   10.0 -999.9 -999.9  330.0
climban 1996  8 13 226    22.5   30.4   17.1    4.1    1.0 -999.9 -999.9  330.0
climban 1996  8 14 227    24.0   30.1   22.2    5.3    1.5 -999.9 -999.9  330.0
climban 1996  8 15 228    23.1   29.0    9.4    2.2   71.0 -999.9 -999.9  330.0
climban 1996  8 16 229    21.0   29.7   25.4    6.1    2.0 -999.9 -999.9  330.0
climban 1996  8 17 230    22.2   29.8   24.3    5.8    0.0 -999.9 -999.9  330.0
climban 1996  8 18 231    21.7   29.4   23.3    5.6    5.5 -999.9 -999.9  330.0
climban 1996  8 19 232    22.2   31.6   24.3    5.8    0.0 -999.9 -999.9  330.0
climban 1996  8 20 233    19.8   30.5   26.4    6.3    0.0 -999.9 -999.9  330.0
climban 1996  8 21 234    22.5   31.1   23.8    5.7    0.0 -999.9 -999.9  330.0
climban 1996  8 22 235    22.8   30.3   23.2    5.6    7.0 -999.9 -999.9  330.0
climban 1996  8 23 236    23.4   30.1   21.1    5.1    0.5 -999.9 -999.9  330.0
climban 1996  8 24 237    24.2   30.9   22.1    5.3    0.0 -999.9 -999.9  330.0
climban 1996  8 25 238    21.6   31.7   22.8    5.5    1.0 -999.9 -999.9  330.0
climban 1996  8 26 239    21.5   30.4   16.2    3.9    3.0 -999.9 -999.9  330.0
climban 1996  8 27 240    23.7   31.7   22.4    5.4    0.5 -999.9 -999.9  330.0
climban 1996  8 28 241    21.7   31.7   25.4    6.1    0.0 -999.9 -999.9  330.0
climban 1996  8 29 242    23.4   30.9   16.5    4.0    4.0 -999.9 -999.9  330.0
climban 1996  8 30 243    22.2   31.3   20.1    4.8    2.5 -999.9 -999.9  330.0
climban 1996  8 31 244    22.2   32.6   23.1    5.5   16.5 -999.9 -999.9  330.0
climban 1996  9  1 245    23.0   30.7   14.9    3.6    1.5 -999.9 -999.9  330.0
climban 1996  9  2 246    22.1   30.0   16.0    3.8    3.5 -999.9 -999.9  330.0
climban 1996  9  3 247    23.6   29.9   18.2    4.4   10.5 -999.9 -999.9  330.0
climban 1996  9  4 248    21.7   29.8   20.9    5.0    1.0 -999.9 -999.9  330.0
climban 1996  9  5 249    22.9   29.6   12.9    3.1    8.5 -999.9 -999.9  330.0
climban 1996  9  6 250    23.1   30.8   17.6    4.2   21.5 -999.9 -999.9  330.0
climban 1996  9  7 251    23.7   29.0   10.1    2.4   49.0 -999.9 -999.9  330.0
climban 1996  9  8 252    21.6   25.9    4.1    0.8   20.5 -999.9 -999.9  330.0
climban 1996  9  9 253    22.9   27.4    4.4    1.1   25.0 -999.9 -999.9  330.0
climban 1996  9 10 254    22.9   27.1    7.3    1.7   13.5 -999.9 -999.9  330.0
climban 1996  9 11 255    23.3   29.6   21.7    5.2   19.0 -999.9 -999.9  330.0
climban 1996  9 12 256    22.7   30.4   17.6    4.2    0.0 -999.9 -999.9  330.0
climban 1996  9 13 257    22.0   35.1   16.1    3.9    2.5 -999.9 -999.9  330.0
climban 1996  9 14 258    21.5   29.9   16.6    4.0    0.0 -999.9 -999.9  330.0
climban 1996  9 15 259    21.7   30.1   22.9    5.5    3.5 -999.9 -999.9  330.0
climban 1996  9 16 260    22.4   30.0   19.5    4.7   11.0 -999.9 -999.9  330.0
climban 1996  9 17 261    23.5   30.2   20.6    4.9    0.5 -999.9 -999.9  330.0
climban 1996  9 18 262    23.3   29.3   16.0    3.8   12.0 -999.9 -999.9  330.0
climban 1996  9 19 263    22.9   29.9   16.3    3.9   36.5 -999.9 -999.9  330.0
climban 1996  9 20 264    23.4   31.1   19.1    4.6   24.0 -999.9 -999.9  330.0
climban 1996  9 21 265    23.2   30.0   17.7    4.2   12.0 -999.9 -999.9  330.0
climban 1996  9 22 266    22.8   29.5    8.1    1.9   12.5 -999.9 -999.9  330.0
climban 1996  9 23 267    25.0   30.1   19.4    4.7    0.0 -999.9 -999.9  330.0
climban 1996  9 24 268    22.5   29.9   16.6    4.0    7.5 -999.9 -999.9  330.0
climban 1996  9 25 269    22.3   29.8   19.4    4.7    2.5 -999.9 -999.9  330.0
climban 1996  9 26 270    22.3   30.0   22.5    5.4    4.0 -999.9 -999.9  330.0
climban 1996  9 27 271    22.8   30.0   19.8    4.8    4.5 -999.9 -999.9  330.0
climban 1996  9 28 272    22.2   29.8   17.4    4.2    5.5 -999.9 -999.9  330.0
climban 1996  9 29 273    22.5   30.6   21.3    5.1   43.0 -999.9 -999.9  330.0
climban 1996  9 30 274    22.8   28.9   10.2    2.5    9.5 -999.9 -999.9  330.0
climban 1996 10  1 275    23.1   29.8   15.0    3.6    9.5 -999.9 -999.9  330.0
climban 1996 10  2 276    20.9   28.9   13.5    3.2    0.0 -999.9 -999.9  330.0
climban 1996 10  3 277    21.6   27.5    5.0    1.2    4.0 -999.9 -999.9  330.0
climban 1996 10  4 278    20.2   30.2   19.2    4.6    1.0 -999.9 -999.9  330.0
climban 1996 10  5 279    22.3   30.8   17.6    4.2    1.5 -999.9 -999.9  330.0
climban 1996 10  6 280    22.7   29.0   12.3    2.9   29.5 -999.9 -999.9  330.0
climban 1996 10  7 281    22.4   30.0   19.5    4.7    2.0 -999.9 -999.9  330.0
climban 1996 10  8 282    22.4   30.3   20.3    4.9   20.5 -999.9 -999.9  330.0
climban 1996 10  9 283    23.2   28.7   13.6    3.3   20.0 -999.9 -999.9  330.0
climban 1996 10 10 284    22.8   29.2   14.0    3.3    3.5 -999.9 -999.9  330.0
climban 1996 10 11 285    21.4   29.4   15.4    3.7   14.5 -999.9 -999.9  330.0
climban 1996 10 12 286    22.0   29.6   16.9    4.0   12.5 -999.9 -999.9  330.0
climban 1996 10 13 287    22.1   29.8   16.0    3.8    7.5 -999.9 -999.9  330.0
climban 1996 10 14 288    22.1   29.7   13.6    3.3   14.0 -999.9 -999.9  330.0
climban 1996 10 15 289    22.3   30.2   15.9    3.8    4.5 -999.9 -999.9  330.0
climban 1996 10 16 290    23.1   28.5    7.3    1.8   16.0 -999.9 -999.9  330.0
climban 1996 10 17 291    22.9   29.6   16.3    3.9    1.5 -999.9 -999.9  330.0
climban 1996 10 18 292    22.1   29.8   20.0    4.8    0.0 -999.9 -999.9  330.0
climban 1996 10 19 293    21.0   30.1   17.6    4.2    0.0 -999.9 -999.9  330.0
climban 1996 10 20 294    22.4   30.3   20.2    4.8    0.0 -999.9 -999.9  330.0
climban 1996 10 21 295    21.5   30.2   17.2    4.1    0.5 -999.9 -999.9  330.0
climban 1996 10 22 296    21.1   30.3   21.5    5.2    0.0 -999.9 -999.9  330.0
climban 1996 10 23 297    20.9   31.1   15.9    3.8    0.0 -999.9 -999.9  330.0
climban 1996 10 24 298    20.9   30.9   16.3    3.9    5.0 -999.9 -999.9  330.0
climban 1996 10 25 299    21.7   29.7   15.4    3.7   10.0 -999.9 -999.9  330.0
climban 1996 10 26 300    22.7   27.9    9.3    2.2   22.0 -999.9 -999.9  330.0
climban 1996 10 27 301    22.2   29.9   12.6    3.0   10.0 -999.9 -999.9  330.0
climban 1996 10 28 302    21.5   29.8   17.9    4.3    1.0 -999.9 -999.9  330.0
climban 1996 10 29 303    22.3   30.4   14.5    3.5    0.0 -999.9 -999.9  330.0
climban 1996 10 30 304    21.6   31.0   17.6    4.2    2.0 -999.9 -999.9  330.0
climban 1996 10 31 305    23.6   29.3   12.4    3.0   20.0 -999.9 -999.9  330.0
climban 1996 11  1 306    21.5   28.8   11.3    2.7    5.0 -999.9 -999.9  330.0
climban 1996 11  2 307    21.5   29.3   17.5    4.2    0.0 -999.9 -999.9  330.0
climban 1996 11  3 308    21.2   29.3   17.4    4.2    0.0 -999.9 -999.9  330.0
climban 1996 11  4 309    20.2   29.9   15.9    3.8   16.0 -999.9 -999.9  330.0
climban 1996 11  5 310    22.7   28.5   14.0    3.3    8.5 -999.9 -999.9  330.0
climban 1996 11  6 311    21.0   29.0   13.6    3.3    1.5 -999.9 -999.9  330.0
climban 1996 11  7 312    20.7   28.9   15.3    3.7    0.0 -999.9 -999.9  330.0
climban 1996 11  8 313    20.9   29.4   15.1    3.6    0.0 -999.9 -999.9  330.0
climban 1996 11  9 314    20.5   29.6   13.5    3.2    7.5 -999.9 -999.9  330.0
climban 1996 11 10 315    21.2   29.2   13.1    3.1    0.5 -999.9 -999.9  330.0
climban 1996 11 11 316    21.8   29.3    9.0    2.2    8.5 -999.9 -999.9  330.0
climban 1996 11 12 317    22.6   29.1    9.4    2.2   10.5 -999.9 -999.9  330.0
climban 1996 11 13 318    22.4   28.8   10.9    2.6   15.0 -999.9 -999.9  330.0
climban 1996 11 14 319    21.4   28.8   16.0    3.8    2.0 -999.9 -999.9  330.0
climban 1996 11 15 320    20.5   28.8   15.9    3.8    4.0 -999.9 -999.9  330.0
climban 1996 11 16 321    21.0   29.1   17.3    4.1    2.5 -999.9 -999.9  330.0
climban 1996 11 17 322    20.4   29.3   17.6    4.2    0.5 -999.9 -999.9  330.0
climban 1996 11 18 323    20.1   29.0   16.5    4.0    1.5 -999.9 -999.9  330.0
climban 1996 11 19 324    21.4   29.0   14.5    3.5   30.0 -999.9 -999.9  330.0
climban 1996 11 20 325    22.0   28.4    8.0    1.9    5.5 -999.9 -999.9  330.0
climban 1996 11 21 326    21.1   26.6    6.1    1.5    4.5 -999.9 -999.9  330.0
climban 1996 11 22 327    20.9   29.4    7.5    1.8   17.0 -999.9 -999.9  330.0
climban 1996 11 23 328    21.0   30.0   11.2    2.7   17.0 -999.9 -999.9  330.0
climban 1996 11 24 329    20.4   31.1   12.9    3.1   11.0 -999.9 -999.9  330.0
climban 1996 11 25 330    22.4   29.6    9.6    2.3   12.5 -999.9 -999.9  330.0
climban 1996 11 26 331    21.5   27.2    5.0    1.2    2.0 -999.9 -999.9  330.0
climban 1996 11 27 332    21.3   28.3    8.6    2.1    7.5 -999.9 -999.9  330.0
climban 1996 11 28 333    20.1   28.3    7.8    1.9    0.5 -999.9 -999.9  330.0
climban 1996 11 29 334    19.8   29.7   14.2    3.4    3.0 -999.9 -999.9  330.0
climban 1996 11 30 335    19.5   29.0   11.5    2.8    1.0 -999.9 -999.9  330.0
climban 1996 12  1 336    20.0   26.5   14.0    2.6    6.6 -999.9 -999.9  330.0
climban 1996 12  2 337    20.0   26.5   14.0    2.6    6.6 -999.9 -999.9  330.0
climban 1996 12  3 338    20.0   26.5   14.0    2.6    6.6 -999.9 -999.9  330.0
climban 1996 12  4 339    20.0   26.5   14.0    2.6    6.6 -999.9 -999.9  330.0
climban 1996 12  5 340    20.0   26.5   14.0    2.6    6.6 -999.9 -999.9  330.0
climban 1996 12  6 341    20.0   26.5   14.0    2.6    6.6 -999.9 -999.9  330.0
climban 1996 12  7 342    20.0   26.5   14.0    2.6    6.6 -999.9 -999.9  330.0
climban 1996 12  8 343    20.0   26.5   14.0    2.6    6.6 -999.9 -999.9  330.0
climban 1996 12  9 344    20.0   26.5   14.0    2.6    6.6 -999.9 -999.9  330.0
climban 1996 12 10 345    20.0   26.5   14.0    2.6    6.6 -999.9 -999.9  330.0
climban 1996 12 11 346    20.0   26.5   14.0    2.6    6.6 -999.9 -999.9  330.0
climban 1996 12 12 347    20.0   26.5   14.0    2.6    6.6 -999.9 -999.9  330.0
climban 1996 12 13 348    20.0   26.5   14.0    2.6    6.6 -999.9 -999.9  330.0
climban 1996 12 14 349    20.0   26.5   14.0    2.6    6.6 -999.9 -999.9  330.0
climban 1996 12 15 350    20.0   26.5   14.0    2.6    6.6 -999.9 -999.9  330.0
climban 1996 12 16 351    20.0   26.5   14.0    2.6    6.6 -999.9 -999.9  330.0
climban 1996 12 17 352    20.0   26.5   14.0    2.6    6.6 -999.9 -999.9  330.0
climban 1996 12 18 353    20.0   26.5   14.0    2.6    6.6 -999.9 -999.9  330.0
climban 1996 12 19 354    20.0   26.5   14.0    2.6    6.6 -999.9 -999.9  330.0
climban 1996 12 20 355    20.0   26.5   14.0    2.6    6.6 -999.9 -999.9  330.0
climban 1996 12 21 356    20.0   26.5   14.0    2.6    6.6 -999.9 -999.9  330.0
climban 1996 12 22 357    20.0   26.5   14.0    2.6    6.6 -999.9 -999.9  330.0
climban 1996 12 23 358    20.0   26.5   14.0    2.6    6.6 -999.9 -999.9  330.0
climban 1996 12 24 359    20.0   26.5   14.0    2.6    6.6 -999.9 -999.9  330.0
climban 1996 12 25 360    20.0   26.5   14.0    2.6    6.6 -999.9 -999.9  330.0
climban 1996 12 26 361    20.0   26.5   14.0    2.6    6.6 -999.9 -999.9  330.0
climban 1996 12 27 362    20.0   26.5   14.0    2.6    6.6 -999.9 -999.9  330.0
climban 1996 12 28 363    20.0   26.5   14.0    2.6    6.6 -999.9 -999.9  330.0
climban 1996 12 29 364    20.0   26.5   14.0    2.6    6.6 -999.9 -999.9  330.0
climban 1996 12 30 365    20.0   26.5   14.0    2.6    6.6 -999.9 -999.9  330.0
climban 1996 12 31 366    20.0   26.5   14.0    2.6    6.6 -999.9 -999.9  330.0
