climtou 1996  1  1   1     4.7   13.7    4.1 -999.9    1.5    4.0   10.2  330.0
climtou 1996  1  2   2     9.6   12.8    3.3 -999.9    2.0    7.1   11.2  330.0
climtou 1996  1  3   3     3.9   11.7    6.2 -999.9    0.0    0.8    9.9  330.0
climtou 1996  1  4   4    -0.3    9.5    3.8 -999.9    0.0    5.6    7.6  330.0
climtou 1996  1  5   5     7.2   10.2    1.0 -999.9   12.0    5.5   10.5  330.0
climtou 1996  1  6   6     1.8   11.3    4.5 -999.9    1.0    5.0    8.8  330.0
climtou 1996  1  7   7     8.7   12.6    2.9 -999.9    2.5    2.0   12.3  330.0
climtou 1996  1  8   8     1.7   13.7    7.3 -999.9    0.0    5.3    8.9  330.0
climtou 1996  1  9   9     9.5   15.6    2.5 -999.9   10.0    6.3   12.1  330.0
climtou 1996  1 10  10     7.7   10.4    1.9 -999.9   16.5    4.8   10.8  330.0
climtou 1996  1 11  11     2.4   12.9    5.0 -999.9    0.0    4.5    9.3  330.0
climtou 1996  1 12  12     6.9   12.8    4.1 -999.9    0.5    2.6   10.7  330.0
climtou 1996  1 13  13     6.6   13.9    5.6 -999.9    0.0    2.4   10.9  330.0
climtou 1996  1 14  14     8.6   14.9    5.8 -999.9    0.0    8.3   11.7  330.0
climtou 1996  1 15  15    11.3   16.4    7.5 -999.9    0.0    5.5   12.7  330.0
climtou 1996  1 16  16    11.0   15.1    5.6 -999.9    0.0    3.6   13.4  330.0
climtou 1996  1 17  17     8.8   12.7    8.1 -999.9    0.0    6.6   10.7  330.0
climtou 1996  1 18  18     7.3   11.9    8.3 -999.9    0.0    5.5    9.9  330.0
climtou 1996  1 19  19     0.6   12.1    8.4 -999.9    0.0    3.3    8.6  330.0
climtou 1996  1 20  20     5.3   12.5    7.0 -999.9    0.0    5.4    9.9  330.0
climtou 1996  1 21  21     8.5   14.3    6.1 -999.9    0.5    9.9   10.4  330.0
climtou 1996  1 22  22    11.8   15.5    3.5 -999.9    0.0   13.4   12.5  330.0
climtou 1996  1 23  23    10.8   16.9    7.5 -999.9    0.0    6.9   12.4  330.0
climtou 1996  1 24  24     4.7   10.8    2.0 -999.9   13.0    2.0   10.0  330.0
climtou 1996  1 25  25     5.6    8.5    2.3 -999.9   10.0    3.1    9.3  330.0
climtou 1996  1 26  26     4.3   13.0    8.2 -999.9    0.0    1.1   10.1  330.0
climtou 1996  1 27  27     2.8   13.0    7.3 -999.9    0.5    4.0    9.5  330.0
climtou 1996  1 28  28     9.6   12.8    2.9 -999.9    0.0    6.3   11.7  330.0
climtou 1996  1 29  29     6.7   12.2    3.0 -999.9    0.0    4.9   10.9  330.0
climtou 1996  1 30  30     8.6   14.5    9.2 -999.9    0.0    2.2   11.7  330.0
climtou 1996  1 31  31     1.2   12.9    8.7 -999.9    0.5    5.3    8.6  330.0
climtou 1996  2  1  32     5.9    9.5    4.5 -999.9    0.0   10.0    9.0  330.0
climtou 1996  2  2  33     8.1   11.1    3.3 -999.9    0.0    2.3   10.8  330.0
climtou 1996  2  3  34     2.4   14.2    8.8 -999.9    0.5    2.0    9.5  330.0
climtou 1996  2  4  35     2.8    4.0    2.3 -999.9    0.5    4.5    6.9  330.0
climtou 1996  2  5  36     0.3    6.5   10.3 -999.9    4.0    3.2    5.6  330.0
climtou 1996  2  6  37    -0.6    8.8    3.0 -999.9   13.5    7.1    7.3  330.0
climtou 1996  2  7  38     3.9   10.5    2.2 -999.9    0.0    6.8    8.9  330.0
climtou 1996  2  8  39     3.5    9.0    7.7 -999.9    0.0    8.9    7.0  330.0
climtou 1996  2  9  40    -2.3   11.6   10.7 -999.9    2.5    2.8    6.2  330.0
climtou 1996  2 10  41     4.1   11.8    7.8 -999.9    0.5    3.4    9.0  330.0
climtou 1996  2 11  42     5.5   10.7    7.3 -999.9    0.5    5.2    9.1  330.0
climtou 1996  2 12  43     6.4   14.7    4.8 -999.9    3.0    5.1    9.7  330.0
climtou 1996  2 13  44     6.2   11.5    6.3 -999.9    7.5    5.2    9.8  330.0
climtou 1996  2 14  45     1.9    6.5    4.7 -999.9    0.0    4.6    6.8  330.0
climtou 1996  2 15  46    -0.2    5.1    5.8 -999.9    0.0    4.2    6.0  330.0
climtou 1996  2 16  47    -0.7    4.9    5.4 -999.9    0.0    5.0    5.9  330.0
climtou 1996  2 17  48     3.6   10.9    6.2 -999.9    0.0    5.3    8.3  330.0
climtou 1996  2 18  49     0.6   13.7   13.2 -999.9    7.0    3.8    7.6  330.0
climtou 1996  2 19  50     5.0    9.2    6.7 -999.9    2.5    6.8    8.7  330.0
climtou 1996  2 20  51    -1.6    4.9   10.1 -999.9    0.0    4.1    5.6  330.0
climtou 1996  2 21  52    -4.5   -0.7    4.3 -999.9    0.5    7.3    4.6  330.0
climtou 1996  2 22  53    -4.1    5.0   11.4 -999.9    1.5    6.3    4.8  330.0
climtou 1996  2 23  54     0.4    6.9    3.3 -999.9    6.5    4.1    7.5  330.0
climtou 1996  2 24  55     3.6   12.5   10.9 -999.9    0.0    2.0    9.5  330.0
climtou 1996  2 25  56     4.8   14.3   14.5 -999.9    0.0    6.3    9.5  330.0
climtou 1996  2 26  57     6.5   14.2    8.7 -999.9   16.0    3.8   10.4  330.0
climtou 1996  2 27  58     4.8    9.9    4.2 -999.9    0.5    2.9    9.7  330.0
climtou 1996  2 28  59     1.1   11.1    7.4 -999.9    0.0    0.7    9.0  330.0
climtou 1996  2 29  60     0.6    6.9    4.1 -999.9    0.0    1.8    7.8  330.0
climtou 1996  3  1  61     5.3   11.3    7.6 -999.9    0.0    5.1    9.1  330.0
climtou 1996  3  2  62     5.9    9.6    5.3 -999.9    0.0    4.7    8.3  330.0
climtou 1996  3  3  63    -0.2    9.0   10.7 -999.9    0.0    4.2    5.6  330.0
climtou 1996  3  4  64     2.9   10.2   12.3 -999.9    0.0    3.2    7.2  330.0
climtou 1996  3  5  65     0.1    9.2   14.8 -999.9    0.0    2.8    6.0  330.0
climtou 1996  3  6  66     3.1   11.0   11.8 -999.9    0.0    1.2    7.2  330.0
climtou 1996  3  7  67    -2.7   12.4   14.2 -999.9    0.0    1.9    6.5  330.0
climtou 1996  3  8  68     4.3   13.6   15.5 -999.9    0.0    8.9    9.0  330.0
climtou 1996  3  9  69     6.9   12.2   13.4 -999.9    0.0   10.1   10.4  330.0
climtou 1996  3 10  70     7.1   15.9   12.6 -999.9    0.0    4.5   10.4  330.0
climtou 1996  3 11  71     2.1   11.9   15.2 -999.9    0.0    3.3    6.4  330.0
climtou 1996  3 12  72    -2.8   15.7   17.1 -999.9    0.0    0.9    5.9  330.0
climtou 1996  3 13  73     1.3   15.5   16.3 -999.9    0.0    5.5    7.4  330.0
climtou 1996  3 14  74     8.2   15.1    9.3 -999.9   18.5    4.2   10.9  330.0
climtou 1996  3 15  75     6.7    8.9    2.5 -999.9   31.0    3.8   10.2  330.0
climtou 1996  3 16  76     5.9   10.1    8.5 -999.9    2.5    5.7    9.4  330.0
climtou 1996  3 17  77     4.5   12.4   15.4 -999.9    0.0    3.3    8.1  330.0
climtou 1996  3 18  78     0.2   15.7   18.1 -999.9    0.0    0.9    7.3  330.0
climtou 1996  3 19  79     0.5   16.7   17.0 -999.9    0.0    4.4    8.6  330.0
climtou 1996  3 20  80     8.6   17.1   12.3 -999.9    0.0    2.9   11.1  330.0
climtou 1996  3 21  81     8.5   19.1   16.8 -999.9    0.5    3.7   11.6  330.0
climtou 1996  3 22  82     5.7   22.9   18.3 -999.9    0.0    2.0   11.0  330.0
climtou 1996  3 23  83     6.3   15.6   14.4 -999.9    0.0    6.7   11.3  330.0
climtou 1996  3 24  84    10.9   16.1   11.3 -999.9    0.0    9.7   12.3  330.0
climtou 1996  3 25  85     8.8   19.0   17.5 -999.9    0.0    5.1   12.7  330.0
climtou 1996  3 26  86    10.6   14.9    5.3 -999.9    6.0    4.4   12.9  330.0
climtou 1996  3 27  87    10.4   15.0    5.8 -999.9   16.5    5.2   12.7  330.0
climtou 1996  3 28  88     5.5   13.5   20.4 -999.9    0.0    4.3    8.0  330.0
climtou 1996  3 29  89     3.6   13.1   19.2 -999.9    0.0    2.9    8.5  330.0
climtou 1996  3 30  90    -0.3   14.4   19.9 -999.9    0.0    2.6    7.2  330.0
climtou 1996  3 31  91    -0.2   15.4   16.4 -999.9    0.0    1.1    7.4  330.0
climtou 1996  4  1  92     7.4   18.5   13.7 -999.9   17.0    3.7   12.2  330.0
climtou 1996  4  2  93     4.2   11.2   20.0 -999.9    0.0    5.9    7.2  330.0
climtou 1996  4  3  94     0.3    8.2   11.8 -999.9    0.0    4.4    5.3  330.0
climtou 1996  4  4  95     0.1   12.6   20.9 -999.9    0.0    2.3    5.9  330.0
climtou 1996  4  5  96    -1.5   16.2   21.1 -999.9    0.0    2.8    7.4  330.0
climtou 1996  4  6  97     5.7   17.7   19.5 -999.9    0.0    3.2   10.7  330.0
climtou 1996  4  7  98     5.5   16.9   16.3 -999.9    0.0    1.8   10.1  330.0
climtou 1996  4  8  99     8.6   16.4   16.3 -999.9    0.0    3.1   10.5  330.0
climtou 1996  4  9 100     4.1   19.6   19.7 -999.9    0.0    1.2    9.9  330.0
climtou 1996  4 10 101     3.7   20.6   19.8 -999.9    0.0    1.9    9.9  330.0
climtou 1996  4 11 102    11.8   18.2   10.2 -999.9    0.0    1.9   13.5  330.0
climtou 1996  4 12 103     5.1   21.9   21.0 -999.9    0.0    0.9   10.4  330.0
climtou 1996  4 13 104     6.5   22.2   17.7 -999.9    1.0    2.5   10.3  330.0
climtou 1996  4 14 105    10.2   15.9    7.1 -999.9    0.0    3.8   12.0  330.0
climtou 1996  4 15 106    10.5   17.3    8.4 -999.9    0.5    2.2   13.1  330.0
climtou 1996  4 16 107     2.8   21.1   18.3 -999.9   20.0    2.9    9.9  330.0
climtou 1996  4 17 108     7.8   15.8   13.8 -999.9    5.5    4.3   11.5  330.0
climtou 1996  4 18 109     5.2   17.7   22.7 -999.9    0.0    1.0   10.5  330.0
climtou 1996  4 19 110     3.7   20.9   23.8 -999.9    0.0    4.0    9.9  330.0
climtou 1996  4 20 111    11.2   20.1   19.0 -999.9    0.0    6.9   11.1  330.0
climtou 1996  4 21 112    13.0   18.1   15.3 -999.9    0.0    8.3   13.5  330.0
climtou 1996  4 22 113    13.9   17.6   11.1 -999.9    0.5    8.6   15.4  330.0
climtou 1996  4 23 114    10.9   16.5   10.7 -999.9    4.5    1.4   13.5  330.0
climtou 1996  4 24 115     4.8   16.5   16.2 -999.9    0.0    1.5   10.7  330.0
climtou 1996  4 25 116     7.6   18.4   22.1 -999.9    0.0    2.3   10.2  330.0
climtou 1996  4 26 117     6.5   20.0   16.2 -999.9    0.0    1.3   11.0  330.0
climtou 1996  4 27 118    11.0   18.0   10.4 -999.9    1.5    0.7   14.4  330.0
climtou 1996  4 28 119    11.6   19.5   10.1 -999.9    4.5    1.3   16.0  330.0
climtou 1996  4 29 120    12.5   17.5    6.3 -999.9    3.5    2.3   16.0  330.0
climtou 1996  4 30 121     9.9   17.7   16.3 -999.9    0.0    2.3   12.5  330.0
climtou 1996  5  1 122     8.2   17.0   14.8 -999.9    1.5    1.7   11.6  330.0
climtou 1996  5  2 123     7.3   16.7   19.0 -999.9    6.5    3.7   10.6  330.0
climtou 1996  5  3 124     8.1   17.5   18.3 -999.9    0.0    4.1   11.3  330.0
climtou 1996  5  4 125     6.9   21.9   24.0 -999.9    0.0    1.7   11.8  330.0
climtou 1996  5  5 126     9.4   22.0   25.7 -999.9    0.0    5.0   12.7  330.0
climtou 1996  5  6 127    13.0   20.9   26.0 -999.9    0.0    7.6   14.5  330.0
climtou 1996  5  7 128    13.7   18.2    9.6 -999.9   51.0    3.4   15.6  330.0
climtou 1996  5  8 129    11.5   19.3    9.7 -999.9    4.5    2.0   15.7  330.0
climtou 1996  5  9 130    11.5   20.0   13.0 -999.9    7.5    3.0   15.6  330.0
climtou 1996  5 10 131    10.7   14.7    7.7 -999.9    0.0    2.9   13.1  330.0
climtou 1996  5 11 132    10.3   11.3    4.3 -999.9   22.0    2.4   12.1  330.0
climtou 1996  5 12 133     9.2   15.2   13.6 -999.9    2.0    5.7   11.1  330.0
climtou 1996  5 13 134     7.7   14.1   12.2 -999.9    0.0    4.1   10.2  330.0
climtou 1996  5 14 135     3.4   17.6   21.2 -999.9    0.0    0.9   10.3  330.0
climtou 1996  5 15 136     5.9   24.2   26.5 -999.9    0.0    1.1   13.1  330.0
climtou 1996  5 16 137    12.3   22.2   25.7 -999.9    0.0    6.2   16.1  330.0
climtou 1996  5 17 138    14.4   21.6   23.0 -999.9    0.5    6.2   17.1  330.0
climtou 1996  5 18 139    13.5   24.9   25.0 -999.9    5.0    5.3   17.3  330.0
climtou 1996  5 19 140     9.2   18.5   17.4 -999.9    2.0    1.7   12.7  330.0
climtou 1996  5 20 141     7.3   18.0   19.1 -999.9    0.0    3.0   11.5  330.0
climtou 1996  5 21 142     6.0   17.5   15.3 -999.9    0.0    3.0   10.9  330.0
climtou 1996  5 22 143     6.2   23.7   26.1 -999.9    0.0    1.2   11.0  330.0
climtou 1996  5 23 144    12.1   25.8   26.9 -999.9    0.0    1.2   13.5  330.0
climtou 1996  5 24 145    10.6   27.1   25.5 -999.9    3.0    3.8   15.6  330.0
climtou 1996  5 25 146    14.3   24.0   15.2 -999.9    0.0    2.5   17.2  330.0
climtou 1996  5 26 147    15.1   22.9   19.4 -999.9    0.0    4.9   15.7  330.0
climtou 1996  5 27 148    15.3   23.4   24.3 -999.9    0.0    7.1   14.5  330.0
climtou 1996  5 28 149    13.4   20.1   17.3 -999.9    0.0    3.6   13.2  330.0
climtou 1996  5 29 150     8.3   27.6   27.7 -999.9    0.0    1.2   12.7  330.0
climtou 1996  5 30 151    12.5   27.1   28.5 -999.9    0.0    5.4   11.2  330.0
climtou 1996  5 31 152    13.5   19.8    7.6 -999.9    2.5    2.5   15.4  330.0
climtou 1996  6  1 153    10.9   15.3    6.9 -999.9    4.0    2.8   13.6  330.0
climtou 1996  6  2 154    10.3   14.5    7.3 -999.9    4.0    2.9   13.5  330.0
climtou 1996  6  3 155    11.0   17.4    8.8 -999.9    0.0    4.1   13.3  330.0
climtou 1996  6  4 156    11.3   25.4   27.6 -999.9    0.0    1.8   14.9  330.0
climtou 1996  6  5 157    11.4   29.5   27.8 -999.9    0.0    2.3   16.7  330.0
climtou 1996  6  6 158    13.3   29.9   27.5 -999.9    0.0    4.1   16.0  330.0
climtou 1996  6  7 159    18.1   29.6   27.4 -999.9    0.0    6.3   17.3  330.0
climtou 1996  6  8 160    16.9   27.2   23.0 -999.9    0.0    2.4   18.6  330.0
climtou 1996  6  9 161    17.0   29.8   24.9 -999.9    0.0    1.6   19.8  330.0
climtou 1996  6 10 162    15.4   32.0   24.8 -999.9    0.0    1.3   20.8  330.0
climtou 1996  6 11 163    17.9   33.3   26.1 -999.9    0.0    1.4   22.5  330.0
climtou 1996  6 12 164    18.2   29.1   24.6 -999.9    0.0    3.4   20.7  330.0
climtou 1996  6 13 165    18.1   28.8   27.1 -999.9    0.0    3.4   18.6  330.0
climtou 1996  6 14 166    13.1   31.5   28.0 -999.9    0.0    1.4   16.1  330.0
climtou 1996  6 15 167    14.3   31.1   27.4 -999.9    0.0    2.8   17.6  330.0
climtou 1996  6 16 168    17.2   31.6   27.2 -999.9    0.0    2.8   20.2  330.0
climtou 1996  6 17 169    16.1   30.8   27.1 -999.9    0.0    4.1   18.3  330.0
climtou 1996  6 18 170    18.7   30.9   23.5 -999.9    0.0    3.1   21.9  330.0
climtou 1996  6 19 171    17.8   30.9   24.2 -999.9    0.0    2.5   20.3  330.0
climtou 1996  6 20 172    17.9   26.4   17.3 -999.9    0.0    2.1   18.9  330.0
climtou 1996  6 21 173    15.5   22.9   12.5 -999.9    9.0    4.4   18.1  330.0
climtou 1996  6 22 174    13.5   21.3   12.7 -999.9    1.5    5.0   15.3  330.0
climtou 1996  6 23 175    11.3   21.7   15.6 -999.9    0.0    3.7   13.8  330.0
climtou 1996  6 24 176    10.4   21.3   21.2 -999.9    3.5    4.1   11.8  330.0
climtou 1996  6 25 177    12.2   20.9   18.4 -999.9    3.0    4.0   13.7  330.0
climtou 1996  6 26 178    13.1   22.3   14.6 -999.9    0.0    3.6   15.9  330.0
climtou 1996  6 27 179    13.8   25.9   26.4 -999.9    0.0    2.0   16.4  330.0
climtou 1996  6 28 180    10.7   30.0   27.0 -999.9    0.0    1.5   15.2  330.0
climtou 1996  6 29 181    15.5   24.8   20.1 -999.9    0.0    4.4   16.6  330.0
climtou 1996  6 30 182    13.7   25.0   22.7 -999.9    0.0    3.3   15.1  330.0
climtou 1996  7  1 183    13.5   23.7   18.3 -999.9    3.0    3.6   16.0  330.0
climtou 1996  7  2 184    13.4   22.0   14.2 -999.9    1.5    2.3   16.5  330.0
climtou 1996  7  3 185    11.7   27.7   21.8 -999.9    0.0    1.2   17.7  330.0
climtou 1996  7  4 186    14.5   26.1   10.4 -999.9    1.5    1.1   20.0  330.0
climtou 1996  7  5 187    16.9   21.8    7.7 -999.9    6.0    2.7   20.9  330.0
climtou 1996  7  6 188    14.3   21.1   12.6 -999.9    0.0    2.3   16.6  330.0
climtou 1996  7  7 189    11.7   21.2    7.4 -999.9   14.5    3.8   17.3  330.0
climtou 1996  7  8 190    11.8   21.6   19.1 -999.9    0.0    5.3   14.2  330.0
climtou 1996  7  9 191    11.7   23.1   23.9 -999.9    0.5    3.4   14.6  330.0
climtou 1996  7 10 192    12.9   22.9   16.0 -999.9    0.0    3.6   15.7  330.0
climtou 1996  7 11 193    15.4   25.2   21.4 -999.9    0.0    3.3   17.3  330.0
climtou 1996  7 12 194    17.1   27.2   25.8 -999.9    0.0    2.6   19.7  330.0
climtou 1996  7 13 195    14.9   28.3   24.6 -999.9    0.0    1.3   19.3  330.0
climtou 1996  7 14 196    13.5   32.4   25.8 -999.9    0.0    1.0   20.0  330.0
climtou 1996  7 15 197    15.2   32.9   25.3 -999.9    0.0    1.2   20.5  330.0
climtou 1996  7 16 198    16.3   33.3   25.4 -999.9    0.0    1.0   21.4  330.0
climtou 1996  7 17 199    16.7   34.2   23.8 -999.9    0.0    1.4   22.3  330.0
climtou 1996  7 18 200    19.7   32.9   23.7 -999.9    0.0    2.3   22.4  330.0
climtou 1996  7 19 201    16.5   31.4   26.1 -999.9    0.0    2.6   18.0  330.0
climtou 1996  7 20 202    17.4   30.8   25.8 -999.9    0.0    2.3   19.5  330.0
climtou 1996  7 21 203    13.8   34.3   26.5 -999.9    0.0    2.0   17.5  330.0
climtou 1996  7 22 204    19.4   29.1   25.5 -999.9    0.0    7.2   20.3  330.0
climtou 1996  7 23 205    21.5   29.4   18.1 -999.9    0.0    6.3   25.7  330.0
climtou 1996  7 24 206    20.9   26.8   12.8 -999.9    0.0    1.9   24.8  330.0
climtou 1996  7 25 207    17.7   31.4   19.3 -999.9    3.5    1.3   23.0  330.0
climtou 1996  7 26 208    19.2   30.7   19.2 -999.9    0.0    2.3   25.6  330.0
climtou 1996  7 27 209    18.9   27.0   12.3 -999.9   40.0    3.2   23.8  330.0
climtou 1996  7 28 210    17.0   26.0   15.6 -999.9    0.0    2.8   21.7  330.0
climtou 1996  7 29 211    14.1   29.5   23.5 -999.9    0.5    2.0   21.1  330.0
climtou 1996  7 30 212    18.1   26.5   18.7 -999.9    0.0    3.3   20.3  330.0
climtou 1996  7 31 213    13.0   28.9   25.6 -999.9    0.0    1.0   18.7  330.0
climtou 1996  8  1 214    14.9   30.3   24.4 -999.9    0.0    1.5   20.3  330.0
climtou 1996  8  2 215    18.9   22.5    6.9 -999.9    0.0    2.6   20.3  330.0
climtou 1996  8  3 216    17.2   25.9   13.0 -999.9    0.0    1.7   21.2  330.0
climtou 1996  8  4 217    11.2   31.2   20.9 -999.9   14.5    1.5   16.6  330.0
climtou 1996  8  5 218    16.6   27.5   15.8 -999.9    0.0    1.2   21.7  330.0
climtou 1996  8  6 219    16.8   27.8   13.4 -999.9    4.0    2.8   24.2  330.0
climtou 1996  8  7 220    17.6   26.6   15.1 -999.9    0.5    1.5   23.5  330.0
climtou 1996  8  8 221    18.6   27.6   17.5 -999.9    0.0    1.5   23.7  330.0
climtou 1996  8  9 222    16.0   32.3   23.4 -999.9    0.0    1.8   22.4  330.0
climtou 1996  8 10 223    19.2   29.0   14.3 -999.9    4.5    2.6   25.2  330.0
climtou 1996  8 11 224    18.3   24.4   13.1 -999.9    2.5    3.3   21.3  330.0
climtou 1996  8 12 225    15.8   23.9   15.8 -999.9    0.0    3.6   19.0  330.0
climtou 1996  8 13 226    15.0   24.9   20.3 -999.9    0.0    1.8   18.2  330.0
climtou 1996  8 14 227    11.3   26.4   19.5 -999.9    0.0    1.0   17.1  330.0
climtou 1996  8 15 228    12.8   28.1   23.2 -999.9    0.0    1.7   18.5  330.0
climtou 1996  8 16 229    12.2   30.3   23.4 -999.9    0.0    1.0   18.6  330.0
climtou 1996  8 17 230    11.8   31.1   23.4 -999.9    0.0    1.3   17.8  330.0
climtou 1996  8 18 231    11.8   32.0   23.5 -999.9    0.0    0.8   18.4  330.0
climtou 1996  8 19 232    13.0   30.2   21.6 -999.9    0.0    3.5   20.8  330.0
climtou 1996  8 20 233    17.2   26.8    9.5 -999.9   33.5    2.6   23.5  330.0
climtou 1996  8 21 234    16.8   25.0   14.0 -999.9    0.0    2.3   21.0  330.0
climtou 1996  8 22 235    15.1   26.4   21.4 -999.9    0.0    1.4   19.5  330.0
climtou 1996  8 23 236    13.3   25.8   12.3 -999.9    1.0    3.0   19.5  330.0
climtou 1996  8 24 237    16.2   24.0   14.4 -999.9    0.0    2.8   18.5  330.0
climtou 1996  8 25 238    13.5   24.9   16.1 -999.9    0.0    1.2   17.1  330.0
climtou 1996  8 26 239    16.0   20.0    7.2 -999.9    6.5    1.0   19.3  330.0
climtou 1996  8 27 240    16.0   18.8    3.5 -999.9    9.0    2.3   19.4  330.0
climtou 1996  8 28 241    12.3   22.2   17.8 -999.9    0.0    3.3   16.0  330.0
climtou 1996  8 29 242    11.1   22.0   16.0 -999.9    0.5    2.2   15.3  330.0
climtou 1996  8 30 243    11.7   20.9   11.7 -999.9    1.5    2.2   15.5  330.0
climtou 1996  8 31 244    11.8   22.5   18.0 -999.9    0.0    2.8   14.5  330.0
climtou 1996  9  1 245    12.9   23.6   21.1 -999.9    0.0    2.8   13.9  330.0
climtou 1996  9  2 246     8.3   21.3   20.9 -999.9    0.0    1.9   11.6  330.0
climtou 1996  9  3 247    13.1   22.3   16.4 -999.9    0.0    2.5   13.9  330.0
climtou 1996  9  4 248     8.6   26.4   20.4 -999.9    0.0    0.8   15.1  330.0
climtou 1996  9  5 249     8.7   27.5   19.5 -999.9    0.0    2.0   15.5  330.0
climtou 1996  9  6 250    14.8   26.5   18.6 -999.9    0.0    2.2   18.7  330.0
climtou 1996  9  7 251     9.8   26.7   20.7 -999.9    0.0    1.7   14.4  330.0
climtou 1996  9  8 252     7.0   25.9   20.3 -999.9    0.0    1.1   12.1  330.0
climtou 1996  9  9 253     9.3   22.1   20.6 -999.9    0.0    2.1   11.8  330.0
climtou 1996  9 10 254     4.9   24.7   19.8 -999.9    0.0    0.8   12.3  330.0
climtou 1996  9 11 255     6.2   24.4   16.4 -999.9    0.0    0.6   12.8  330.0
climtou 1996  9 12 256    12.3   24.5   18.6 -999.9    0.0    4.0   13.7  330.0
climtou 1996  9 13 257    14.2   21.2   11.1 -999.9    0.0    4.3   14.4  330.0
climtou 1996  9 14 258     5.7   21.8   19.9 -999.9    0.0    1.3   10.3  330.0
climtou 1996  9 15 259     3.7   24.0   19.6 -999.9    0.0    0.8   11.4  330.0
climtou 1996  9 16 260     3.7   27.8   19.6 -999.9    0.0    1.8   11.7  330.0
climtou 1996  9 17 261    15.1   17.4    2.3 -999.9   15.5    2.6   17.7  330.0
climtou 1996  9 18 262    14.3   21.2   12.6 -999.9   17.5    1.9   18.9  330.0
climtou 1996  9 19 263    12.1   21.3   11.3 -999.9    0.0    2.4   16.7  330.0
climtou 1996  9 20 264     8.1   18.4    6.8 -999.9    0.5    2.6   14.4  330.0
climtou 1996  9 21 265    12.1   17.7    7.2 -999.9    1.5    3.8   15.6  330.0
climtou 1996  9 22 266    11.2   18.1    8.4 -999.9    0.0    3.5   14.7  330.0
climtou 1996  9 23 267     9.7   20.0   15.6 -999.9    0.5    3.2   13.4  330.0
climtou 1996  9 24 268    11.9   18.1    4.6 -999.9    8.0    3.2   15.1  330.0
climtou 1996  9 25 269    13.0   21.7    9.7 -999.9    9.5    2.9   14.4  330.0
climtou 1996  9 26 270    12.6   21.4   13.0 -999.9    0.5    2.1   14.3  330.0
climtou 1996  9 27 271    12.9   21.8    5.6 -999.9    3.5    3.0   18.2  330.0
climtou 1996  9 28 272    13.0   21.5   14.3 -999.9    0.0    1.1   14.2  330.0
climtou 1996  9 29 273     6.1   25.0   16.4 -999.9    0.0    0.5   12.1  330.0
climtou 1996  9 30 274     8.3   20.9   16.0 -999.9    0.0    5.6   14.0  330.0
climtou 1996 10  1 275    12.6   18.7    8.4 -999.9    2.5    4.6   13.3  330.0
climtou 1996 10  2 276    10.8   17.8    8.8 -999.9    2.0    4.3   12.2  330.0
climtou 1996 10  3 277     9.6   19.2   15.5 -999.9    0.0    2.5   12.1  330.0
climtou 1996 10  4 278     4.8   19.7   14.3 -999.9    0.5    2.0   10.5  330.0
climtou 1996 10  5 279    10.5   16.1    9.6 -999.9    1.0    3.4   11.8  330.0
climtou 1996 10  6 280     6.8   13.1    6.0 -999.9    0.0    3.6    9.7  330.0
climtou 1996 10  7 281     8.9   12.8    4.5 -999.9    0.0    4.5    9.7  330.0
climtou 1996 10  8 282     9.8   17.3   11.9 -999.9    0.0    4.7   10.3  330.0
climtou 1996 10  9 283    10.5   15.8    3.8 -999.9    1.0    2.4   12.1  330.0
climtou 1996 10 10 284    11.2   19.7   11.0 -999.9    0.0    1.8   13.2  330.0
climtou 1996 10 11 285     4.2   21.0   14.2 -999.9    0.0    0.6   11.3  330.0
climtou 1996 10 12 286     8.5   19.7   13.2 -999.9    0.0    6.7   12.2  330.0
climtou 1996 10 13 287    14.3   20.5   12.3 -999.9    0.0   10.0   14.3  330.0
climtou 1996 10 14 288    15.6   19.4    5.1 -999.9   14.5    5.7   16.7  330.0
climtou 1996 10 15 289    12.6   17.4    8.8 -999.9    1.0    4.9   13.9  330.0
climtou 1996 10 16 290     9.8   15.5    7.2 -999.9    0.5    4.0   11.7  330.0
climtou 1996 10 17 291    10.3   16.6    8.0 -999.9    0.0    2.5   12.2  330.0
climtou 1996 10 18 292     5.1   19.8    5.6 -999.9    2.0    1.7   12.8  330.0
climtou 1996 10 19 293    11.2   20.3    9.2 -999.9    0.0    2.5   14.5  330.0
climtou 1996 10 20 294     5.3   20.7   10.4 -999.9    0.0    0.3   12.6  330.0
climtou 1996 10 21 295     8.0   22.3   10.7 -999.9    0.0    1.0   13.8  330.0
climtou 1996 10 22 296     8.9   23.5   10.2 -999.9    0.0    0.4   16.0  330.0
climtou 1996 10 23 297     7.9   22.2   12.8 -999.9    0.5    4.8   12.8  330.0
climtou 1996 10 24 298    13.5   19.4   12.3 -999.9    0.0    6.9   14.0  330.0
climtou 1996 10 25 299    13.4   19.7    7.7 -999.9    0.5    3.5   15.2  330.0
climtou 1996 10 26 300    13.3   18.5    7.2 -999.9    0.0    1.2   14.0  330.0
climtou 1996 10 27 301     7.4   20.3    9.3 -999.9    0.0    2.8   12.2  330.0
climtou 1996 10 28 302    12.0   23.1    9.8 -999.9    1.0    2.2   15.0  330.0
climtou 1996 10 29 303    12.2   16.8    5.6 -999.9    1.0    4.3   13.4  330.0
climtou 1996 10 30 304     7.4   15.9   10.4 -999.9    0.0    2.1   10.7  330.0
climtou 1996 10 31 305     0.4   17.2   10.9 -999.9    0.5    0.7    9.2  330.0
climtou 1996 11  1 306     5.5   18.4    5.7 -999.9    0.0    2.2   11.2  330.0
climtou 1996 11  2 307     8.9   17.1    9.4 -999.9    0.5    1.0   13.0  330.0
climtou 1996 11  3 308     5.2   10.3    2.5 -999.9    0.0    0.8   10.4  330.0
climtou 1996 11  4 309     8.3   18.4    9.6 -999.9    7.0    4.5   13.2  330.0
climtou 1996 11  5 310    10.4   15.0    7.0 -999.9    4.0    4.0   12.3  330.0
climtou 1996 11  6 311     7.2   16.7    8.7 -999.9    0.0    1.1   11.4  330.0
climtou 1996 11  7 312     6.2   20.6    7.8 -999.9    1.5    3.0   12.4  330.0
climtou 1996 11  8 313    11.5   15.2    4.0 -999.9    0.0    1.7   13.5  330.0
climtou 1996 11  9 314     6.5   15.2    6.7 -999.9    0.0    0.6   11.1  330.0
climtou 1996 11 10 315     8.1   15.3    7.8 -999.9    0.0    3.5   11.4  330.0
climtou 1996 11 11 316     7.3   18.6    3.5 -999.9    0.0    3.3   10.7  330.0
climtou 1996 11 12 317     7.7   16.1    4.4 -999.9    5.5    1.8   12.2  330.0
climtou 1996 11 13 318     6.9   13.6    5.6 -999.9    0.0    1.5   11.5  330.0
climtou 1996 11 14 319     6.7    8.6    2.5 -999.9    0.0    3.7    9.3  330.0
climtou 1996 11 15 320     2.3    6.1    5.5 -999.9    0.0    1.7    6.9  330.0
climtou 1996 11 16 321     4.0    4.7    2.6 -999.9   17.0    1.6    7.9  330.0
climtou 1996 11 17 322     0.9    6.4    1.8 -999.9   12.5    2.8    7.6  330.0
climtou 1996 11 18 323     4.3    8.8    3.7 -999.9    2.5    5.5    8.3  330.0
climtou 1996 11 19 324     0.2    9.3    3.3 -999.9   11.5    4.0    7.5  330.0
climtou 1996 11 20 325     5.0    8.4    2.5 -999.9   15.0    6.0    8.4  330.0
climtou 1996 11 21 326     5.3   14.2    2.7 -999.9    1.5    2.8   10.7  330.0
climtou 1996 11 22 327     3.8   10.1    8.1 -999.9    7.5    4.3    8.0  330.0
climtou 1996 11 23 328     3.7   11.4    4.4 -999.9    3.0    3.7    9.3  330.0
climtou 1996 11 24 329     0.8   10.5    8.4 -999.9    2.0    1.2    8.0  330.0
climtou 1996 11 25 330     2.0   13.0    1.2 -999.9   29.5    3.7    9.5  330.0
climtou 1996 11 26 331     7.7   10.9    3.1 -999.9   10.5    4.7   10.7  330.0
climtou 1996 11 27 332     6.9   14.6    1.7 -999.9    5.5    4.7   11.6  330.0
climtou 1996 11 28 333     4.3    7.1    4.7 -999.9    0.0    6.9    7.2  330.0
climtou 1996 11 29 334     0.2   12.4    5.1 -999.9    2.0    4.2    8.0  330.0
climtou 1996 11 30 335     9.8   14.2    0.8 -999.9   32.0    8.3   12.9  330.0
climtou 1996 12  1 336     6.3   12.9    7.7 -999.9    1.0    4.9   10.3  330.0
climtou 1996 12  2 337     8.4   12.5    5.4 -999.9    0.0    5.0   10.6  330.0
climtou 1996 12  3 338     2.7   12.1    7.7 -999.9    0.0    3.3    8.9  330.0
climtou 1996 12  4 339     4.8   14.8    6.2 -999.9    7.0    2.8   10.4  330.0
climtou 1996 12  5 340     8.4   13.0    0.8 -999.9    0.0    4.7   11.4  330.0
climtou 1996 12  6 341     6.9   11.9    5.0 -999.9    9.0    2.4   10.8  330.0
climtou 1996 12  7 342     7.9    9.7    0.2 -999.9   13.5    0.6   11.3  330.0
climtou 1996 12  8 343     7.0   10.4    0.8 -999.9    4.5    1.2   11.0  330.0
climtou 1996 12  9 344     8.0    9.9    1.3 -999.9    7.5    0.8   11.3  330.0
climtou 1996 12 10 345     6.3    9.0    2.5 -999.9    0.5    1.1   10.2  330.0
climtou 1996 12 11 346     3.0   12.3    6.8 -999.9    0.0    4.7    9.4  330.0
climtou 1996 12 12 347     9.5   15.3    5.7 -999.9    0.0    5.9   12.7  330.0
climtou 1996 12 13 348    10.9   14.7    3.7 -999.9    1.0    2.9   14.0  330.0
climtou 1996 12 14 349     7.6   11.4    1.5 -999.9    3.0    3.4   11.6  330.0
climtou 1996 12 15 350     3.6    5.8    2.4 -999.9    0.0    1.8    7.4  330.0
climtou 1996 12 16 351     0.2   10.9    6.9 -999.9    0.0    3.6    8.1  330.0
climtou 1996 12 17 352     7.5   13.2    5.2 -999.9    0.0    6.3   11.0  330.0
climtou 1996 12 18 353    10.0   13.9    4.6 -999.9    0.0    6.7   12.6  330.0
climtou 1996 12 19 354    10.5   14.3    1.7 -999.9   16.0    1.9   13.7  330.0
climtou 1996 12 20 355     5.5   12.5    4.3 -999.9    0.0    0.4   11.1  330.0
climtou 1996 12 21 356     8.1   16.0    2.8 -999.9    1.0    4.4   12.2  330.0
climtou 1996 12 22 357    10.9   15.2    4.1 -999.9    1.0    6.3   13.0  330.0
climtou 1996 12 23 358     6.9   12.0    2.8 -999.9    0.0    0.5   11.8  330.0
climtou 1996 12 24 359     8.3   11.0    2.4 -999.9    4.5    2.1   11.8  330.0
climtou 1996 12 25 360     6.1    7.9    1.7 -999.9    3.0    6.5    8.7  330.0
climtou 1996 12 26 361    -1.4    1.1    4.3 -999.9    0.0    4.8    5.2  330.0
climtou 1996 12 27 362    -5.7    2.1    5.5 -999.9    0.0    0.2    5.0  330.0
climtou 1996 12 28 363    -4.2   -2.0    2.1 -999.9    0.0    1.2    4.6  330.0
climtou 1996 12 29 364    -6.3   -2.8    1.6 -999.9    0.0    0.4    4.3  330.0
climtou 1996 12 30 365    -5.0   -3.4    1.5 -999.9    0.0    1.1    4.3  330.0
climtou 1996 12 31 366    -5.1    1.2    2.8 -999.9    0.0    0.6    5.1  330.0
