climbld 2001  1  1   1    -3.4   14.3    1.0    0.4    0.0 -999.9 -999.9  330.0
climbld 2001  1  2   2    11.4   15.6    2.7    0.9    0.6 -999.9 -999.9  330.0
climbld 2001  1  3   3     2.8   14.4    6.6    0.2    0.0 -999.9 -999.9  330.0
climbld 2001  1  4   4     3.0   13.7    3.6    0.5    8.4 -999.9 -999.9  330.0
climbld 2001  1  5   5     1.8   14.9    2.3    0.6    0.0 -999.9 -999.9  330.0
climbld 2001  1  6   6     7.2   12.5    0.8    0.2    4.4 -999.9 -999.9  330.0
climbld 2001  1  7   7     5.6   10.7    4.7    0.4    0.0 -999.9 -999.9  330.0
climbld 2001  1  8   8     0.0   10.5    6.8    0.2    0.2 -999.9 -999.9  330.0
climbld 2001  1  9   9     3.4   11.0    4.5    0.7    1.2 -999.9 -999.9  330.0
climbld 2001  1 10  10     8.8   13.7    2.8    0.9    0.0 -999.9 -999.9  330.0
climbld 2001  1 11  11     9.5   16.0    3.4    0.8    2.4 -999.9 -999.9  330.0
climbld 2001  1 12  12    10.5   13.6    1.6    0.3    8.8 -999.9 -999.9  330.0
climbld 2001  1 13  13     5.6   10.1    4.3    0.4    0.6 -999.9 -999.9  330.0
climbld 2001  1 14  14     4.0    8.4    5.6    0.3    0.8 -999.9 -999.9  330.0
climbld 2001  1 15  15     3.4    6.0    2.3    0.6    0.2 -999.9 -999.9  330.0
climbld 2001  1 16  16     3.6    7.6    5.0    0.7    3.0 -999.9 -999.9  330.0
climbld 2001  1 17  17     3.7    6.4    3.3    0.4    1.8 -999.9 -999.9  330.0
climbld 2001  1 18  18     2.2    9.0    2.8    0.4    3.8 -999.9 -999.9  330.0
climbld 2001  1 19  19     6.1    8.7    2.4    0.6    1.2 -999.9 -999.9  330.0
climbld 2001  1 20  20     0.9   12.7    6.9    0.3    0.2 -999.9 -999.9  330.0
climbld 2001  1 21  21     1.7   10.7    7.7    0.6    0.0 -999.9 -999.9  330.0
climbld 2001  1 22  22    -1.6   12.3    2.6    0.4    0.6 -999.9 -999.9  330.0
climbld 2001  1 23  23     7.1   14.6    5.5    0.5    0.0 -999.9 -999.9  330.0
climbld 2001  1 24  24     7.3   14.9    1.7    0.2    4.0 -999.9 -999.9  330.0
climbld 2001  1 25  25     7.6   11.3    3.6    0.6    2.0 -999.9 -999.9  330.0
climbld 2001  1 26  26    -0.2   11.9    8.5    0.4    2.2 -999.9 -999.9  330.0
climbld 2001  1 27  27     6.9   12.6    8.9    0.9    0.2 -999.9 -999.9  330.0
climbld 2001  1 28  28    -0.4    9.2    1.4    0.3   13.8 -999.9 -999.9  330.0
climbld 2001  1 29  29     4.9    8.0    7.5    1.8    1.0 -999.9 -999.9  330.0
climbld 2001  1 30  30     5.0    7.9    9.7    3.0    0.0 -999.9 -999.9  330.0
climbld 2001  1 31  31     2.7    8.2    9.8    2.3    0.0 -999.9 -999.9  330.0
climbld 2001  2  1  32     2.5    7.1    9.9    2.6    0.0 -999.9 -999.9  330.0
climbld 2001  2  2  33     0.8    9.1    8.9    1.5    0.0 -999.9 -999.9  330.0
climbld 2001  2  3  34     0.2   13.0    7.7    0.6    0.0 -999.9 -999.9  330.0
climbld 2001  2  4  35     1.2   15.9    9.6    0.5    0.0 -999.9 -999.9  330.0
climbld 2001  2  5  36     5.4   16.3    9.5    0.7    0.0 -999.9 -999.9  330.0
climbld 2001  2  6  37     2.2   16.6    4.8    0.9    0.0 -999.9 -999.9  330.0
climbld 2001  2  7  38    13.7   18.8    5.8    2.6    0.0 -999.9 -999.9  330.0
climbld 2001  2  8  39     8.1   17.0    7.6    2.1    6.8 -999.9 -999.9  330.0
climbld 2001  2  9  40     5.0   13.4   10.6    1.3    0.0 -999.9 -999.9  330.0
climbld 2001  2 10  41     5.2   11.5   11.4    1.8    0.0 -999.9 -999.9  330.0
climbld 2001  2 11  42     3.9   18.2   11.3    1.0    0.0 -999.9 -999.9  330.0
climbld 2001  2 12  43    -0.6   17.5   10.7    1.0    0.2 -999.9 -999.9  330.0
climbld 2001  2 13  44     2.1   13.9   11.6    1.1    0.0 -999.9 -999.9  330.0
climbld 2001  2 14  45     2.0   15.7   11.1    1.1    0.0 -999.9 -999.9  330.0
climbld 2001  2 15  46     1.0   16.1   11.1    0.9    0.0 -999.9 -999.9  330.0
climbld 2001  2 16  47    -0.2   16.3   11.2    0.9    0.0 -999.9 -999.9  330.0
climbld 2001  2 17  48     5.5    8.7   12.0    2.3    0.0 -999.9 -999.9  330.0
climbld 2001  2 18  49     4.5   10.2    8.5    2.0    0.0 -999.9 -999.9  330.0
climbld 2001  2 19  50     4.4   11.8   12.4    2.6    0.0 -999.9 -999.9  330.0
climbld 2001  2 20  51     4.3    9.8   12.6    3.2    0.0 -999.9 -999.9  330.0
climbld 2001  2 21  52     4.8   12.3   13.4    3.4    0.0 -999.9 -999.9  330.0
climbld 2001  2 22  53     6.8   14.3   12.9    3.2    0.0 -999.9 -999.9  330.0
climbld 2001  2 23  54     6.9   14.8   12.5    2.6    0.0 -999.9 -999.9  330.0
climbld 2001  2 24  55     4.4   10.1   11.2    2.7    0.0 -999.9 -999.9  330.0
climbld 2001  2 25  56     1.7    7.3   12.7    2.8    0.0 -999.9 -999.9  330.0
climbld 2001  2 26  57    -0.6    7.5   14.6    2.7    0.0 -999.9 -999.9  330.0
climbld 2001  2 27  58    -4.6    8.1    5.5    1.0   46.4 -999.9 -999.9  330.0
climbld 2001  2 28  59     0.4    6.6    8.9    0.8    0.2 -999.9 -999.9  330.0
climbld 2001  3  1  60     0.7   10.3   11.2    1.2    0.0 -999.9 -999.9  330.0
climbld 2001  3  2  61     3.2   13.1    2.0    0.7    7.4 -999.9 -999.9  330.0
climbld 2001  3  3  62    10.1   16.0    7.8    1.5    3.6 -999.9 -999.9  330.0
climbld 2001  3  4  63     6.9   16.2    7.8    1.2    0.4 -999.9 -999.9  330.0
climbld 2001  3  5  64     8.5   17.3   13.1    1.9    0.0 -999.9 -999.9  330.0
climbld 2001  3  6  65     4.8   18.8   11.7    1.7    0.0 -999.9 -999.9  330.0
climbld 2001  3  7  66    11.9   18.7   10.9    1.9    2.4 -999.9 -999.9  330.0
climbld 2001  3  8  67    10.8   14.5    1.2    0.6   28.0 -999.9 -999.9  330.0
climbld 2001  3  9  68     4.9   17.0   12.1    1.4    3.0 -999.9 -999.9  330.0
climbld 2001  3 10  69     9.0   15.9    9.5    1.3    0.4 -999.9 -999.9  330.0
climbld 2001  3 11  70     8.0   20.4   13.2    1.8    0.0 -999.9 -999.9  330.0
climbld 2001  3 12  71     8.2   15.1    1.8    0.4   17.6 -999.9 -999.9  330.0
climbld 2001  3 13  72     5.1   16.4   14.7    2.0    0.0 -999.9 -999.9  330.0
climbld 2001  3 14  73     7.5   18.4   15.8    2.5    0.0 -999.9 -999.9  330.0
climbld 2001  3 15  74     3.6   19.0   17.3    2.1    0.0 -999.9 -999.9  330.0
climbld 2001  3 16  75     3.9   18.5   12.1    1.9   16.8 -999.9 -999.9  330.0
climbld 2001  3 17  76     9.7   15.4    5.2    1.1   14.0 -999.9 -999.9  330.0
climbld 2001  3 18  77     3.9   17.2   14.7    1.7    0.0 -999.9 -999.9  330.0
climbld 2001  3 19  78     7.4   17.5   17.6    2.3    0.0 -999.9 -999.9  330.0
climbld 2001  3 20  79     7.8   17.1    9.0    1.5    0.0 -999.9 -999.9  330.0
climbld 2001  3 21  80    10.1   17.2    5.9    1.1    0.2 -999.9 -999.9  330.0
climbld 2001  3 22  81    11.8   23.4   14.7    2.7    0.0 -999.9 -999.9  330.0
climbld 2001  3 23  82     9.1   21.2   13.3    2.2    0.0 -999.9 -999.9  330.0
climbld 2001  3 24  83     8.0   21.9   11.1    2.0    0.0 -999.9 -999.9  330.0
climbld 2001  3 25  84     9.6   20.5   17.4    2.9    0.2 -999.9 -999.9  330.0
climbld 2001  3 26  85     6.1   19.7   19.8    2.6    0.0 -999.9 -999.9  330.0
climbld 2001  3 27  86     8.4   19.6   19.5    3.0    0.0 -999.9 -999.9  330.0
climbld 2001  3 28  87     8.4   18.2   15.6    2.4    4.8 -999.9 -999.9  330.0
climbld 2001  3 29  88    10.1   16.2   10.5    2.5    0.2 -999.9 -999.9  330.0
climbld 2001  3 30  89     7.3   13.8   20.3    4.2    0.0 -999.9 -999.9  330.0
climbld 2001  3 31  90     8.2   18.0   22.2    5.1    0.0 -999.9 -999.9  330.0
climbld 2001  4  1  91     9.0   22.0   21.6    3.1    0.0 -999.9 -999.9  330.0
climbld 2001  4  2  92     4.7   20.6   21.2    3.1    0.0 -999.9 -999.9  330.0
climbld 2001  4  3  93     5.1   19.9   19.4    2.6    0.0 -999.9 -999.9  330.0
climbld 2001  4  4  94     9.6   16.8    9.1    1.8    0.4 -999.9 -999.9  330.0
climbld 2001  4  5  95     6.4   17.5   23.0    3.7    0.0 -999.9 -999.9  330.0
climbld 2001  4  6  96     7.6   21.0   17.0    2.9   12.0 -999.9 -999.9  330.0
climbld 2001  4  7  97    10.9   17.7   17.1    3.2    0.2 -999.9 -999.9  330.0
climbld 2001  4  8  98     8.3   16.0   19.4    3.9    0.0 -999.9 -999.9  330.0
climbld 2001  4  9  99     8.3   17.0   21.5    4.0    0.0 -999.9 -999.9  330.0
climbld 2001  4 10 100     8.1   18.1   16.4    3.3    0.0 -999.9 -999.9  330.0
climbld 2001  4 11 101     8.1   14.8   20.9    4.6    0.0 -999.9 -999.9  330.0
climbld 2001  4 12 102     9.7   16.1   23.8    6.0    0.0 -999.9 -999.9  330.0
climbld 2001  4 13 103     6.7   13.8   21.7    6.3    0.0 -999.9 -999.9  330.0
climbld 2001  4 14 104     4.0   12.9   25.3    5.8    0.0 -999.9 -999.9  330.0
climbld 2001  4 15 105     3.4   17.3   20.3    3.4    0.0 -999.9 -999.9  330.0
climbld 2001  4 16 106     7.5   17.2   21.8    3.8    0.0 -999.9 -999.9  330.0
climbld 2001  4 17 107     6.8   15.5   25.5    5.1    0.0 -999.9 -999.9  330.0
climbld 2001  4 18 108     4.7   18.2   23.5    4.0    0.0 -999.9 -999.9  330.0
climbld 2001  4 19 109     5.0   16.5   16.7    3.0    0.0 -999.9 -999.9  330.0
climbld 2001  4 20 110     4.7   12.5   24.9    4.4    0.0 -999.9 -999.9  330.0
climbld 2001  4 21 111     2.8   11.6   20.0    3.5    0.2 -999.9 -999.9  330.0
climbld 2001  4 22 112     5.5   14.3   24.2    4.7    2.0 -999.9 -999.9  330.0
climbld 2001  4 23 113     7.1   17.9   14.3    2.7    0.6 -999.9 -999.9  330.0
climbld 2001  4 24 114     7.2   22.4   20.9    3.6    0.0 -999.9 -999.9  330.0
climbld 2001  4 25 115    12.9   19.9   10.7    2.9    1.4 -999.9 -999.9  330.0
climbld 2001  4 26 116     5.4   20.8   27.1    4.3    0.0 -999.9 -999.9  330.0
climbld 2001  4 27 117     5.2   23.1   25.5    4.0    0.2 -999.9 -999.9  330.0
climbld 2001  4 28 118     8.7   23.7   23.5    4.1    0.0 -999.9 -999.9  330.0
climbld 2001  4 29 119     8.2   21.7   22.6    4.0    0.0 -999.9 -999.9  330.0
climbld 2001  4 30 120    10.1   22.9   11.6    3.2    3.0 -999.9 -999.9  330.0
climbld 2001  5  1 121    11.7   17.2   10.6    2.2   19.4 -999.9 -999.9  330.0
climbld 2001  5  2 122    11.1   12.8    6.8    0.2   41.6 -999.9 -999.9  330.0
climbld 2001  5  3 123     8.3   19.0   24.9    3.6    0.0 -999.9 -999.9  330.0
climbld 2001  5  4 124    10.2   14.6   10.6    2.0    0.8 -999.9 -999.9  330.0
climbld 2001  5  5 125     9.9   19.9   14.9    3.0    0.2 -999.9 -999.9  330.0
climbld 2001  5  6 126    11.8   16.6   22.5    4.8    0.0 -999.9 -999.9  330.0
climbld 2001  5  7 127    10.8   17.4   23.6    4.7    0.0 -999.9 -999.9  330.0
climbld 2001  5  8 128    12.2   22.8   25.5    5.0    0.0 -999.9 -999.9  330.0
climbld 2001  5  9 129    10.9   23.8   21.4    3.8    0.0 -999.9 -999.9  330.0
climbld 2001  5 10 130    12.7   25.9   14.8    3.1    0.0 -999.9 -999.9  330.0
climbld 2001  5 11 131    14.9   24.2   23.9    4.4   10.6 -999.9 -999.9  330.0
climbld 2001  5 12 132     9.5   26.6   28.6    4.9    0.0 -999.9 -999.9  330.0
climbld 2001  5 13 133    10.7   25.2   26.6    4.7    0.0 -999.9 -999.9  330.0
climbld 2001  5 14 134    11.7   22.7   17.9    4.1    0.4 -999.9 -999.9  330.0
climbld 2001  5 15 135    14.6   24.3   22.6    5.0    0.0 -999.9 -999.9  330.0
climbld 2001  5 16 136    12.4   24.6   18.3    3.8    1.2 -999.9 -999.9  330.0
climbld 2001  5 17 137    13.9   23.8   23.1    4.3    0.6 -999.9 -999.9  330.0
climbld 2001  5 18 138    14.1   19.1   30.2    7.1    0.0 -999.9 -999.9  330.0
climbld 2001  5 19 139    12.2   23.9   30.1    7.2    0.0 -999.9 -999.9  330.0
climbld 2001  5 20 140    14.7   23.9   19.4    4.6    0.6 -999.9 -999.9  330.0
climbld 2001  5 21 141    15.0   21.6   14.9    3.1    0.0 -999.9 -999.9  330.0
climbld 2001  5 22 142    14.2   22.5   22.1    4.2    0.0 -999.9 -999.9  330.0
climbld 2001  5 23 143    12.6   26.0   23.2    4.3    0.0 -999.9 -999.9  330.0
climbld 2001  5 24 144    13.6   27.1   24.3    4.7   21.4 -999.9 -999.9  330.0
climbld 2001  5 25 145    15.7   27.2   29.0    6.6    0.0 -999.9 -999.9  330.0
climbld 2001  5 26 146    19.2   29.5   29.7    6.6    0.0 -999.9 -999.9  330.0
climbld 2001  5 27 147    16.0   31.3   28.3    5.8    0.0 -999.9 -999.9  330.0
climbld 2001  5 28 148    16.7   32.9   29.4    6.2    0.0 -999.9 -999.9  330.0
climbld 2001  5 29 149    21.1   33.2   30.4    7.0    0.0 -999.9 -999.9  330.0
climbld 2001  5 30 150    17.2   34.5   28.8    6.2    0.0 -999.9 -999.9  330.0
climbld 2001  5 31 151    18.3   34.5   26.5    6.5    1.2 -999.9 -999.9  330.0
climbld 2001  6  1 152    16.3   24.1   31.5    8.8    0.0 -999.9 -999.9  330.0
climbld 2001  6  2 153    14.7   25.2   29.3    7.0    0.0 -999.9 -999.9  330.0
climbld 2001  6  3 154    14.8   20.0   28.7    7.4    0.0 -999.9 -999.9  330.0
climbld 2001  6  4 155    10.2   24.1   31.7    7.2    0.0 -999.9 -999.9  330.0
climbld 2001  6  5 156    10.3   26.8   28.5    5.5    2.4 -999.9 -999.9  330.0
climbld 2001  6  6 157    16.3   24.8   27.5    5.9    0.0 -999.9 -999.9  330.0
climbld 2001  6  7 158    13.3   28.4   30.9    6.3    0.0 -999.9 -999.9  330.0
climbld 2001  6  8 159    14.4   26.3   26.9    5.5    0.0 -999.9 -999.9  330.0
climbld 2001  6  9 160    17.2   23.8   18.6    4.4    2.0 -999.9 -999.9  330.0
climbld 2001  6 10 161    16.1   19.5   13.8    3.2    0.6 -999.9 -999.9  330.0
climbld 2001  6 11 162    11.8   21.4   32.0    7.1    0.0 -999.9 -999.9  330.0
climbld 2001  6 12 163    12.7   28.7   30.5    6.3    0.0 -999.9 -999.9  330.0
climbld 2001  6 13 164    12.8   28.7   28.1    5.6    0.0 -999.9 -999.9  330.0
climbld 2001  6 14 165    12.8   29.9   28.8    5.8    0.0 -999.9 -999.9  330.0
climbld 2001  6 15 166    14.8   29.4   26.4    5.8    4.4 -999.9 -999.9  330.0
climbld 2001  6 16 167    15.9   27.3   25.7    5.7    0.2 -999.9 -999.9  330.0
climbld 2001  6 17 168    12.2   24.1   26.8    5.5    6.8 -999.9 -999.9  330.0
climbld 2001  6 18 169    13.5   20.8   30.2    7.2    0.0 -999.9 -999.9  330.0
climbld 2001  6 19 170    13.4   23.5   32.1    8.1    0.0 -999.9 -999.9  330.0
climbld 2001  6 20 171    15.3   28.1   31.8    7.3    0.0 -999.9 -999.9  330.0
climbld 2001  6 21 172    18.6   32.3   31.4    7.4    0.0 -999.9 -999.9  330.0
climbld 2001  6 22 173    18.3   32.5   31.3    7.2    0.0 -999.9 -999.9  330.0
climbld 2001  6 23 174    19.7   33.5   29.5    7.3    0.0 -999.9 -999.9  330.0
climbld 2001  6 24 175    17.8   35.3   29.3    6.5    0.0 -999.9 -999.9  330.0
climbld 2001  6 25 176    17.7   34.8   27.8    6.2    0.0 -999.9 -999.9  330.0
climbld 2001  6 26 177    17.2   33.7   29.3    6.5    0.0 -999.9 -999.9  330.0
climbld 2001  6 27 178    16.5   30.5   21.2    5.2    0.0 -999.9 -999.9  330.0
climbld 2001  6 28 179    18.9   26.3   28.9    8.1    0.0 -999.9 -999.9  330.0
climbld 2001  6 29 180    20.0   32.4   30.0    7.3    0.0 -999.9 -999.9  330.0
climbld 2001  6 30 181    17.8   34.6   29.8    6.7    0.0 -999.9 -999.9  330.0
climbld 2001  7  1 182    22.8   29.4   31.1    9.4    0.0 -999.9 -999.9  330.0
climbld 2001  7  2 183    20.2   33.5   29.9    7.5    0.0 -999.9 -999.9  330.0
climbld 2001  7  3 184    17.7   32.6   29.2    6.5    0.0 -999.9 -999.9  330.0
climbld 2001  7  4 185    17.5   30.8   25.5    6.0    0.0 -999.9 -999.9  330.0
climbld 2001  7  5 186    19.0   33.8   27.5    7.4    0.0 -999.9 -999.9  330.0
climbld 2001  7  6 187    22.5   33.4   23.2    6.4   54.8 -999.9 -999.9  330.0
climbld 2001  7  7 188    17.8   27.7   27.2    5.7    0.0 -999.9 -999.9  330.0
climbld 2001  7  8 189    15.6   30.0   26.3    5.5    0.0 -999.9 -999.9  330.0
climbld 2001  7  9 190    18.1   30.6   24.0    5.3    0.0 -999.9 -999.9  330.0
climbld 2001  7 10 191    17.8   31.9   28.0    6.1    0.0 -999.9 -999.9  330.0
climbld 2001  7 11 192    17.5   30.5   28.8    6.3    0.0 -999.9 -999.9  330.0
climbld 2001  7 12 193    15.6   30.8   30.5    6.7    0.0 -999.9 -999.9  330.0
climbld 2001  7 13 194    16.4   31.5   29.1    6.2    0.0 -999.9 -999.9  330.0
climbld 2001  7 14 195    18.7   28.6   24.6    5.6   12.6 -999.9 -999.9  330.0
climbld 2001  7 15 196    14.3   18.9    7.4    1.5   21.0 -999.9 -999.9  330.0
climbld 2001  7 16 197    12.9   23.6   25.8    5.5    0.0 -999.9 -999.9  330.0
climbld 2001  7 17 198    12.8   26.9   26.4    5.1    6.6 -999.9 -999.9  330.0
climbld 2001  7 18 199    16.8   25.3   20.8    4.5    0.0 -999.9 -999.9  330.0
climbld 2001  7 19 200    12.8   23.3   17.0    3.8    0.2 -999.9 -999.9  330.0
climbld 2001  7 20 201    15.4   22.8   26.7    6.3    0.0 -999.9 -999.9  330.0
climbld 2001  7 21 202    15.3   27.9   30.0    6.6    0.0 -999.9 -999.9  330.0
climbld 2001  7 22 203    14.0   32.5   29.0    5.8    0.0 -999.9 -999.9  330.0
climbld 2001  7 23 204    16.5   32.2   26.0    5.5    0.0 -999.9 -999.9  330.0
climbld 2001  7 24 205    20.6   29.7   29.1    7.1    0.0 -999.9 -999.9  330.0
climbld 2001  7 25 206    18.5   32.8   27.6    6.1    0.0 -999.9 -999.9  330.0
climbld 2001  7 26 207    18.5   34.2   26.9    6.1    0.0 -999.9 -999.9  330.0
climbld 2001  7 27 208    19.5   33.4   25.4    5.8    0.0 -999.9 -999.9  330.0
climbld 2001  7 28 209    20.2   32.4   19.9    4.9    0.0 -999.9 -999.9  330.0
climbld 2001  7 29 210    20.7   32.4   27.9    6.9    0.0 -999.9 -999.9  330.0
climbld 2001  7 30 211    24.1   33.2   27.6    7.4    0.0 -999.9 -999.9  330.0
climbld 2001  7 31 212    19.5   36.0   27.5    6.5    0.0 -999.9 -999.9  330.0
climbld 2001  8  1 213    22.5   36.4   26.9    6.8    0.0 -999.9 -999.9  330.0
climbld 2001  8  2 214    21.2   31.9   14.3    4.2    0.0 -999.9 -999.9  330.0
climbld 2001  8  3 215    19.2   31.9   22.3    5.3    0.0 -999.9 -999.9  330.0
climbld 2001  8  4 216    19.3   29.7   23.8    6.0    0.0 -999.9 -999.9  330.0
climbld 2001  8  5 217    17.7   27.5   27.6    6.7    0.0 -999.9 -999.9  330.0
climbld 2001  8  6 218    16.4   31.0   26.1    5.7    0.0 -999.9 -999.9  330.0
climbld 2001  8  7 219    17.4   32.5   26.8    6.0    0.0 -999.9 -999.9  330.0
climbld 2001  8  8 220    18.3   30.9   20.0    4.7    0.0 -999.9 -999.9  330.0
climbld 2001  8  9 221    20.2   25.2   15.6    4.1    2.4 -999.9 -999.9  330.0
climbld 2001  8 10 222    16.2   25.1   27.0    7.0    0.0 -999.9 -999.9  330.0
climbld 2001  8 11 223    16.3   26.0   27.1    7.6    0.0 -999.9 -999.9  330.0
climbld 2001  8 12 224    15.9   31.7   25.9    5.5    0.0 -999.9 -999.9  330.0
climbld 2001  8 13 225    12.6   33.6   26.1    5.2    0.0 -999.9 -999.9  330.0
climbld 2001  8 14 226    14.8   31.5   25.0    5.2    0.0 -999.9 -999.9  330.0
climbld 2001  8 15 227    15.5   32.2   24.4    5.3    0.0 -999.9 -999.9  330.0
climbld 2001  8 16 228    17.4   29.0   13.1    3.5    0.0 -999.9 -999.9  330.0
climbld 2001  8 17 229    20.9   30.3   20.7    4.9    0.0 -999.9 -999.9  330.0
climbld 2001  8 18 230    15.6   30.5   21.4    4.9    0.0 -999.9 -999.9  330.0
climbld 2001  8 19 231    17.5   30.1   18.8    4.4    0.4 -999.9 -999.9  330.0
climbld 2001  8 20 232    19.1   31.1   19.2    4.8    0.0 -999.9 -999.9  330.0
climbld 2001  8 21 233    19.8   31.6   24.7    5.9    0.0 -999.9 -999.9  330.0
climbld 2001  8 22 234    19.8   32.7   24.5    5.5    0.0 -999.9 -999.9  330.0
climbld 2001  8 23 235    18.1   35.0   23.6    5.3    0.0 -999.9 -999.9  330.0
climbld 2001  8 24 236    16.2   35.4   24.0    5.3    0.0 -999.9 -999.9  330.0
climbld 2001  8 25 237    17.2   35.0   23.0    5.0    0.0 -999.9 -999.9  330.0
climbld 2001  8 26 238    18.3   34.1   21.5    4.8    0.0 -999.9 -999.9  330.0
climbld 2001  8 27 239    16.7   36.1   22.2    4.8    0.0 -999.9 -999.9  330.0
climbld 2001  8 28 240    23.2   35.9   22.5    5.4    0.0 -999.9 -999.9  330.0
climbld 2001  8 29 241    19.2   35.3   21.5    5.2    0.0 -999.9 -999.9  330.0
climbld 2001  8 30 242    17.9   29.9   17.9    4.7    0.0 -999.9 -999.9  330.0
climbld 2001  8 31 243    16.5   27.4   20.2    4.6    0.0 -999.9 -999.9  330.0
climbld 2001  9  1 244    13.4   22.3   22.3    5.2    0.0 -999.9 -999.9  330.0
climbld 2001  9  2 245    15.5   27.3   22.6    5.2    0.0 -999.9 -999.9  330.0
climbld 2001  9  3 246    11.1   28.7   22.3    4.0    0.8 -999.9 -999.9  330.0
climbld 2001  9  4 247    19.0   26.9   18.2    4.7    0.0 -999.9 -999.9  330.0
climbld 2001  9  5 248    13.8   20.4   22.0    5.8    0.0 -999.9 -999.9  330.0
climbld 2001  9  6 249    12.8   23.9   21.9    6.1    0.0 -999.9 -999.9  330.0
climbld 2001  9  7 250    17.8   24.8   21.2    5.9    0.0 -999.9 -999.9  330.0
climbld 2001  9  8 251    16.1   28.2   21.4    5.7    0.0 -999.9 -999.9  330.0
climbld 2001  9  9 252    16.0   22.4   18.5    4.8    0.0 -999.9 -999.9  330.0
climbld 2001  9 10 253    12.2   20.1   21.6    5.5    0.0 -999.9 -999.9  330.0
climbld 2001  9 11 254    11.9   21.4   21.5    5.6    0.0 -999.9 -999.9  330.0
climbld 2001  9 12 255    12.5   24.0   20.8    5.0    0.0 -999.9 -999.9  330.0
climbld 2001  9 13 256     8.1   25.8   20.0    3.3    0.0 -999.9 -999.9  330.0
