climcan 1999  1  1   1    16.7   25.3    9.4    1.7   19.5 -999.9 -999.9  330.0
climcan 1999  1  2   2    16.8   27.0   19.4    4.0    9.0 -999.9 -999.9  330.0
climcan 1999  1  3   3    18.1   25.8   17.0    3.5    0.0 -999.9 -999.9  330.0
climcan 1999  1  4   4    19.5   25.1   20.0    4.1    2.5 -999.9 -999.9  330.0
climcan 1999  1  5   5    19.8   24.1   12.5    2.4    3.0 -999.9 -999.9  330.0
climcan 1999  1  6   6    19.7   27.3   24.1    5.1   12.0 -999.9 -999.9  330.0
climcan 1999  1  7   7    20.4   26.7   26.6    5.7    2.0 -999.9 -999.9  330.0
climcan 1999  1  8   8    20.0   26.5   28.2    6.1    2.5 -999.9 -999.9  330.0
climcan 1999  1  9   9    19.5   26.0   22.9    4.8   19.0 -999.9 -999.9  330.0
climcan 1999  1 10  10    18.6   25.7   24.5    5.2   10.5 -999.9 -999.9  330.0
climcan 1999  1 11  11    18.6   25.7   25.8    5.5    7.0 -999.9 -999.9  330.0
climcan 1999  1 12  12    19.3   26.0   25.4    5.4    1.0 -999.9 -999.9  330.0
climcan 1999  1 13  13    18.9   25.6   24.0    5.1    2.0 -999.9 -999.9  330.0
climcan 1999  1 14  14    19.4   25.7   24.5    5.2    0.0 -999.9 -999.9  330.0
climcan 1999  1 15  15    18.9   25.7   19.5    4.0    0.5 -999.9 -999.9  330.0
climcan 1999  1 16  16    18.3   25.7   22.4    4.7    3.0 -999.9 -999.9  330.0
climcan 1999  1 17  17    18.5   26.6   22.9    4.8    7.0 -999.9 -999.9  330.0
climcan 1999  1 18  18    19.4   25.7   24.8    5.3   30.0 -999.9 -999.9  330.0
climcan 1999  1 19  19    19.4   26.1   24.1    5.1    2.0 -999.9 -999.9  330.0
climcan 1999  1 20  20    19.4   23.0    8.3    1.4   22.0 -999.9 -999.9  330.0
climcan 1999  1 21  21    19.1   26.4   19.9    4.1    2.0 -999.9 -999.9  330.0
climcan 1999  1 22  22    19.4   25.9   26.6    5.7    0.5 -999.9 -999.9  330.0
climcan 1999  1 23  23    18.9   25.9   24.1    5.1    4.5 -999.9 -999.9  330.0
climcan 1999  1 24  24    17.9   26.4   24.8    5.3    2.0 -999.9 -999.9  330.0
climcan 1999  1 25  25    19.0   24.6   16.8    3.4   10.5 -999.9 -999.9  330.0
climcan 1999  1 26  26    19.2   26.1   24.0    5.1    6.5 -999.9 -999.9  330.0
climcan 1999  1 27  27    19.6   26.9   21.9    4.6    0.0 -999.9 -999.9  330.0
climcan 1999  1 28  28    18.3   25.3   11.6    2.2    4.0 -999.9 -999.9  330.0
climcan 1999  1 29  29    19.7   25.3   20.7    4.3    3.5 -999.9 -999.9  330.0
climcan 1999  1 30  30    19.4   26.0   30.2    6.5    0.0 -999.9 -999.9  330.0
climcan 1999  1 31  31    19.5   26.1   28.1    6.0    0.5 -999.9 -999.9  330.0
climcan 1999  2  1  32    19.0   26.6   26.5    5.7    2.0 -999.9 -999.9  330.0
climcan 1999  2  2  33    18.9   26.4   25.8    5.5   21.0 -999.9 -999.9  330.0
climcan 1999  2  3  34    20.4   25.9   17.2    3.5   23.5 -999.9 -999.9  330.0
climcan 1999  2  4  35    19.5   26.9   28.2    6.1    0.0 -999.9 -999.9  330.0
climcan 1999  2  5  36    21.2   23.3    1.8    0.2  132.5 -999.9 -999.9  330.0
climcan 1999  2  6  37    22.0   26.8   11.7    2.2   24.0 -999.9 -999.9  330.0
climcan 1999  2  7  38    21.4   25.7   13.9    2.7   16.0 -999.9 -999.9  330.0
climcan 1999  2  8  39    20.4   24.7    8.9    1.6   10.0 -999.9 -999.9  330.0
climcan 1999  2  9  40    19.4   25.0   15.9    3.2   38.0 -999.9 -999.9  330.0
climcan 1999  2 10  41    19.1   26.0   13.4    2.6   53.5 -999.9 -999.9  330.0
climcan 1999  2 11  42    19.5   25.2   10.5    2.0   20.5 -999.9 -999.9  330.0
climcan 1999  2 12  43    20.3   25.5   13.9    2.8    5.5 -999.9 -999.9  330.0
climcan 1999  2 13  44    19.7   24.5   11.1    2.1   27.0 -999.9 -999.9  330.0
climcan 1999  2 14  45    19.2   26.5   27.3    5.8    4.0 -999.9 -999.9  330.0
climcan 1999  2 15  46    20.0   26.3   17.9    3.7    3.0 -999.9 -999.9  330.0
climcan 1999  2 16  47    20.0   25.3    8.6    1.5    1.0 -999.9 -999.9  330.0
climcan 1999  2 17  48    19.0   27.8   24.6    5.2    0.0 -999.9 -999.9  330.0
climcan 1999  2 18  49    20.2   26.7   22.9    4.8    2.5 -999.9 -999.9  330.0
climcan 1999  2 19  50    19.9   26.9   29.5    6.3    0.0 -999.9 -999.9  330.0
climcan 1999  2 20  51    19.6   26.9   26.3    5.6    0.5 -999.9 -999.9  330.0
climcan 1999  2 21  52    20.3   26.7   20.3    4.2    0.5 -999.9 -999.9  330.0
climcan 1999  2 22  53    19.9   26.2   20.7    4.3    1.0 -999.9 -999.9  330.0
climcan 1999  2 23  54    19.5   27.6   26.8    5.7    0.0 -999.9 -999.9  330.0
climcan 1999  2 24  55    18.6   26.7   24.8    5.3    7.5 -999.9 -999.9  330.0
climcan 1999  2 25  56    19.4   26.8   26.3    5.6    2.5 -999.9 -999.9  330.0
climcan 1999  2 26  57    19.4   26.2   27.9    6.0    0.5 -999.9 -999.9  330.0
climcan 1999  2 27  58    18.9   26.5   22.6    4.8    0.0 -999.9 -999.9  330.0
climcan 1999  2 28  59    17.9   26.4   18.4    3.8    0.0 -999.9 -999.9  330.0
climcan 1999  3  1  60    19.2   26.3    8.7    1.5   21.5 -999.9 -999.9  330.0
climcan 1999  3  2  61    19.4   27.2   22.4    4.7   11.0 -999.9 -999.9  330.0
climcan 1999  3  3  62    18.4   25.5   12.1    2.3    8.0 -999.9 -999.9  330.0
climcan 1999  3  4  63    19.5   26.9   27.6    5.9    4.0 -999.9 -999.9  330.0
climcan 1999  3  5  64    19.0   27.0   25.4    5.4    0.0 -999.9 -999.9  330.0
climcan 1999  3  6  65    18.2   27.3   17.9    3.7   29.0 -999.9 -999.9  330.0
climcan 1999  3  7  66    18.1   25.8   11.7    2.2   56.5 -999.9 -999.9  330.0
climcan 1999  3  8  67    18.8   26.9   26.6    5.7    1.0 -999.9 -999.9  330.0
climcan 1999  3  9  68    20.6   27.5   24.8    5.3    0.0 -999.9 -999.9  330.0
climcan 1999  3 10  69    21.3   28.2   20.9    4.4    8.0 -999.9 -999.9  330.0
climcan 1999  3 11  70    21.2   24.2    2.9    0.2   12.0 -999.9 -999.9  330.0
climcan 1999  3 12  71    20.9   23.4    2.2    0.2  170.5 -999.9 -999.9  330.0
climcan 1999  3 13  72    21.1   22.9    2.0    0.2  146.0 -999.9 -999.9  330.0
climcan 1999  3 14  73    21.2   23.5    3.1    0.2  200.0 -999.9 -999.9  330.0
climcan 1999  3 15  74    20.7   24.3    6.1    0.9   30.5 -999.9 -999.9  330.0
climcan 1999  3 16  75    20.6   26.3   19.5    4.0   22.0 -999.9 -999.9  330.0
climcan 1999  3 17  76    20.5   27.5   18.6    3.8    0.0 -999.9 -999.9  330.0
climcan 1999  3 18  77    20.6   24.7    8.7    1.5   41.0 -999.9 -999.9  330.0
climcan 1999  3 19  78    19.7   26.6   20.5    4.3    0.5 -999.9 -999.9  330.0
climcan 1999  3 20  79    19.2   24.7   11.2    2.1    0.0 -999.9 -999.9  330.0
climcan 1999  3 21  80    19.8   26.0   17.7    3.6    0.0 -999.9 -999.9  330.0
climcan 1999  3 22  81    19.1   26.1   25.4    5.4    0.0 -999.9 -999.9  330.0
climcan 1999  3 23  82    18.7   25.6   22.1    4.7    0.0 -999.9 -999.9  330.0
climcan 1999  3 24  83    17.9   25.7   19.1    4.0    0.0 -999.9 -999.9  330.0
climcan 1999  3 25  84    16.9   25.6   11.3    2.1    7.0 -999.9 -999.9  330.0
climcan 1999  3 26  85    17.1   24.8   12.0    2.3    0.5 -999.9 -999.9  330.0
climcan 1999  3 27  86    17.3   25.6   19.1    3.9    0.0 -999.9 -999.9  330.0
climcan 1999  3 28  87    16.9   26.2   25.3    5.4    0.0 -999.9 -999.9  330.0
climcan 1999  3 29  88    20.3   26.7   21.8    4.6    9.0 -999.9 -999.9  330.0
climcan 1999  3 30  89    20.0   26.9   18.8    3.9    0.5 -999.9 -999.9  330.0
climcan 1999  3 31  90    19.3   26.1   16.9    3.4    5.0 -999.9 -999.9  330.0
climcan 1999  4  1  91    18.0   25.7   20.5    4.3    0.0 -999.9 -999.9  330.0
climcan 1999  4  2  92    18.5   26.3   20.8    4.3    2.0 -999.9 -999.9  330.0
climcan 1999  4  3  93    18.5   26.3   20.8    4.3    2.0 -999.9 -999.9  330.0
climcan 1999  4  4  94    18.5   26.3   20.8    4.3    0.0 -999.9 -999.9  330.0
climcan 1999  4  5  95    18.5   26.3   20.8    4.3    5.0 -999.9 -999.9  330.0
climcan 1999  4  6  96    18.5   26.3   20.8    4.3    0.0 -999.9 -999.9  330.0
climcan 1999  4  7  97    18.5   26.3   20.8    4.3    0.0 -999.9 -999.9  330.0
climcan 1999  4  8  98    18.8   26.1   31.5    6.8    0.0 -999.9 -999.9  330.0
climcan 1999  4  9  99    18.1   26.2   16.0    3.2    0.5 -999.9 -999.9  330.0
climcan 1999  4 10 100    18.0   26.8   20.2    4.2    0.0 -999.9 -999.9  330.0
climcan 1999  4 11 101    17.9   25.5   21.1    4.4    0.0 -999.9 -999.9  330.0
climcan 1999  4 12 102    17.6   26.8   15.7    3.1    0.0 -999.9 -999.9  330.0
climcan 1999  4 13 103    16.6   26.0   15.5    3.1    0.0 -999.9 -999.9  330.0
climcan 1999  4 14 104    17.9   26.7   16.7    3.4    0.0 -999.9 -999.9  330.0
climcan 1999  4 15 105    16.9   25.6   19.9    4.1    0.0 -999.9 -999.9  330.0
climcan 1999  4 16 106    15.9   25.2   19.9    4.1    3.0 -999.9 -999.9  330.0
climcan 1999  4 17 107    18.5   25.6   21.2    4.4   12.5 -999.9 -999.9  330.0
climcan 1999  4 18 108    17.5   26.2   16.4    3.3    0.0 -999.9 -999.9  330.0
climcan 1999  4 19 109    16.7   25.8   20.0    4.2    0.0 -999.9 -999.9  330.0
climcan 1999  4 20 110    16.1   26.2   21.3    4.5    0.0 -999.9 -999.9  330.0
climcan 1999  4 21 111    18.6   25.0   14.5    2.9    3.5 -999.9 -999.9  330.0
climcan 1999  4 22 112    17.8   25.1   18.6    3.8    0.0 -999.9 -999.9  330.0
climcan 1999  4 23 113    19.0   26.0   17.8    3.7    0.0 -999.9 -999.9  330.0
climcan 1999  4 24 114    18.5   25.6   13.6    2.7   11.0 -999.9 -999.9  330.0
climcan 1999  4 25 115    17.8   25.5   20.5    4.3    0.0 -999.9 -999.9  330.0
climcan 1999  4 26 116    19.5   26.8   20.9    4.3    0.0 -999.9 -999.9  330.0
climcan 1999  4 27 117    19.3   25.0   18.8    3.9   19.5 -999.9 -999.9  330.0
climcan 1999  4 28 118    16.5   25.2   19.2    4.0    0.0 -999.9 -999.9  330.0
climcan 1999  4 29 119    15.3   25.2   20.2    4.2    0.0 -999.9 -999.9  330.0
climcan 1999  4 30 120    18.7   24.2   12.4    2.4   40.0 -999.9 -999.9  330.0
climcan 1999  5  1 121    19.3   24.3    9.3    1.6   16.5 -999.9 -999.9  330.0
climcan 1999  5  2 122    18.8   26.5   16.2    3.3   15.0 -999.9 -999.9  330.0
climcan 1999  5  3 123    18.3   26.2   14.9    3.0    5.5 -999.9 -999.9  330.0
climcan 1999  5  4 124    18.1   25.2   10.4    1.9    0.5 -999.9 -999.9  330.0
climcan 1999  5  5 125    18.8   24.4    7.4    1.2    6.0 -999.9 -999.9  330.0
climcan 1999  5  6 126    15.3   24.6   16.9    3.4    0.0 -999.9 -999.9  330.0
climcan 1999  5  7 127    14.7   25.1   15.5    3.1    0.0 -999.9 -999.9  330.0
climcan 1999  5  8 128    16.2   24.3   15.3    3.1    0.0 -999.9 -999.9  330.0
climcan 1999  5  9 129    16.0   23.5   10.0    1.8    0.0 -999.9 -999.9  330.0
climcan 1999  5 10 130    16.3   24.1   16.9    3.4    0.0 -999.9 -999.9  330.0
climcan 1999  5 11 131    15.8   24.0   13.6    2.7    0.0 -999.9 -999.9  330.0
climcan 1999  5 12 132    15.8   24.0   13.6    2.7    0.0 -999.9 -999.9  330.0
climcan 1999  5 13 133    15.8   24.0   13.6    2.7    0.0 -999.9 -999.9  330.0
climcan 1999  5 14 134    15.8   24.0   13.6    2.7    4.0 -999.9 -999.9  330.0
climcan 1999  5 15 135    15.8   24.0   13.6    2.7    9.0 -999.9 -999.9  330.0
climcan 1999  5 16 136    15.8   24.0   13.6    2.7    0.0 -999.9 -999.9  330.0
climcan 1999  5 17 137    15.8   24.0   13.6    2.7    0.0 -999.9 -999.9  330.0
climcan 1999  5 18 138    15.8   24.0   13.6    2.7    0.0 -999.9 -999.9  330.0
climcan 1999  5 19 139    15.8   24.0   13.6    2.7    0.0 -999.9 -999.9  330.0
climcan 1999  5 20 140    15.8   24.0   13.6    2.7    2.0 -999.9 -999.9  330.0
climcan 1999  5 21 141    15.5   24.0   16.5    3.3    0.0 -999.9 -999.9  330.0
climcan 1999  5 22 142    15.5   23.9    7.3    1.2    0.0 -999.9 -999.9  330.0
climcan 1999  5 23 143    16.2   22.7    8.5    1.5    0.0 -999.9 -999.9  330.0
climcan 1999  5 24 144    15.6   23.9   15.7    3.2    0.0 -999.9 -999.9  330.0
climcan 1999  5 25 145    16.6   24.4   13.5    2.6    1.0 -999.9 -999.9  330.0
climcan 1999  5 26 146    17.1   24.3   15.5    3.1    0.0 -999.9 -999.9  330.0
climcan 1999  5 27 147    17.4   24.6   16.7    3.4    0.0 -999.9 -999.9  330.0
climcan 1999  5 28 148    18.1   24.6   17.4    3.5    3.0 -999.9 -999.9  330.0
climcan 1999  5 29 149    17.3   24.2   13.6    2.7    1.0 -999.9 -999.9  330.0
climcan 1999  5 30 150    16.1   23.8   14.5    2.9    1.0 -999.9 -999.9  330.0
climcan 1999  5 31 151    16.5   24.4   15.4    3.1    3.5 -999.9 -999.9  330.0
climcan 1999  6  1 152    15.1   23.9   13.8    2.7    0.5 -999.9 -999.9  330.0
climcan 1999  6  2 153    17.0   22.1    9.6    1.7    1.0 -999.9 -999.9  330.0
climcan 1999  6  3 154    15.4   23.5   15.0    3.0    0.0 -999.9 -999.9  330.0
climcan 1999  6  4 155    15.7   24.6   17.3    3.5    0.0 -999.9 -999.9  330.0
climcan 1999  6  5 156    16.6   21.7   10.8    2.0    4.0 -999.9 -999.9  330.0
climcan 1999  6  6 157    16.7   23.1   16.5    3.3    0.0 -999.9 -999.9  330.0
climcan 1999  6  7 158    15.9   23.4   16.5    3.3    0.0 -999.9 -999.9  330.0
climcan 1999  6  8 159    16.6   23.6   14.5    2.9    5.0 -999.9 -999.9  330.0
climcan 1999  6  9 160    14.6   23.5   12.8    2.5    0.5 -999.9 -999.9  330.0
climcan 1999  6 10 161    14.8   24.6    9.2    1.6    0.0 -999.9 -999.9  330.0
climcan 1999  6 11 162    14.9   24.9   14.9    3.0    0.0 -999.9 -999.9  330.0
climcan 1999  6 12 163    15.2   22.4   15.3    3.1    2.5 -999.9 -999.9  330.0
climcan 1999  6 13 164    16.2   22.4   16.3    3.3    0.0 -999.9 -999.9  330.0
climcan 1999  6 14 165    14.4   22.7   14.9    3.0    0.0 -999.9 -999.9  330.0
climcan 1999  6 15 166    15.9   22.8   15.9    3.2    1.0 -999.9 -999.9  330.0
climcan 1999  6 16 167    16.3   22.3   16.6    3.4    2.5 -999.9 -999.9  330.0
climcan 1999  6 17 168    15.7   22.3   12.4    2.4    0.5 -999.9 -999.9  330.0
climcan 1999  6 18 169    15.3   23.1   12.3    2.4    0.5 -999.9 -999.9  330.0
climcan 1999  6 19 170    14.7   23.5   12.5    2.4    0.0 -999.9 -999.9  330.0
climcan 1999  6 20 171    14.4   24.1   11.3    2.1    0.0 -999.9 -999.9  330.0
climcan 1999  6 21 172    14.2   23.8   16.4    3.3    0.0 -999.9 -999.9  330.0
climcan 1999  6 22 173    15.4   23.2    8.4    1.5    1.5 -999.9 -999.9  330.0
climcan 1999  6 23 174    14.6   25.1   15.0    3.0    0.0 -999.9 -999.9  330.0
climcan 1999  6 24 175    15.0   21.5    2.9    0.2   65.0 -999.9 -999.9  330.0
climcan 1999  6 25 176    13.4   23.5   15.2    3.0    0.5 -999.9 -999.9  330.0
climcan 1999  6 26 177    12.0   22.9   16.4    3.3    0.0 -999.9 -999.9  330.0
climcan 1999  6 27 178    13.8   23.0   11.1    2.1    0.0 -999.9 -999.9  330.0
climcan 1999  6 28 179    13.1   23.4   13.8    2.7    0.0 -999.9 -999.9  330.0
climcan 1999  6 29 180    13.3   23.0   14.1    2.8    0.0 -999.9 -999.9  330.0
climcan 1999  6 30 181    12.3   23.1   13.6    2.7    0.0 -999.9 -999.9  330.0
climcan 1999  7  1 182    12.8   22.0   16.4    3.3    0.0 -999.9 -999.9  330.0
climcan 1999  7  2 183    15.0   21.4   16.3    3.3    1.0 -999.9 -999.9  330.0
climcan 1999  7  3 184    15.5   22.7   15.9    3.2    0.0 -999.9 -999.9  330.0
climcan 1999  7  4 185    15.4   22.2   13.6    2.7    0.5 -999.9 -999.9  330.0
climcan 1999  7  5 186    15.0   20.0   10.4    1.9   14.0 -999.9 -999.9  330.0
climcan 1999  7  6 187    15.0   20.1   12.3    2.4    4.0 -999.9 -999.9  330.0
climcan 1999  7  7 188    14.5   21.1   16.4    3.3   11.0 -999.9 -999.9  330.0
climcan 1999  7  8 189    13.3   21.0   17.5    3.6    8.0 -999.9 -999.9  330.0
climcan 1999  7  9 190    14.7   19.6   10.2    1.9   53.0 -999.9 -999.9  330.0
climcan 1999  7 10 191    14.4   18.1    8.0    1.4   20.0 -999.9 -999.9  330.0
climcan 1999  7 11 192    15.3   21.4   12.4    2.4    6.0 -999.9 -999.9  330.0
climcan 1999  7 12 193    14.8   22.2   15.1    3.0    0.5 -999.9 -999.9  330.0
climcan 1999  7 13 194    13.5   23.1   13.8    2.7    0.0 -999.9 -999.9  330.0
climcan 1999  7 14 195    15.8   22.1   17.8    3.6    0.0 -999.9 -999.9  330.0
climcan 1999  7 15 196    15.8   22.0   14.1    2.8    9.5 -999.9 -999.9  330.0
climcan 1999  7 16 197    15.3   19.9   10.6    2.0   32.0 -999.9 -999.9  330.0
climcan 1999  7 17 198    14.1   21.3   12.5    2.4    1.0 -999.9 -999.9  330.0
climcan 1999  7 18 199    12.4   21.5   16.5    3.3    0.0 -999.9 -999.9  330.0
climcan 1999  7 19 200    14.9   22.6    8.8    1.5    3.0 -999.9 -999.9  330.0
climcan 1999  7 20 201    13.1   22.9   11.9    2.3    0.0 -999.9 -999.9  330.0
climcan 1999  7 21 202    13.0   20.9    8.1    1.4    0.0 -999.9 -999.9  330.0
climcan 1999  7 22 203    12.6   19.6   17.5    3.6    0.0 -999.9 -999.9  330.0
climcan 1999  7 23 204    13.3   20.2   16.8    3.4    1.0 -999.9 -999.9  330.0
climcan 1999  7 24 205    13.6   20.3   15.5    3.1    0.5 -999.9 -999.9  330.0
climcan 1999  7 25 206    13.7   19.0   12.7    2.5   37.5 -999.9 -999.9  330.0
climcan 1999  7 26 207    14.2   21.1   18.0    3.7    1.0 -999.9 -999.9  330.0
climcan 1999  7 27 208    14.7   19.8   13.0    2.5   13.5 -999.9 -999.9  330.0
climcan 1999  7 28 209    14.9   21.2   16.8    3.4    2.0 -999.9 -999.9  330.0
climcan 1999  7 29 210    15.4   22.1   16.0    3.2    5.5 -999.9 -999.9  330.0
climcan 1999  7 30 211    15.2   20.4   14.9    3.0    4.0 -999.9 -999.9  330.0
climcan 1999  7 31 212    14.2   20.4   19.0    3.9    0.0 -999.9 -999.9  330.0
climcan 1999  8  1 213    12.7   21.4   19.3    4.0    0.0 -999.9 -999.9  330.0
climcan 1999  8  2 214    14.0   20.9   15.1    3.0    2.0 -999.9 -999.9  330.0
climcan 1999  8  3 215    13.8   21.3   17.4    3.5    4.0 -999.9 -999.9  330.0
climcan 1999  8  4 216    14.0   22.2   16.0    3.2    0.0 -999.9 -999.9  330.0
climcan 1999  8  5 217    15.5   22.2   18.0    3.7    8.5 -999.9 -999.9  330.0
climcan 1999  8  6 218    15.6   21.0   16.7    3.4   21.0 -999.9 -999.9  330.0
climcan 1999  8  7 219    14.4   21.6   15.0    3.0    3.5 -999.9 -999.9  330.0
climcan 1999  8  8 220    13.4   22.1   13.7    2.7    7.0 -999.9 -999.9  330.0
climcan 1999  8  9 221    15.1   22.9   18.3    3.8    0.5 -999.9 -999.9  330.0
climcan 1999  8 10 222    14.1   21.2   19.9    4.1    0.5 -999.9 -999.9  330.0
climcan 1999  8 11 223    14.1   21.5   16.3    3.3    0.0 -999.9 -999.9  330.0
climcan 1999  8 12 224    14.3   23.3   20.1    4.2    0.0 -999.9 -999.9  330.0
climcan 1999  8 13 225    15.4   22.8   16.1    3.3    4.0 -999.9 -999.9  330.0
climcan 1999  8 14 226    15.2   21.7   17.1    3.5    0.0 -999.9 -999.9  330.0
climcan 1999  8 15 227    15.1   21.0   14.7    2.9   14.5 -999.9 -999.9  330.0
climcan 1999  8 16 228    15.9   22.2   19.6    4.1    2.5 -999.9 -999.9  330.0
climcan 1999  8 17 229    14.7   20.7   16.6    3.4    7.0 -999.9 -999.9  330.0
climcan 1999  8 18 230    14.0   20.6   15.4    3.1    1.0 -999.9 -999.9  330.0
climcan 1999  8 19 231    12.5   21.0   20.2    4.2    0.0 -999.9 -999.9  330.0
climcan 1999  8 20 232    14.1   21.7   21.2    4.4    0.0 -999.9 -999.9  330.0
climcan 1999  8 21 233    15.0   20.7   15.5    3.1   12.0 -999.9 -999.9  330.0
climcan 1999  8 22 234    15.0   20.9   19.4    4.0    5.5 -999.9 -999.9  330.0
climcan 1999  8 23 235    14.6   21.8   15.8    3.2    5.0 -999.9 -999.9  330.0
climcan 1999  8 24 236    15.5   21.4   16.8    3.4   16.5 -999.9 -999.9  330.0
climcan 1999  8 25 237    14.7   21.9   14.4    2.8    4.0 -999.9 -999.9  330.0
climcan 1999  8 26 238    14.4   21.7   19.5    4.0    3.5 -999.9 -999.9  330.0
climcan 1999  8 27 239    14.9   22.4   16.3    3.3    1.0 -999.9 -999.9  330.0
climcan 1999  8 28 240    15.1   22.3   21.3    4.4    2.5 -999.9 -999.9  330.0
climcan 1999  8 29 241    14.5   21.9   18.9    3.9    4.5 -999.9 -999.9  330.0
climcan 1999  8 30 242    14.0   21.7   14.3    2.8    0.0 -999.9 -999.9  330.0
climcan 1999  8 31 243    14.4   21.8   14.3    2.8    2.0 -999.9 -999.9  330.0
climcan 1999  9  1 244    14.7   21.4   21.1    4.4    1.0 -999.9 -999.9  330.0
climcan 1999  9  2 245    14.1   22.8   23.0    4.8    0.0 -999.9 -999.9  330.0
climcan 1999  9  3 246    15.5   18.9    4.4    0.5   43.0 -999.9 -999.9  330.0
climcan 1999  9  4 247    16.4   21.0    7.0    1.1   50.5 -999.9 -999.9  330.0
climcan 1999  9  5 248    13.1   21.8    9.9    1.8    6.0 -999.9 -999.9  330.0
climcan 1999  9  6 249    12.4   21.3   13.3    2.6    0.0 -999.9 -999.9  330.0
climcan 1999  9  7 250    11.4   20.2   14.0    2.8    0.0 -999.9 -999.9  330.0
climcan 1999  9  8 251    11.7   22.2   23.7    5.0    0.5 -999.9 -999.9  330.0
climcan 1999  9  9 252    14.5   21.0   12.9    2.5    4.5 -999.9 -999.9  330.0
climcan 1999  9 10 253    14.7   22.4   18.0    3.7    1.5 -999.9 -999.9  330.0
climcan 1999  9 11 254    15.2   22.5   21.3    4.4   22.0 -999.9 -999.9  330.0
climcan 1999  9 12 255    15.5   20.3   13.4    2.6   19.5 -999.9 -999.9  330.0
climcan 1999  9 13 256    15.4   22.6   17.5    3.6    5.0 -999.9 -999.9  330.0
climcan 1999  9 14 257    14.5   23.3   12.7    2.5    2.5 -999.9 -999.9  330.0
climcan 1999  9 15 258    13.7   22.0   12.9    2.5    3.5 -999.9 -999.9  330.0
climcan 1999  9 16 259    16.2   22.1   21.4    4.5    9.5 -999.9 -999.9  330.0
climcan 1999  9 17 260    15.8   21.8   20.1    4.2    6.5 -999.9 -999.9  330.0
climcan 1999  9 18 261    14.9   22.2   20.0    4.2   11.0 -999.9 -999.9  330.0
climcan 1999  9 19 262    16.0   21.7   16.6    3.4    0.5 -999.9 -999.9  330.0
climcan 1999  9 20 263    16.3   20.8   12.0    2.3   11.5 -999.9 -999.9  330.0
climcan 1999  9 21 264    15.7   22.2   13.7    2.7    6.5 -999.9 -999.9  330.0
climcan 1999  9 22 265    15.9   22.0   15.1    3.0    3.5 -999.9 -999.9  330.0
climcan 1999  9 23 266    16.1   20.9   16.1    3.3    3.0 -999.9 -999.9  330.0
climcan 1999  9 24 267    15.9   20.6   11.3    2.1    3.0 -999.9 -999.9  330.0
climcan 1999  9 25 268    16.0   23.2   22.0    4.6    2.5 -999.9 -999.9  330.0
climcan 1999  9 26 269    15.7   23.3   23.5    5.0   12.5 -999.9 -999.9  330.0
climcan 1999  9 27 270    16.2   23.0   22.8    4.8   18.0 -999.9 -999.9  330.0
climcan 1999  9 28 271    16.3   22.7   17.6    3.6    0.5 -999.9 -999.9  330.0
climcan 1999  9 29 272    16.4   23.0   24.9    5.3    0.5 -999.9 -999.9  330.0
climcan 1999  9 30 273    14.7   23.5   25.1    5.3    3.5 -999.9 -999.9  330.0
climcan 1999 10  1 274    13.5   22.9   12.2    2.3    7.5 -999.9 -999.9  330.0
climcan 1999 10  2 275    15.2   21.9   21.3    4.4    0.5 -999.9 -999.9  330.0
climcan 1999 10  3 276    14.6   23.2   22.0    4.6    0.0 -999.9 -999.9  330.0
climcan 1999 10  4 277    15.9   22.8    8.6    1.5    6.5 -999.9 -999.9  330.0
climcan 1999 10  5 278    14.0   23.8   20.3    4.2    0.0 -999.9 -999.9  330.0
climcan 1999 10  6 279    15.2   21.8   14.8    2.9    0.0 -999.9 -999.9  330.0
climcan 1999 10  7 280    13.7   23.0   24.4    5.2    0.0 -999.9 -999.9  330.0
climcan 1999 10  8 281    14.1   23.3   20.0    4.1    0.0 -999.9 -999.9  330.0
climcan 1999 10  9 282    14.0   21.9   10.8    2.0    0.0 -999.9 -999.9  330.0
climcan 1999 10 10 283    12.4   22.8   24.1    5.1    1.0 -999.9 -999.9  330.0
climcan 1999 10 11 284    10.8   21.4   22.0    4.6    0.0 -999.9 -999.9  330.0
climcan 1999 10 12 285    11.6   20.5   26.5    5.7    0.0 -999.9 -999.9  330.0
climcan 1999 10 13 286    14.5   21.8   26.2    5.6    0.0 -999.9 -999.9  330.0
climcan 1999 10 14 287    14.9   22.4   20.5    4.3    1.0 -999.9 -999.9  330.0
climcan 1999 10 15 288    13.0   21.3   11.9    2.3    0.0 -999.9 -999.9  330.0
climcan 1999 10 16 289    12.5   22.4   12.7    2.5    0.0 -999.9 -999.9  330.0
climcan 1999 10 17 290    12.4   21.8   26.6    5.7    0.0 -999.9 -999.9  330.0
climcan 1999 10 18 291    12.9   21.4   10.3    1.9    0.0 -999.9 -999.9  330.0
climcan 1999 10 19 292    14.0   23.0   13.9    2.7    0.0 -999.9 -999.9  330.0
climcan 1999 10 20 293    14.2   22.1   13.1    2.5    1.0 -999.9 -999.9  330.0
climcan 1999 10 21 294    14.6   22.7   19.0    3.9    4.5 -999.9 -999.9  330.0
climcan 1999 10 22 295    16.0   22.2   17.3    3.5    5.5 -999.9 -999.9  330.0
climcan 1999 10 23 296    16.0   23.1   25.3    5.4    0.0 -999.9 -999.9  330.0
climcan 1999 10 24 297    16.3   23.6   25.6    5.5    0.0 -999.9 -999.9  330.0
climcan 1999 10 25 298    15.1   23.4   15.7    3.1   23.0 -999.9 -999.9  330.0
climcan 1999 10 26 299    14.6   22.6   16.1    3.3    0.5 -999.9 -999.9  330.0
climcan 1999 10 27 300    13.5   23.9   15.1    3.0    0.0 -999.9 -999.9  330.0
climcan 1999 10 28 301    15.2   24.0   22.8    4.8    0.5 -999.9 -999.9  330.0
climcan 1999 10 29 302    17.0   25.4   27.5    5.9    0.0 -999.9 -999.9  330.0
climcan 1999 10 30 303    18.2   26.9   22.6    4.8    5.5 -999.9 -999.9  330.0
climcan 1999 10 31 304    17.1   24.6   15.0    3.0    0.5 -999.9 -999.9  330.0
climcan 1999 11  1 305    16.9   23.8    8.8    1.5    0.5 -999.9 -999.9  330.0
climcan 1999 11  2 306    15.3   22.5   28.6    6.2    0.5 -999.9 -999.9  330.0
climcan 1999 11  3 307    14.1   23.8   22.2    4.7    3.0 -999.9 -999.9  330.0
climcan 1999 11  4 308    16.2   21.6   10.1    1.9   19.5 -999.9 -999.9  330.0
climcan 1999 11  5 309    14.7   21.7    9.0    1.6    0.0 -999.9 -999.9  330.0
climcan 1999 11  6 310    14.3   23.6   14.3    2.8    0.0 -999.9 -999.9  330.0
climcan 1999 11  7 311    14.6   23.2   14.9    3.0    0.0 -999.9 -999.9  330.0
climcan 1999 11  8 312    14.9   23.3    9.7    1.8    9.5 -999.9 -999.9  330.0
climcan 1999 11  9 313    18.1   24.3   13.6    2.7    0.0 -999.9 -999.9  330.0
climcan 1999 11 10 314    17.6   24.8   27.7    5.9    0.0 -999.9 -999.9  330.0
climcan 1999 11 11 315    16.9   24.2   19.6    4.1    0.0 -999.9 -999.9  330.0
climcan 1999 11 12 316    17.5   24.8   27.3    5.9    0.0 -999.9 -999.9  330.0
climcan 1999 11 13 317    16.6   24.8   27.6    5.9    0.0 -999.9 -999.9  330.0
climcan 1999 11 14 318    16.2   25.1   29.2    6.3    0.0 -999.9 -999.9  330.0
climcan 1999 11 15 319    18.4   23.8    9.2    1.6   18.0 -999.9 -999.9  330.0
