climsoj 1990  1  1   1    -3.5    8.4    6.4    0.0    0.5 -999.9 -999.9  330.0
climsoj 1990  1  2   2    -2.9   12.8    7.4    0.1    0.0 -999.9 -999.9  330.0
climsoj 1990  1  3   3    -3.2    8.8    5.6    0.1    0.0 -999.9 -999.9  330.0
climsoj 1990  1  4   4    -4.6    9.0    7.1    0.0    0.5 -999.9 -999.9  330.0
climsoj 1990  1  5   5    -5.0    9.0    7.0    0.0    0.0 -999.9 -999.9  330.0
climsoj 1990  1  6   6    -4.5    9.4    7.6    0.0    0.0 -999.9 -999.9  330.0
climsoj 1990  1  7   7    -1.3    8.9    2.5    0.3    0.0 -999.9 -999.9  330.0
climsoj 1990  1  8   8    -0.6   10.0    6.4    0.1    0.0 -999.9 -999.9  330.0
climsoj 1990  1  9   9    -3.7    9.1    4.8    0.2    0.5 -999.9 -999.9  330.0
climsoj 1990  1 10  10     1.7    9.5    5.7    0.4    0.0 -999.9 -999.9  330.0
climsoj 1990  1 11  11    -2.5   10.1    7.0    0.2    0.0 -999.9 -999.9  330.0
climsoj 1990  1 12  12    -1.7   10.6    6.9    0.2    0.0 -999.9 -999.9  330.0
climsoj 1990  1 13  13    -3.7    9.3    7.3    0.0    0.0 -999.9 -999.9  330.0
climsoj 1990  1 14  14    -4.1   10.6    7.6    0.1    0.5 -999.9 -999.9  330.0
climsoj 1990  1 15  15    -0.2   12.2    8.3    0.5    0.0 -999.9 -999.9  330.0
climsoj 1990  1 16  16    -0.6   16.0    8.4    0.3    0.0 -999.9 -999.9  330.0
climsoj 1990  1 17  17    -2.7   13.1    7.2    0.2    0.0 -999.9 -999.9  330.0
climsoj 1990  1 18  18    -0.2    9.2    5.3    0.5    0.0 -999.9 -999.9  330.0
climsoj 1990  1 19  19     1.4   10.5    8.1    0.7    0.0 -999.9 -999.9  330.0
climsoj 1990  1 20  20    -4.7   11.9    9.0    0.3    0.0 -999.9 -999.9  330.0
climsoj 1990  1 21  21    -2.7   14.4    8.6    0.4    0.0 -999.9 -999.9  330.0
climsoj 1990  1 22  22    -3.9   14.9    8.7    0.3    0.0 -999.9 -999.9  330.0
climsoj 1990  1 23  23    -3.9   14.4    8.2    0.3    0.5 -999.9 -999.9  330.0
climsoj 1990  1 24  24     1.1   14.0    6.3    0.4    0.0 -999.9 -999.9  330.0
climsoj 1990  1 25  25     2.2   16.1    5.2    0.4    0.0 -999.9 -999.9  330.0
climsoj 1990  1 26  26     6.0   14.6    7.4    0.8    0.0 -999.9 -999.9  330.0
climsoj 1990  1 27  27    -1.2   13.3    3.0    0.7    1.0 -999.9 -999.9  330.0
climsoj 1990  1 28  28     5.2   15.5    0.0    0.3   11.0 -999.9 -999.9  330.0
climsoj 1990  1 29  29     1.4   12.7    7.8    0.4    0.5 -999.9 -999.9  330.0
climsoj 1990  1 30  30     6.9   14.5    8.9    0.7    3.5 -999.9 -999.9  330.0
climsoj 1990  1 31  31     3.5   15.9    7.2    0.9   22.0 -999.9 -999.9  330.0
climsoj 1990  2  1  32     9.4   11.2    2.3    0.3    7.0 -999.9 -999.9  330.0
climsoj 1990  2  2  33     8.3   16.6    6.2    0.8    1.0 -999.9 -999.9  330.0
climsoj 1990  2  3  34     3.5   15.8    7.4    0.5    0.5 -999.9 -999.9  330.0
climsoj 1990  2  4  35     6.0   16.3   10.7    0.8    0.0 -999.9 -999.9  330.0
climsoj 1990  2  5  36    -0.3   16.9    9.8    0.5    0.0 -999.9 -999.9  330.0
climsoj 1990  2  6  37     3.3   14.3    5.0    0.8    0.5 -999.9 -999.9  330.0
climsoj 1990  2  7  38     8.1   15.5    7.2    0.7    0.0 -999.9 -999.9  330.0
climsoj 1990  2  8  39     6.9   16.7    7.5    0.8    0.0 -999.9 -999.9  330.0
climsoj 1990  2  9  40     8.8   14.1   12.0    2.6    0.0 -999.9 -999.9  330.0
climsoj 1990  2 10  41     0.8   12.7    2.3    0.5   10.0 -999.9 -999.9  330.0
climsoj 1990  2 11  42     4.9   12.2   10.6    1.0    2.5 -999.9 -999.9  330.0
climsoj 1990  2 12  43     5.1   11.0    5.7    1.0    2.5 -999.9 -999.9  330.0
climsoj 1990  2 13  44    10.2   13.6    4.3    1.1    2.0 -999.9 -999.9  330.0
climsoj 1990  2 14  45     4.8   16.5    4.3    0.9    0.5 -999.9 -999.9  330.0
climsoj 1990  2 15  46    10.5   20.1    7.6    2.1    0.0 -999.9 -999.9  330.0
climsoj 1990  2 16  47     5.7   17.9    7.3    1.3    0.0 -999.9 -999.9  330.0
climsoj 1990  2 17  48     6.7   19.9   12.9    1.3    0.0 -999.9 -999.9  330.0
climsoj 1990  2 18  49     3.7   15.6    6.2    0.7    0.0 -999.9 -999.9  330.0
climsoj 1990  2 19  50     9.9   17.8    8.3    1.4    0.0 -999.9 -999.9  330.0
climsoj 1990  2 20  51     7.4   16.1    2.7    0.7    0.0 -999.9 -999.9  330.0
climsoj 1990  2 21  52     4.5   17.7   11.5    1.0    1.0 -999.9 -999.9  330.0
climsoj 1990  2 22  53     4.6   21.9   12.5    1.4    0.0 -999.9 -999.9  330.0
climsoj 1990  2 23  54     2.7   23.1   12.7    1.3    0.0 -999.9 -999.9  330.0
climsoj 1990  2 24  55     1.9   19.1   13.3    1.2    0.0 -999.9 -999.9  330.0
climsoj 1990  2 25  56     7.7   12.7    2.7    0.5    0.0 -999.9 -999.9  330.0
climsoj 1990  2 26  57     3.9   14.3    5.1    0.7    0.0 -999.9 -999.9  330.0
climsoj 1990  2 27  58     4.1   19.8    6.3    1.6    0.0 -999.9 -999.9  330.0
climsoj 1990  2 28  59     6.5   19.1   10.4    2.0    0.0 -999.9 -999.9  330.0
climsoj 1990  3  1  60     8.4   15.0    8.2    2.0    0.0 -999.9 -999.9  330.0
climsoj 1990  3  2  61     4.0   10.4   14.4    2.6    0.0 -999.9 -999.9  330.0
climsoj 1990  3  3  62     1.9   10.8   16.0    2.9    0.0 -999.9 -999.9  330.0
climsoj 1990  3  4  63    -2.4   13.0   16.0    1.5    0.0 -999.9 -999.9  330.0
climsoj 1990  3  5  64    -3.1   16.7   15.7    1.5    0.0 -999.9 -999.9  330.0
climsoj 1990  3  6  65    -1.7   18.4   15.7    1.6    0.0 -999.9 -999.9  330.0
climsoj 1990  3  7  66     2.6   20.8   16.0    2.2    0.0 -999.9 -999.9  330.0
climsoj 1990  3  8  67     3.3   17.4   10.6    1.4   15.0 -999.9 -999.9  330.0
climsoj 1990  3  9  68     7.5   16.2   14.7    2.2    0.0 -999.9 -999.9  330.0
climsoj 1990  3 10  69     9.7   18.1   16.5    3.7    0.0 -999.9 -999.9  330.0
climsoj 1990  3 11  70     8.5   20.5   16.6    2.4    0.0 -999.9 -999.9  330.0
climsoj 1990  3 12  71     7.7   15.5    5.8    0.9    0.0 -999.9 -999.9  330.0
climsoj 1990  3 13  72     6.6   21.4   15.6    2.0    0.0 -999.9 -999.9  330.0
climsoj 1990  3 14  73     7.7   19.1   15.3    2.7    0.0 -999.9 -999.9  330.0
climsoj 1990  3 15  74    11.1   20.9   14.2    2.9    0.0 -999.9 -999.9  330.0
climsoj 1990  3 16  75     5.2   22.1   16.5    2.3    0.0 -999.9 -999.9  330.0
climsoj 1990  3 17  76     4.7   19.5   15.6    2.0    0.0 -999.9 -999.9  330.0
climsoj 1990  3 18  77     5.7   18.0   13.3    1.9    0.0 -999.9 -999.9  330.0
climsoj 1990  3 19  78     3.7   18.7   16.9    2.0    0.0 -999.9 -999.9  330.0
climsoj 1990  3 20  79     3.0   21.2   12.5    1.8    0.0 -999.9 -999.9  330.0
climsoj 1990  3 21  80     8.5   26.9   15.3    2.8    0.0 -999.9 -999.9  330.0
climsoj 1990  3 22  81     6.3   20.9   16.0    2.1    0.0 -999.9 -999.9  330.0
climsoj 1990  3 23  82    10.4   17.7   14.0    2.9    0.0 -999.9 -999.9  330.0
climsoj 1990  3 24  83     6.2   20.6   17.3    2.7    0.0 -999.9 -999.9  330.0
climsoj 1990  3 25  84     7.5   13.2   18.2    4.0    0.0 -999.9 -999.9  330.0
climsoj 1990  3 26  85     5.9   10.5   19.0    4.4    0.0 -999.9 -999.9  330.0
climsoj 1990  3 27  86     5.1   11.6   20.0    4.4    0.0 -999.9 -999.9  330.0
climsoj 1990  3 28  87     6.5   10.1   16.4    4.1    0.0 -999.9 -999.9  330.0
climsoj 1990  3 29  88     5.6   12.5   19.8    3.8    0.0 -999.9 -999.9  330.0
climsoj 1990  3 30  89     5.7   17.3   16.6    3.1    0.0 -999.9 -999.9  330.0
climsoj 1990  3 31  90     1.2   19.8   17.8    2.4    0.0 -999.9 -999.9  330.0
climsoj 1990  4  1  91     2.5   20.0   18.7    2.6    0.0 -999.9 -999.9  330.0
climsoj 1990  4  2  92     4.3   19.5   14.5    2.4    1.0 -999.9 -999.9  330.0
climsoj 1990  4  3  93     9.1   15.8    8.1    1.9    4.5 -999.9 -999.9  330.0
climsoj 1990  4  4  94     5.8   15.2   21.3    3.5    0.0 -999.9 -999.9  330.0
climsoj 1990  4  5  95     1.7   10.9    5.2    0.9   11.5 -999.9 -999.9  330.0
climsoj 1990  4  6  96     6.9   10.8    5.2    0.8   14.5 -999.9 -999.9  330.0
climsoj 1990  4  7  97     9.3   18.8   12.1    2.0    5.0 -999.9 -999.9  330.0
climsoj 1990  4  8  98     9.7   17.4   20.4    3.5    0.0 -999.9 -999.9  330.0
climsoj 1990  4  9  99     7.4   15.2   16.2    3.3    0.0 -999.9 -999.9  330.0
climsoj 1990  4 10 100     6.5   13.7   22.2    5.3    0.0 -999.9 -999.9  330.0
climsoj 1990  4 11 101     8.7   17.0   20.4    4.9    0.0 -999.9 -999.9  330.0
climsoj 1990  4 12 102    10.2   17.0   23.1    5.7    0.0 -999.9 -999.9  330.0
climsoj 1990  4 13 103     4.9   19.4   19.7    3.2   15.5 -999.9 -999.9  330.0
climsoj 1990  4 14 104     8.2   14.3   14.8    2.6    2.0 -999.9 -999.9  330.0
climsoj 1990  4 15 105     4.0   16.1   15.2    2.7    0.5 -999.9 -999.9  330.0
climsoj 1990  4 16 106     7.4   15.7   23.1    4.3    0.0 -999.9 -999.9  330.0
climsoj 1990  4 17 107     2.1   16.2   15.6    2.5    1.0 -999.9 -999.9  330.0
climsoj 1990  4 18 108     5.0   13.8   19.5    3.5    2.0 -999.9 -999.9  330.0
climsoj 1990  4 19 109     5.5   14.4   19.1    3.7    2.5 -999.9 -999.9  330.0
climsoj 1990  4 20 110     5.8   12.4   16.7    2.9    0.0 -999.9 -999.9  330.0
climsoj 1990  4 21 111     1.1   16.6   21.1    2.7   17.0 -999.9 -999.9  330.0
climsoj 1990  4 22 112     6.0   12.0    9.0    1.5   20.5 -999.9 -999.9  330.0
climsoj 1990  4 23 113     4.5   16.5   15.8    2.2    8.0 -999.9 -999.9  330.0
climsoj 1990  4 24 114     4.7   18.5   17.3    2.4    8.5 -999.9 -999.9  330.0
climsoj 1990  4 25 115     5.7   20.4   23.3    3.5    0.0 -999.9 -999.9  330.0
climsoj 1990  4 26 116    10.3   19.9   24.4    4.8    0.0 -999.9 -999.9  330.0
climsoj 1990  4 27 117    10.8   21.8   24.7    5.3    0.0 -999.9 -999.9  330.0
climsoj 1990  4 28 118    12.6   22.9   25.6    5.6    0.0 -999.9 -999.9  330.0
climsoj 1990  4 29 119     7.1   24.1   24.8    4.0    0.0 -999.9 -999.9  330.0
climsoj 1990  4 30 120    10.0   23.9   23.5    4.1    0.0 -999.9 -999.9  330.0
climsoj 1990  5  1 121     8.7   25.2   24.7    4.3    0.0 -999.9 -999.9  330.0
climsoj 1990  5  2 122     8.0   26.1   23.6    4.1    0.0 -999.9 -999.9  330.0
climsoj 1990  5  3 123     8.7   26.3   20.3    3.7    1.5 -999.9 -999.9  330.0
climsoj 1990  5  4 124    10.1   25.1   23.5    4.1    0.5 -999.9 -999.9  330.0
climsoj 1990  5  5 125    10.4   25.0   23.3    4.3    2.0 -999.9 -999.9  330.0
climsoj 1990  5  6 126    11.1   23.4   24.5    4.2    0.0 -999.9 -999.9  330.0
climsoj 1990  5  7 127    11.6   22.1   20.9    3.7    0.0 -999.9 -999.9  330.0
climsoj 1990  5  8 128     8.9   23.4   23.6    3.9    0.0 -999.9 -999.9  330.0
climsoj 1990  5  9 129     9.6   23.7   24.3    4.1    0.0 -999.9 -999.9  330.0
climsoj 1990  5 10 130     8.3   23.8   26.1    4.3    0.0 -999.9 -999.9  330.0
climsoj 1990  5 11 131     8.3   26.1   25.9    4.5    0.0 -999.9 -999.9  330.0
climsoj 1990  5 12 132    11.2   23.4   23.9    4.2    0.0 -999.9 -999.9  330.0
climsoj 1990  5 13 133    11.1   22.8   16.2    3.2    1.5 -999.9 -999.9  330.0
climsoj 1990  5 14 134    12.6   25.2   24.0    4.4    0.0 -999.9 -999.9  330.0
climsoj 1990  5 15 135    11.2   28.8   26.8    5.0    0.0 -999.9 -999.9  330.0
climsoj 1990  5 16 136    14.2   29.8   27.0    5.4    0.0 -999.9 -999.9  330.0
climsoj 1990  5 17 137    13.6   28.2   25.5    5.0    0.0 -999.9 -999.9  330.0
climsoj 1990  5 18 138    14.1   29.5   25.9    5.2    0.0 -999.9 -999.9  330.0
climsoj 1990  5 19 139    15.9   29.0   23.8    5.0    0.0 -999.9 -999.9  330.0
climsoj 1990  5 20 140    15.0   24.0   16.0    3.4    1.0 -999.9 -999.9  330.0
climsoj 1990  5 21 141    12.8   27.4   21.9    4.3    0.5 -999.9 -999.9  330.0
climsoj 1990  5 22 142    13.0   21.6    8.1    1.7    2.5 -999.9 -999.9  330.0
climsoj 1990  5 23 143    14.3   24.2    9.0    2.4   60.0 -999.9 -999.9  330.0
climsoj 1990  5 24 144    14.2   21.8   10.8    2.0   31.0 -999.9 -999.9  330.0
climsoj 1990  5 25 145    14.6   24.1   25.6    5.3    0.0 -999.9 -999.9  330.0
climsoj 1990  5 26 146    14.8   24.3   28.1    6.5    0.0 -999.9 -999.9  330.0
climsoj 1990  5 27 147    13.4   24.7   26.5    5.6    0.0 -999.9 -999.9  330.0
climsoj 1990  5 28 148    14.1   23.7   28.9    7.2    0.0 -999.9 -999.9  330.0
climsoj 1990  5 29 149    13.8   23.3   28.4    6.9    0.0 -999.9 -999.9  330.0
climsoj 1990  5 30 150    10.6   21.3    8.6    2.3    0.0 -999.9 -999.9  330.0
climsoj 1990  5 31 151     8.0   23.6   28.1    4.5    0.0 -999.9 -999.9  330.0
climsoj 1990  6  1 152    11.6   23.7   26.6    4.8    0.0 -999.9 -999.9  330.0
climsoj 1990  6  2 153    10.6   22.0   10.7    2.2    0.0 -999.9 -999.9  330.0
climsoj 1990  6  3 154    15.0   25.4   26.9    5.9    0.0 -999.9 -999.9  330.0
climsoj 1990  6  4 155    12.2   26.2   24.0    4.7    0.0 -999.9 -999.9  330.0
climsoj 1990  6  5 156    14.7   21.4   11.1    2.7    0.0 -999.9 -999.9  330.0
climsoj 1990  6  6 157    12.9   22.9   29.5    6.6    0.0 -999.9 -999.9  330.0
climsoj 1990  6  7 158    15.2   25.9   23.1    5.1    1.5 -999.9 -999.9  330.0
climsoj 1990  6  8 159    16.0   24.6   18.6    4.6    0.0 -999.9 -999.9  330.0
climsoj 1990  6  9 160    12.4   22.1   24.7    5.4    0.0 -999.9 -999.9  330.0
climsoj 1990  6 10 161    12.0   21.1   29.2    6.3    0.0 -999.9 -999.9  330.0
climsoj 1990  6 11 162    11.9   24.1   19.8    4.3    5.5 -999.9 -999.9  330.0
climsoj 1990  6 12 163    12.6   22.8   16.6    3.2   16.5 -999.9 -999.9  330.0
climsoj 1990  6 13 164    13.2   24.2   28.8    5.9    0.0 -999.9 -999.9  330.0
climsoj 1990  6 14 165    13.8   23.2   15.7    3.6    0.0 -999.9 -999.9  330.0
climsoj 1990  6 15 166    10.5   26.3   28.1    5.3    0.0 -999.9 -999.9  330.0
climsoj 1990  6 16 167    14.6   26.6   24.8    5.3    0.0 -999.9 -999.9  330.0
climsoj 1990  6 17 168    10.6   26.8   21.5    4.1    0.0 -999.9 -999.9  330.0
climsoj 1990  6 18 169    15.9   28.6   22.6    4.8    0.0 -999.9 -999.9  330.0
climsoj 1990  6 19 170    15.7   27.5   26.9    5.6    0.5 -999.9 -999.9  330.0
climsoj 1990  6 20 171    14.5   24.8   11.8    2.7   10.0 -999.9 -999.9  330.0
climsoj 1990  6 21 172    13.8   26.0   27.0    5.3    0.0 -999.9 -999.9  330.0
climsoj 1990  6 22 173    16.2   26.2   18.0    4.3    0.0 -999.9 -999.9  330.0
climsoj 1990  6 23 174    11.7   27.8   29.7    5.8    0.0 -999.9 -999.9  330.0
climsoj 1990  6 24 175    12.9   31.1   29.5    6.2    0.0 -999.9 -999.9  330.0
climsoj 1990  6 25 176    19.9   32.7   29.2    7.0    0.0 -999.9 -999.9  330.0
climsoj 1990  6 26 177    16.8   33.5   24.1    5.6    0.0 -999.9 -999.9  330.0
climsoj 1990  6 27 178    18.7   31.6   26.0    6.0    0.0 -999.9 -999.9  330.0
climsoj 1990  6 28 179    20.0   32.3   22.5    5.4    0.0 -999.9 -999.9  330.0
climsoj 1990  6 29 180    18.2   31.1   26.5    5.9    0.0 -999.9 -999.9  330.0
climsoj 1990  6 30 181    16.3   31.7   27.2    5.9    0.5 -999.9 -999.9  330.0
climsoj 1990  7  1 182    20.6   26.1   29.4    7.3    0.0 -999.9 -999.9  330.0
climsoj 1990  7  2 183    16.7   26.6   23.1    5.6    1.5 -999.9 -999.9  330.0
climsoj 1990  7  3 184    16.8   26.6   18.4    4.9    0.0 -999.9 -999.9  330.0
climsoj 1990  7  4 185    15.3   27.1   29.6    6.8    1.0 -999.9 -999.9  330.0
climsoj 1990  7  5 186    12.7   30.7   24.4    5.3    5.0 -999.9 -999.9  330.0
climsoj 1990  7  6 187    15.7   23.6   29.5    7.6    0.0 -999.9 -999.9  330.0
climsoj 1990  7  7 188    15.7   27.5   28.8    8.0    0.0 -999.9 -999.9  330.0
climsoj 1990  7  8 189    18.8   29.7   28.9    7.9    0.0 -999.9 -999.9  330.0
climsoj 1990  7  9 190    18.1   34.3   28.1    6.6    0.0 -999.9 -999.9  330.0
climsoj 1990  7 10 191    22.0   25.5   29.8    9.3    0.0 -999.9 -999.9  330.0
climsoj 1990  7 11 192    15.6   28.0   29.5    7.7    0.0 -999.9 -999.9  330.0
climsoj 1990  7 12 193    11.9   29.9   27.9    5.6    0.0 -999.9 -999.9  330.0
climsoj 1990  7 13 194    12.7   30.4   27.5    5.5    0.0 -999.9 -999.9  330.0
climsoj 1990  7 14 195    13.7   30.9   27.4    5.6    0.0 -999.9 -999.9  330.0
climsoj 1990  7 15 196    16.8   34.9   22.9    5.4    0.0 -999.9 -999.9  330.0
climsoj 1990  7 16 197    17.3   34.7   26.2    6.0    0.0 -999.9 -999.9  330.0
climsoj 1990  7 17 198    19.8   34.3   27.0    7.5    0.0 -999.9 -999.9  330.0
climsoj 1990  7 18 199    21.2   30.4   27.4    8.8    0.0 -999.9 -999.9  330.0
climsoj 1990  7 19 200    17.6   32.1   26.5    6.1    0.0 -999.9 -999.9  330.0
climsoj 1990  7 20 201    15.9   33.2   26.8    5.9    0.0 -999.9 -999.9  330.0
climsoj 1990  7 21 202    16.2   31.9   26.8    5.7    0.0 -999.9 -999.9  330.0
climsoj 1990  7 22 203    17.8   33.4   25.4    5.7    0.0 -999.9 -999.9  330.0
climsoj 1990  7 23 204    19.5   35.7   20.6    5.1    0.0 -999.9 -999.9  330.0
climsoj 1990  7 24 205    22.2   31.9   15.5    5.7    0.0 -999.9 -999.9  330.0
climsoj 1990  7 25 206    21.4   34.4   26.9    7.2    0.0 -999.9 -999.9  330.0
climsoj 1990  7 26 207    17.1   30.6   15.8    4.1    0.0 -999.9 -999.9  330.0
climsoj 1990  7 27 208    17.9   30.9   24.6    5.3    0.0 -999.9 -999.9  330.0
climsoj 1990  7 28 209    18.0   32.6   23.7    5.4    0.0 -999.9 -999.9  330.0
climsoj 1990  7 29 210    17.3   28.0   16.2    3.6    5.5 -999.9 -999.9  330.0
climsoj 1990  7 30 211    18.7   31.1   25.8    6.1    0.0 -999.9 -999.9  330.0
climsoj 1990  7 31 212    20.8   33.7   25.3    6.7    0.0 -999.9 -999.9  330.0
climsoj 1990  8  1 213    20.7   34.6   22.2    5.7    0.0 -999.9 -999.9  330.0
climsoj 1990  8  2 214    18.2   34.5   23.3    5.4    0.0 -999.9 -999.9  330.0
climsoj 1990  8  3 215    18.6   35.2   21.2    5.1    0.0 -999.9 -999.9  330.0
climsoj 1990  8  4 216    18.7   36.1   24.3    5.7    0.0 -999.9 -999.9  330.0
climsoj 1990  8  5 217    17.2   33.6   22.6    5.1    0.0 -999.9 -999.9  330.0
climsoj 1990  8  6 218    20.8   33.3   18.8    5.5    0.0 -999.9 -999.9  330.0
climsoj 1990  8  7 219    18.9   25.8   25.9    8.4    0.0 -999.9 -999.9  330.0
climsoj 1990  8  8 220    16.5   28.0   25.3    7.2    0.0 -999.9 -999.9  330.0
climsoj 1990  8  9 221    17.5   30.6   24.9    5.7    0.0 -999.9 -999.9  330.0
climsoj 1990  8 10 222    12.8   30.0   24.3    4.8    0.0 -999.9 -999.9  330.0
climsoj 1990  8 11 223    14.3   29.9   23.8    5.0    0.0 -999.9 -999.9  330.0
climsoj 1990  8 12 224    17.2   29.5   20.6    4.3    0.0 -999.9 -999.9  330.0
climsoj 1990  8 13 225    18.6   27.4    8.8    2.3    0.5 -999.9 -999.9  330.0
climsoj 1990  8 14 226    17.4   29.4   20.7    4.7   20.5 -999.9 -999.9  330.0
climsoj 1990  8 15 227    16.1   29.4   24.1    5.3    0.0 -999.9 -999.9  330.0
climsoj 1990  8 16 228    16.5   30.4   24.3    5.2    0.0 -999.9 -999.9  330.0
climsoj 1990  8 17 229    18.8   25.1   25.2    6.9    0.0 -999.9 -999.9  330.0
climsoj 1990  8 18 230    17.1   28.9   24.8    6.9    0.0 -999.9 -999.9  330.0
climsoj 1990  8 19 231    17.1   32.1   24.3    5.4    0.0 -999.9 -999.9  330.0
climsoj 1990  8 20 232    14.8   31.5   22.4    4.6    0.0 -999.9 -999.9  330.0
climsoj 1990  8 21 233    19.3   29.2   24.2    7.4    0.0 -999.9 -999.9  330.0
climsoj 1990  8 22 234    18.6   28.7   23.7    7.9    0.0 -999.9 -999.9  330.0
climsoj 1990  8 23 235    13.4   29.2   22.6    4.4    0.0 -999.9 -999.9  330.0
climsoj 1990  8 24 236    13.3   30.0   21.8    4.3    3.0 -999.9 -999.9  330.0
climsoj 1990  8 25 237    17.4   28.2   18.2    4.0    0.5 -999.9 -999.9  330.0
climsoj 1990  8 26 238    17.5   29.3   21.3    5.2    0.0 -999.9 -999.9  330.0
climsoj 1990  8 27 239    18.1   29.9   18.6    4.4    0.0 -999.9 -999.9  330.0
climsoj 1990  8 28 240    15.5   29.5   19.5    3.9    0.0 -999.9 -999.9  330.0
climsoj 1990  8 29 241    15.3   29.4   19.7    3.9    0.0 -999.9 -999.9  330.0
climsoj 1990  8 30 242    17.5   21.0    6.6    1.6   28.0 -999.9 -999.9  330.0
climsoj 1990  8 31 243    14.7   21.1   20.8    4.3    0.0 -999.9 -999.9  330.0
climsoj 1990  9  1 244    13.2   24.0   22.1    5.0    0.0 -999.9 -999.9  330.0
climsoj 1990  9  2 245    15.1   26.4   21.9    5.1    0.0 -999.9 -999.9  330.0
climsoj 1990  9  3 246    16.9   28.6   21.3    5.4    0.0 -999.9 -999.9  330.0
climsoj 1990  9  4 247    18.1   29.0   18.6    4.4    0.0 -999.9 -999.9  330.0
climsoj 1990  9  5 248    17.6   27.1   20.9    5.2    0.0 -999.9 -999.9  330.0
climsoj 1990  9  6 249    16.9   29.0   21.4    5.5    0.0 -999.9 -999.9  330.0
climsoj 1990  9  7 250    16.3   25.7   20.8    5.2    0.0 -999.9 -999.9  330.0
climsoj 1990  9  8 251    14.5   25.4   20.9    5.2    0.0 -999.9 -999.9  330.0
climsoj 1990  9  9 252     9.6   27.3   17.2    3.1    0.0 -999.9 -999.9  330.0
climsoj 1990  9 10 253    16.1   28.1   19.8    5.3    0.0 -999.9 -999.9  330.0
climsoj 1990  9 11 254    16.0   24.8   19.3    6.4    0.0 -999.9 -999.9  330.0
climsoj 1990  9 12 255    13.7   26.9   19.1    4.0    0.0 -999.9 -999.9  330.0
climsoj 1990  9 13 256    11.4   22.6    6.0    1.4    0.5 -999.9 -999.9  330.0
climsoj 1990  9 14 257    17.0   23.4    7.0    1.7    0.0 -999.9 -999.9  330.0
climsoj 1990  9 15 258    14.6   28.1   14.3    2.7    0.0 -999.9 -999.9  330.0
climsoj 1990  9 16 259    14.1   28.5   16.5    3.1    0.0 -999.9 -999.9  330.0
climsoj 1990  9 17 260    14.6   24.5    9.6    1.9    0.0 -999.9 -999.9  330.0
climsoj 1990  9 18 261    16.9   25.8   18.1    5.1    0.0 -999.9 -999.9  330.0
climsoj 1990  9 19 262    11.7   28.1   18.2    3.3    0.0 -999.9 -999.9  330.0
climsoj 1990  9 20 263    10.7   27.5   14.6    2.6    0.0 -999.9 -999.9  330.0
climsoj 1990  9 21 264    10.4   25.9   16.5    3.0    0.0 -999.9 -999.9  330.0
climsoj 1990  9 22 265    13.7   29.7   18.1    3.2    0.0 -999.9 -999.9  330.0
climsoj 1990  9 23 266    17.1   26.8   13.0    2.7    0.5 -999.9 -999.9  330.0
climsoj 1990  9 24 267    14.4   21.7   18.3    3.6    0.0 -999.9 -999.9  330.0
climsoj 1990  9 25 268     6.4   20.5    8.8    1.6   26.0 -999.9 -999.9  330.0
climsoj 1990  9 26 269    11.7   23.4   15.7    2.3    0.0 -999.9 -999.9  330.0
climsoj 1990  9 27 270    14.0   22.2   13.4    3.9    0.0 -999.9 -999.9  330.0
climsoj 1990  9 28 271    10.1   23.1   16.4    2.6    0.0 -999.9 -999.9  330.0
climsoj 1990  9 29 272     9.8   20.6    5.3    0.9    0.0 -999.9 -999.9  330.0
climsoj 1990  9 30 273    17.9   23.2    5.3    1.7   48.0 -999.9 -999.9  330.0
climsoj 1990 10  1 274    16.5   26.0   11.6    2.2    4.0 -999.9 -999.9  330.0
climsoj 1990 10  2 275    13.3   26.4   15.7    2.3    0.0 -999.9 -999.9  330.0
climsoj 1990 10  3 276    15.2   24.6   10.9    1.8   15.5 -999.9 -999.9  330.0
climsoj 1990 10  4 277    15.8   17.7    7.9    2.3    8.0 -999.9 -999.9  330.0
climsoj 1990 10  5 278    11.6   19.6   16.1    4.5    0.0 -999.9 -999.9  330.0
climsoj 1990 10  6 279     9.1   23.6   14.8    2.2    0.0 -999.9 -999.9  330.0
climsoj 1990 10  7 280    10.8   21.7   10.5    1.6    0.0 -999.9 -999.9  330.0
climsoj 1990 10  8 281    12.7   16.5   14.8    3.4    0.0 -999.9 -999.9  330.0
climsoj 1990 10  9 282     9.4   20.9   14.7    2.5    0.0 -999.9 -999.9  330.0
climsoj 1990 10 10 283     7.3   23.5   13.4    1.7    0.0 -999.9 -999.9  330.0
climsoj 1990 10 11 284    10.2   25.5   11.7    1.7    4.0 -999.9 -999.9  330.0
climsoj 1990 10 12 285    16.2   24.1    6.2    1.9   68.0 -999.9 -999.9  330.0
climsoj 1990 10 13 286    14.2   25.2    6.4    1.3    7.0 -999.9 -999.9  330.0
climsoj 1990 10 14 287    15.0   25.9   10.9    1.7    0.0 -999.9 -999.9  330.0
climsoj 1990 10 15 288    15.5   23.7    7.1    1.2    4.5 -999.9 -999.9  330.0
climsoj 1990 10 16 289    16.3   20.3    4.5    0.9    1.0 -999.9 -999.9  330.0
climsoj 1990 10 17 290    14.2   22.4    6.5    1.4    0.5 -999.9 -999.9  330.0
climsoj 1990 10 18 291    10.0   21.2    8.4    1.0    7.5 -999.9 -999.9  330.0
climsoj 1990 10 19 292    13.6   17.8    3.1    0.7   11.0 -999.9 -999.9  330.0
climsoj 1990 10 20 293    13.5   19.2   12.4    2.0    0.0 -999.9 -999.9  330.0
climsoj 1990 10 21 294     7.6   21.3   11.4    1.1    0.0 -999.9 -999.9  330.0
climsoj 1990 10 22 295     9.2   22.0    7.1    1.3   11.5 -999.9 -999.9  330.0
climsoj 1990 10 23 296    13.2   17.4    5.9    1.4    3.0 -999.9 -999.9  330.0
climsoj 1990 10 24 297    11.9   19.8    7.5    1.2   14.5 -999.9 -999.9  330.0
climsoj 1990 10 25 298    11.9   18.6    8.9    1.1    0.0 -999.9 -999.9  330.0
climsoj 1990 10 26 299     9.5   19.5    7.3    1.1    2.0 -999.9 -999.9  330.0
climsoj 1990 10 27 300     5.4   16.9    9.6    0.8    0.0 -999.9 -999.9  330.0
climsoj 1990 10 28 301     6.0   17.2    7.8    0.8    5.0 -999.9 -999.9  330.0
climsoj 1990 10 29 302    11.6   20.7    3.9    0.9    0.0 -999.9 -999.9  330.0
climsoj 1990 10 30 303    13.3   18.9    5.9    1.1    0.0 -999.9 -999.9  330.0
climsoj 1990 10 31 304    12.2   17.3    3.1    0.8    2.5 -999.9 -999.9  330.0
climsoj 1990 11  1 305     7.6   17.9    9.8    1.0    0.0 -999.9 -999.9  330.0
climsoj 1990 11  2 306     5.1   15.6    8.1    0.8    0.0 -999.9 -999.9  330.0
climsoj 1990 11  3 307     3.8   13.4    7.9    0.7    0.0 -999.9 -999.9  330.0
climsoj 1990 11  4 308     6.4   11.9   10.3    1.7    0.0 -999.9 -999.9  330.0
climsoj 1990 11  5 309     6.1   12.4    9.9    1.5    0.0 -999.9 -999.9  330.0
climsoj 1990 11  6 310     4.4   11.7    9.3    1.0    0.0 -999.9 -999.9  330.0
climsoj 1990 11  7 311     0.3   11.9    8.9    0.4    0.0 -999.9 -999.9  330.0
climsoj 1990 11  8 312    -0.4   11.3    5.3    0.3    0.5 -999.9 -999.9  330.0
climsoj 1990 11  9 313     8.2   10.9    2.3    0.4    5.0 -999.9 -999.9  330.0
climsoj 1990 11 10 314     8.7   15.1    4.2    0.6    0.5 -999.9 -999.9  330.0
climsoj 1990 11 11 315     9.2   17.0    5.9    0.6    0.0 -999.9 -999.9  330.0
climsoj 1990 11 12 316    10.1   16.4    8.9    1.1    0.0 -999.9 -999.9  330.0
climsoj 1990 11 13 317     2.4   15.2    7.4    0.3    0.0 -999.9 -999.9  330.0
climsoj 1990 11 14 318     4.7   14.7    4.3    0.3    1.0 -999.9 -999.9  330.0
climsoj 1990 11 15 319     9.7   16.1    6.9    1.6    0.0 -999.9 -999.9  330.0
climsoj 1990 11 16 320    10.0   15.2    8.8    2.2    0.0 -999.9 -999.9  330.0
climsoj 1990 11 17 321    11.9   18.7    8.5    1.7    0.0 -999.9 -999.9  330.0
climsoj 1990 11 18 322    12.4   18.9    7.9    1.4    0.0 -999.9 -999.9  330.0
climsoj 1990 11 19 323     9.4   15.9    7.1    1.0    0.0 -999.9 -999.9  330.0
climsoj 1990 11 20 324     4.3   17.2    6.4    0.3    0.0 -999.9 -999.9  330.0
climsoj 1990 11 21 325     8.4   11.2    2.3    0.5    5.5 -999.9 -999.9  330.0
climsoj 1990 11 22 326     5.1    7.4    2.3    0.5    0.5 -999.9 -999.9  330.0
climsoj 1990 11 23 327    -1.1   10.4    7.4    0.1    0.0 -999.9 -999.9  330.0
climsoj 1990 11 24 328     1.4   12.9    5.4    0.4    2.5 -999.9 -999.9  330.0
climsoj 1990 11 25 329     5.9   12.2    5.1    0.5    0.0 -999.9 -999.9  330.0
climsoj 1990 11 26 330     2.6   15.1    7.1    0.4    5.5 -999.9 -999.9  330.0
climsoj 1990 11 27 331     3.4   10.9    5.7    0.3    0.0 -999.9 -999.9  330.0
climsoj 1990 11 28 332     4.9    7.8    2.3    0.6    4.0 -999.9 -999.9  330.0
climsoj 1990 11 29 333     5.3    8.4    5.7    1.0    0.0 -999.9 -999.9  330.0
climsoj 1990 11 30 334     4.8    7.6    6.8    1.5    0.0 -999.9 -999.9  330.0
climsoj 1990 12  1 335     2.2    4.3    7.0    1.6    0.0 -999.9 -999.9  330.0
climsoj 1990 12  2 336     0.2    6.7    7.0    1.3    0.0 -999.9 -999.9  330.0
climsoj 1990 12  3 337     0.5    8.0    5.9    0.9    0.0 -999.9 -999.9  330.0
climsoj 1990 12  4 338    -1.7    6.6    6.7    0.6    0.0 -999.9 -999.9  330.0
climsoj 1990 12  5 339     4.3    8.9    6.2    1.9    0.0 -999.9 -999.9  330.0
climsoj 1990 12  6 340     0.8    5.8    6.6    0.9    0.0 -999.9 -999.9  330.0
climsoj 1990 12  7 341    -3.5    6.5    5.9    0.2    0.0 -999.9 -999.9  330.0
climsoj 1990 12  8 342    -4.8   10.9    5.6    0.2   35.5 -999.9 -999.9  330.0
climsoj 1990 12  9 343     2.2    7.6    1.6    0.1    6.0 -999.9 -999.9  330.0
climsoj 1990 12 10 344     0.2    6.0    4.2    0.2    3.5 -999.9 -999.9  330.0
climsoj 1990 12 11 345    -0.4    2.6    4.2    0.3    0.5 -999.9 -999.9  330.0
climsoj 1990 12 12 346     0.9    6.3    3.3    0.7    0.0 -999.9 -999.9  330.0
climsoj 1990 12 13 347     2.0    5.8    5.8    0.7    0.0 -999.9 -999.9  330.0
climsoj 1990 12 14 348     2.1    4.6    5.7    1.1    0.0 -999.9 -999.9  330.0
climsoj 1990 12 15 349     1.4    4.4    4.2    1.3    0.0 -999.9 -999.9  330.0
climsoj 1990 12 16 350     0.5    4.2    5.9    0.7    0.0 -999.9 -999.9  330.0
climsoj 1990 12 17 351    -3.9    5.1    4.7    0.2    0.0 -999.9 -999.9  330.0
climsoj 1990 12 18 352     1.3    7.0    2.4    0.4    1.5 -999.9 -999.9  330.0
climsoj 1990 12 19 353     1.7    7.2    3.0    0.3    0.0 -999.9 -999.9  330.0
climsoj 1990 12 20 354    -1.1    4.8    6.0    0.7    0.0 -999.9 -999.9  330.0
climsoj 1990 12 21 355    -2.6    9.1    5.7    0.3    0.0 -999.9 -999.9  330.0
climsoj 1990 12 22 356    -1.6   10.5    5.9    0.1    0.0 -999.9 -999.9  330.0
climsoj 1990 12 23 357    -4.1   10.5    5.5    0.0    0.5 -999.9 -999.9  330.0
climsoj 1990 12 24 358    -1.3    5.1    2.3    0.2    0.0 -999.9 -999.9  330.0
climsoj 1990 12 25 359    -1.4   10.1    4.3    0.1    3.5 -999.9 -999.9  330.0
climsoj 1990 12 26 360     5.7   11.2    6.3    0.2   11.0 -999.9 -999.9  330.0
climsoj 1990 12 27 361     5.1   10.9    2.9    0.4    0.5 -999.9 -999.9  330.0
climsoj 1990 12 28 362     3.6   10.1    4.6    0.3    0.0 -999.9 -999.9  330.0
climsoj 1990 12 29 363     3.1   12.2    3.8    0.3    0.0 -999.9 -999.9  330.0
climsoj 1990 12 30 364     8.0   11.6    1.6    0.3    0.0 -999.9 -999.9  330.0
climsoj 1990 12 31 365     3.8    9.5    1.6    0.0    3.0 -999.9 -999.9  330.0
