climsal 2000  1 12  12     2.4   12.4    1.8    1.1   16.0 -999.9 -999.9  330.0
climsal 2000  1 13  13     2.1   12.1    1.5    0.9   16.0 -999.9 -999.9  330.0
climsal 2000  1 14  14     0.6   10.6    2.0    1.2    6.0 -999.9 -999.9  330.0
climsal 2000  1 15  15     3.0   13.0    1.3    0.8    0.0 -999.9 -999.9  330.0
climsal 2000  1 16  16     4.8   14.8    2.0    1.2    0.0 -999.9 -999.9  330.0
climsal 2000  1 17  17     0.5   10.5    1.9    1.2    9.0 -999.9 -999.9  330.0
climsal 2000  1 18  18     4.9   14.9    2.2    1.3   10.0 -999.9 -999.9  330.0
climsal 2000  1 19  19     4.5   14.5    2.2    1.3    0.0 -999.9 -999.9  330.0
climsal 2000  1 20  20     2.0   12.0    2.2    1.3    0.0 -999.9 -999.9  330.0
climsal 2000  1 21  21     1.3   11.3    2.2    1.4    0.0 -999.9 -999.9  330.0
climsal 2000  1 22  22     3.1   13.1    2.1    1.4    0.0 -999.9 -999.9  330.0
climsal 2000  1 23  23     2.7   12.7    2.3    1.2    0.0 -999.9 -999.9  330.0
climsal 2000  1 24  24     0.5   10.5    2.0    1.4    0.0 -999.9 -999.9  330.0
climsal 2000  1 25  25    -4.4    5.6    0.2    0.4    0.0 -999.9 -999.9  330.0
climsal 2000  1 26  26    -1.7    8.3    1.9    1.4    0.0 -999.9 -999.9  330.0
climsal 2000  1 27  27    -3.3    6.7    0.6    0.3    0.0 -999.9 -999.9  330.0
climsal 2000  1 28  28     1.0   11.0    2.4    1.4    0.0 -999.9 -999.9  330.0
climsal 2000  1 29  29     2.6   12.6    2.3    1.3    0.0 -999.9 -999.9  330.0
climsal 2000  1 30  30     7.9   17.9    2.8    1.5    0.0 -999.9 -999.9  330.0
climsal 2000  1 31  31     7.2   17.2    2.3    1.2    0.0 -999.9 -999.9  330.0
climsal 2000  2  1  32     4.1   14.1    0.9    0.6    0.0 -999.9 -999.9  330.0
climsal 2000  2  2  33     6.5   16.5    1.4    0.6    0.0 -999.9 -999.9  330.0
climsal 2000  2  3  34     7.3   17.3    3.0    1.7    1.0 -999.9 -999.9  330.0
climsal 2000  2  4  35     5.6   15.6    2.9    1.7    0.0 -999.9 -999.9  330.0
climsal 2000  2  5  36     4.1   14.1    2.3    1.4    0.0 -999.9 -999.9  330.0
climsal 2000  2  6  37     5.2   15.2    0.6    0.3    0.0 -999.9 -999.9  330.0
climsal 2000  2  7  38     7.3   17.3    2.6    1.6    0.0 -999.9 -999.9  330.0
climsal 2000  2  8  39     9.4   19.4    2.6    1.4    7.0 -999.9 -999.9  330.0
climsal 2000  2  9  40     7.7   17.7    3.5    1.8    0.0 -999.9 -999.9  330.0
climsal 2000  2 10  41     5.1   15.1    3.4    1.9    0.0 -999.9 -999.9  330.0
climsal 2000  2 11  42     6.0   16.0    2.9    1.4    1.0 -999.9 -999.9  330.0
climsal 2000  2 12  43     4.0   14.0    3.5    1.9    0.0 -999.9 -999.9  330.0
climsal 2000  2 13  44     2.7   12.7    2.1    1.2    0.0 -999.9 -999.9  330.0
climsal 2000  2 14  45     6.4   16.4    3.8    2.0    0.0 -999.9 -999.9  330.0
climsal 2000  2 15  46     7.6   17.6    3.7    1.9    0.0 -999.9 -999.9  330.0
climsal 2000  2 16  47     6.5   16.5    2.3    1.4    0.0 -999.9 -999.9  330.0
climsal 2000  2 17  48     1.5   11.5    1.8    0.8    0.0 -999.9 -999.9  330.0
climsal 2000  2 18  49     5.5   15.5    2.2    1.2    0.0 -999.9 -999.9  330.0
climsal 2000  2 19  50     8.3   18.3    2.3    1.7    0.0 -999.9 -999.9  330.0
climsal 2000  2 20  51     4.2   14.2    3.1    2.3    0.0 -999.9 -999.9  330.0
climsal 2000  2 21  52     3.1   13.1    3.1    2.3    0.0 -999.9 -999.9  330.0
climsal 2000  2 22  53     2.0   12.0    2.8    1.7    0.0 -999.9 -999.9  330.0
climsal 2000  2 23  54     2.3   12.3    3.2    2.3    0.0 -999.9 -999.9  330.0
climsal 2000  2 24  55     3.9   13.9    3.2    2.2    0.0 -999.9 -999.9  330.0
climsal 2000  2 25  56     4.4   14.4    3.2    2.2    0.0 -999.9 -999.9  330.0
climsal 2000  2 26  57     5.7   15.7    3.2    2.2    0.0 -999.9 -999.9  330.0
climsal 2000  2 27  58     4.7   14.7    2.0    1.2    0.0 -999.9 -999.9  330.0
climsal 2000  2 28  59     6.7   16.7    1.3    0.7    0.0 -999.9 -999.9  330.0
climsal 2000  2 29  60     6.5   16.5    1.1    0.5    8.0 -999.9 -999.9  330.0
climsal 2000  3  1  61     6.6   16.6    2.5    1.6    0.0 -999.9 -999.9  330.0
climsal 2000  3  2  62     4.9   14.9    3.7    2.6    0.0 -999.9 -999.9  330.0
climsal 2000  3  3  63     4.1   14.1    3.7    2.5    0.0 -999.9 -999.9  330.0
climsal 2000  3  4  64     6.2   16.2    2.9    1.6    0.0 -999.9 -999.9  330.0
climsal 2000  3  5  65     4.0   14.0    4.0    2.8    0.0 -999.9 -999.9  330.0
climsal 2000  3  6  66     3.0   13.0    3.6    2.5    2.5 -999.9 -999.9  330.0
climsal 2000  3  7  67     5.4   15.4    3.4    2.2    0.0 -999.9 -999.9  330.0
climsal 2000  3  8  68     6.3   16.3    4.2    2.7    0.0 -999.9 -999.9  330.0
climsal 2000  3  9  69    11.5   21.5    4.3    2.7    0.0 -999.9 -999.9  330.0
climsal 2000  3 10  70    11.3   21.3    4.3    2.7    5.0 -999.9 -999.9  330.0
climsal 2000  3 11  71     9.3   19.3    4.5    2.8    0.0 -999.9 -999.9  330.0
climsal 2000  3 12  72     8.3   18.3    4.5    2.8    0.0 -999.9 -999.9  330.0
climsal 2000  3 13  73     6.2   16.2    4.1    2.5    1.0 -999.9 -999.9  330.0
climsal 2000  3 14  74     8.8   18.8    4.7    2.8    0.0 -999.9 -999.9  330.0
