fourque 1988  4  1  92     4.8   14.3   20.6    2.9    0.0    2.1 -999.9  330.0
fourque 1988  4  2  93     1.0   12.0   18.1    2.0    0.5    1.2 -999.9  330.0
fourque 1988  4  3  94     7.0   12.7    6.8    1.6   20.0    2.6 -999.9  330.0
fourque 1988  4  4  95     8.8   16.5    4.3    1.2    0.0    1.3 -999.9  330.0
fourque 1988  4  5  96     8.0   15.7   10.1    1.6    5.2    1.1 -999.9  330.0
fourque 1988  4  6  97    10.3   16.2    9.0    1.6    4.5    1.5 -999.9  330.0
fourque 1988  4  7  98     8.4   17.1    9.4    1.8    9.0    1.5 -999.9  330.0
fourque 1988  4  8  99     8.3   17.3   17.2    2.4    0.3    1.6 -999.9  330.0
fourque 1988  4  9 100     8.8   16.5   16.2    2.4    0.3    1.4 -999.9  330.0
fourque 1988  4 10 101     7.0   19.2   11.2    2.1    0.0    2.2 -999.9  330.0
fourque 1988  4 11 102     6.1   18.5   21.9    3.0   10.0    2.3 -999.9  330.0
fourque 1988  4 12 103    10.0   16.7   17.2    2.4    1.8    2.0 -999.9  330.0
fourque 1988  4 13 104    10.6   18.8    9.8    3.1    0.0    4.3 -999.9  330.0
fourque 1988  4 14 105    10.0   21.6   22.0    4.2    0.0    2.6 -999.9  330.0
fourque 1988  4 15 106    10.2   17.0   23.4    3.3    0.0    1.7 -999.9  330.0
fourque 1988  4 16 107    11.1   16.1   14.5    2.3    5.3    1.6 -999.9  330.0
fourque 1988  4 17 108    10.5   17.7    3.7    1.0    0.0    1.2 -999.9  330.0
fourque 1988  4 18 109    11.6   18.2   12.7    2.4    0.0    1.5 -999.9  330.0
fourque 1988  4 19 110    11.5   15.8    6.9    1.6   17.0    1.8 -999.9  330.0
fourque 1988  4 20 111    10.7   19.9   15.2    3.1    0.0    3.1 -999.9  330.0
fourque 1988  4 21 112     9.0   21.5   23.5    3.6    0.3    1.2 -999.9  330.0
fourque 1988  4 22 113     7.7   18.2   20.0    2.7    0.4    1.5 -999.9  330.0
fourque 1988  4 23 114     8.5   14.5    4.3    0.6   14.5    1.6 -999.9  330.0
fourque 1988  4 24 115    11.0   18.5   13.6    2.4    0.4    1.0 -999.9  330.0
fourque 1988  4 25 116    10.0   16.0   10.2    1.7    1.9    0.8 -999.9  330.0
fourque 1988  4 26 117     9.5   19.0   20.7    3.1    1.6    1.0 -999.9  330.0
fourque 1988  4 27 118    11.7   15.6    5.8    1.1    5.4    1.6 -999.9  330.0
fourque 1988  4 28 119    10.2   19.5   21.5    3.7    0.0    3.6 -999.9  330.0
fourque 1988  4 29 120     8.0   19.5   17.0    3.1    0.0    2.7 -999.9  330.0
fourque 1988  4 30 121    11.3   21.0   20.8    3.7    0.0    2.0 -999.9  330.0
fourque 1988  5  1 122    10.5   18.0   14.4    2.3    0.0    7.7 -999.9  330.0
fourque 1988  5  2 123    13.4   17.5    6.3    1.2    0.0    3.2 -999.9  330.0
fourque 1988  5  3 124     9.0   22.1   25.0    3.9    0.0    1.8 -999.9  330.0
fourque 1988  5  4 125     8.9   19.0   14.7    2.5    0.1    1.9 -999.9  330.0
fourque 1988  5  5 126     9.9   22.2   22.1    3.5    0.1    1.2 -999.9  330.0
fourque 1988  5  6 127    10.1   27.1   21.5    3.9    0.0    2.2 -999.9  330.0
fourque 1988  5  7 128    15.7   23.5    3.6    1.0    6.7    1.0 -999.9  330.0
fourque 1988  5  8 129    15.8   19.2    4.5    1.0    2.4    0.8 -999.9  330.0
fourque 1988  5  9 130    14.2   24.0   21.1    4.0    0.0    2.1 -999.9  330.0
fourque 1988  5 10 131    13.2   24.5   22.1    4.2    0.0    2.2 -999.9  330.0
fourque 1988  5 11 132    13.0   20.5   12.4    2.3    5.4    1.3 -999.9  330.0
fourque 1988  5 12 133    14.3   18.4    8.8    1.7    9.5    0.9 -999.9  330.0
fourque 1988  5 13 134    14.2   19.5   11.0    2.2    1.6    1.3 -999.9  330.0
fourque 1988  5 14 135    13.8   22.0   20.1    3.7    0.1    1.0 -999.9  330.0
fourque 1988  5 15 136    12.7   23.0   19.9    3.8    0.3    1.7 -999.9  330.0
fourque 1988  5 16 137    14.5   22.0   18.1    3.6    0.1    1.8 -999.9  330.0
fourque 1988  5 17 138    15.2   22.5   15.2    3.0    1.7    1.2 -999.9  330.0
fourque 1988  5 18 139    13.1   22.6   20.1    3.7    1.5    1.2 -999.9  330.0
fourque 1988  5 19 140    15.4   19.3   12.1    2.5   14.0    1.5 -999.9  330.0
fourque 1988  5 20 141    11.0   21.0   24.6    4.5    0.0    4.3 -999.9  330.0
fourque 1988  5 21 142    10.1   22.3   27.8    5.1    0.0    3.4 -999.9  330.0
fourque 1988  5 22 143     9.5   21.7   26.7    4.6    0.2    1.8 -999.9  330.0
fourque 1988  5 23 144    11.2   21.5   19.9    3.7    0.0    1.2 -999.9  330.0
fourque 1988  5 24 145    13.0   26.3   26.8    5.2    0.2    1.2 -999.9  330.0
fourque 1988  5 25 146    11.6   24.2   18.0    3.5    0.1    0.7 -999.9  330.0
fourque 1988  5 26 147    10.7   22.0   16.5    3.1    3.1    1.8 -999.9  330.0
fourque 1988  5 27 148    14.5   19.0   13.4    2.8    0.9    2.4 -999.9  330.0
fourque 1988  5 28 149     9.3   21.1   23.4    4.0    0.1    2.8 -999.9  330.0
fourque 1988  5 29 150    15.4   19.6   11.5    2.6    0.0    1.2 -999.9  330.0
fourque 1988  5 30 151     9.4   21.6   24.8    4.3    0.0    2.1 -999.9  330.0
fourque 1988  5 31 152    12.9   22.6   21.5    4.3    2.4    2.1 -999.9  330.0
fourque 1988  6  1 153    13.4   25.5   26.0    5.0    0.0    2.9 -999.9  330.0
fourque 1988  6  2 154    14.9   27.7   28.7    5.6    0.0    2.3 -999.9  330.0
fourque 1988  6  3 155    14.7   26.3   27.6    5.1    0.0    2.0 -999.9  330.0
fourque 1988  6  4 156    16.2   20.5    9.2    2.0   11.5    2.9 -999.9  330.0
fourque 1988  6  5 157    12.5   21.2   26.5    4.9    0.0    5.1 -999.9  330.0
fourque 1988  6  6 158    13.3   21.5   25.0    4.9    0.0    4.3 -999.9  330.0
fourque 1988  6  7 159    11.0   20.5   23.7    4.2    0.0    2.8 -999.9  330.0
fourque 1988  6  8 160     9.8   21.5   26.7    4.4    0.0    1.7 -999.9  330.0
fourque 1988  6  9 161    11.2   22.0   25.0    4.1    0.1    1.7 -999.9  330.0
fourque 1988  6 10 162    11.8   23.5   23.1    4.0    0.0    1.1 -999.9  330.0
fourque 1988  6 11 163    14.2   26.0   21.5    4.2    0.0    1.9 -999.9  330.0
fourque 1988  6 12 164    15.0   26.2   28.2    5.4    0.0    2.0 -999.9  330.0
fourque 1988  6 13 165    13.5   25.0   27.4    5.0    0.0    1.6 -999.9  330.0
fourque 1988  6 14 166    17.0   23.7   15.7    3.1    5.3    1.7 -999.9  330.0
fourque 1988  6 15 167    15.5   26.5   24.3    4.7    0.2    1.2 -999.9  330.0
fourque 1988  6 16 168    14.9   24.4   18.0    3.4    0.2    1.6 -999.9  330.0
fourque 1988  6 17 169    14.3   24.5   18.5    3.6    0.2    1.5 -999.9  330.0
fourque 1988  6 18 170    16.5   26.3   18.9    4.0    0.0    1.9 -999.9  330.0
fourque 1988  6 19 171    12.0   28.5   27.9    5.5    0.0    3.3 -999.9  330.0
fourque 1988  6 20 172    17.7   29.2   27.7    6.0    0.0    3.7 -999.9  330.0
fourque 1988  6 21 173    17.0   28.7   28.4    6.2    0.0    3.1 -999.9  330.0
fourque 1988  6 22 174    15.5   29.6   28.3    6.0    0.0    2.1 -999.9  330.0
fourque 1988  6 23 175    14.9   29.0   21.8    4.8    0.0    3.5 -999.9  330.0
fourque 1988  6 24 176    18.0   25.7   17.6    4.2    0.0    1.3 -999.9  330.0
fourque 1988  6 25 177    14.5   27.0   26.5    5.4    0.0    2.9 -999.9  330.0
fourque 1988  6 26 178    15.5   27.0   23.6    5.0    0.0    1.9 -999.9  330.0
fourque 1988  6 27 179    15.9   22.5    9.2    2.0   40.0    1.1 -999.9  330.0
fourque 1988  6 28 180    16.9   25.2   21.4    4.3    0.2    1.3 -999.9  330.0
fourque 1988  6 29 181    15.3   24.0   18.7    3.3    1.6    2.4 -999.9  330.0
fourque 1988  6 30 182    18.7   27.0   15.9    3.5    0.0    2.5 -999.9  330.0
fourque 1988  7  1 183    18.7   28.0   21.3    4.7    6.5    2.6 -999.9  330.0
fourque 1988  7  2 184    14.0   25.1   28.8    5.8   32.0    2.1 -999.9  330.0
fourque 1988  7  3 185    16.7   24.0   19.6    4.1    3.4    1.4 -999.9  330.0
fourque 1988  7  4 186    16.4   23.6    9.9    2.9    1.2    3.8 -999.9  330.0
fourque 1988  7  5 187    18.4   25.4   24.0    5.1    0.7    3.7 -999.9  330.0
fourque 1988  7  6 188    17.7   26.7   29.3    5.7    0.2    1.4 -999.9  330.0
fourque 1988  7  7 189    15.4   29.5   28.3    5.3    0.1    1.4 -999.9  330.0
fourque 1988  7  8 190    16.6   29.5   28.1    5.8    0.0    1.4 -999.9  330.0
fourque 1988  7  9 191    17.9   28.8   28.4    5.9    0.0    2.1 -999.9  330.0
fourque 1988  7 10 192    16.4   30.5   29.4    5.9    0.1    1.3 -999.9  330.0
fourque 1988  7 11 193    15.5   31.5   27.3    5.9    0.0    1.9 -999.9  330.0
fourque 1988  7 12 194    20.3   29.3   27.7    6.4    0.0    1.8 -999.9  330.0
fourque 1988  7 13 195    16.6   27.7   28.0    6.1    0.0    2.8 -999.9  330.0
fourque 1988  7 14 196    17.4   25.9   26.0    5.9    0.0    3.1 -999.9  330.0
fourque 1988  7 15 197    14.7   23.4   28.5    4.5    0.0    4.8 -999.9  330.0
fourque 1988  7 16 198    14.5   26.0   29.0    5.6    0.0    2.9 -999.9  330.0
fourque 1988  7 17 199    15.6   29.0   28.4    6.0    0.0    1.5 -999.9  330.0
fourque 1988  7 18 200    15.0   31.1   27.9    5.9    0.0    1.7 -999.9  330.0
fourque 1988  7 19 201    18.5   33.7   27.5    6.5    0.0    1.6 -999.9  330.0
fourque 1988  7 20 202    18.4   30.2   23.7    5.4    0.0    1.7 -999.9  330.0
fourque 1988  7 21 203    17.4   33.0   26.2    6.0    0.0    1.5 -999.9  330.0
fourque 1988  7 22 204    19.9   33.0   26.4    6.1    0.0    1.5 -999.9  330.0
fourque 1988  7 23 205    18.9   28.7   26.3    5.7    0.0    2.5 -999.9  330.0
fourque 1988  7 24 206    19.4   30.5   20.9    5.0    0.1    1.6 -999.9  330.0
fourque 1988  7 25 207    15.9   30.5   27.9    5.8    0.1    1.3 -999.9  330.0
fourque 1988  7 26 208    15.2   28.9   26.6    5.3    0.0    1.3 -999.9  330.0
fourque 1988  7 27 209    17.8   30.5   23.2    5.6    0.0    3.2 -999.9  330.0
fourque 1988  7 28 210    16.7   30.7   27.8    6.0    0.2    1.5 -999.9  330.0
fourque 1988  7 29 211    16.5   30.7   23.5    5.2    0.0    2.5 -999.9  330.0
fourque 1988  7 30 212    16.4   27.7   28.4    6.7    0.0    3.1 -999.9  330.0
fourque 1988  7 31 213    16.2   31.2   27.8    5.9    0.0    1.3 -999.9  330.0
fourque 1988  8  1 214    13.9   29.0   24.8    4.8    0.0    1.5 -999.9  330.0
fourque 1988  8  2 215    16.5   28.8   22.6    5.0    0.0    2.1 -999.9  330.0
fourque 1988  8  3 216    18.8   29.7   16.6    4.8    0.0    3.5 -999.9  330.0
fourque 1988  8  4 217    17.3   25.4   26.6    7.5    0.0    5.2 -999.9  330.0
fourque 1988  8  5 218    17.0   28.0   25.9    5.9    0.0    2.2 -999.9  330.0
fourque 1988  8  6 219    14.7   28.4   25.1    5.0    0.1    1.3 -999.9  330.0
fourque 1988  8  7 220    15.0   26.1   15.0    3.1    0.1    1.0 -999.9  330.0
fourque 1988  8  8 221    15.8   33.0   24.6    5.5    0.0    2.2 -999.9  330.0
fourque 1988  8  9 222    21.0   32.8   24.2    6.1    0.0    1.9 -999.9  330.0
fourque 1988  8 10 223    17.5   29.8   24.2    5.2    0.1    1.6 -999.9  330.0
fourque 1988  8 11 224    21.0   28.7   20.9    4.6    0.1    1.2 -999.9  330.0
fourque 1988  8 12 225    21.0   27.5   21.3    4.5    0.1    1.5 -999.9  330.0
fourque 1988  8 13 226    19.1   32.3   22.4    4.9    0.1    1.0 -999.9  330.0
fourque 1988  8 14 227    18.2   29.9   22.8    4.7    0.2    1.3 -999.9  330.0
fourque 1988  8 15 228    17.5   34.5   22.7    5.1    0.0    1.2 -999.9  330.0
fourque 1988  8 16 229    18.5   32.5   20.4    4.6    1.0    1.6 -999.9  330.0
fourque 1988  8 17 230    19.5   32.8   23.6    5.7    0.0    2.1 -999.9  330.0
fourque 1988  8 18 231    19.5   32.9   23.8    5.5    0.0    1.3 -999.9  330.0
fourque 1988  8 19 232    19.0   30.7   21.9    4.7    0.2    1.3 -999.9  330.0
fourque 1988  8 20 233    22.0   25.2    9.2    2.2    0.0    1.6 -999.9  330.0
fourque 1988  8 21 234    13.8   25.5   18.5    4.6    0.0    2.7 -999.9  330.0
fourque 1988  8 22 235    15.4   24.2   22.5    3.8    0.0    4.3 -999.9  330.0
fourque 1988  8 23 236    14.9   25.5   24.2    4.9    0.0    2.6 -999.9  330.0
fourque 1988  8 24 237    11.3   25.5   18.7    3.6    0.0    1.4 -999.9  330.0
fourque 1988  8 25 238    14.5   25.5   21.8    4.8    0.0    3.4 -999.9  330.0
fourque 1988  8 26 239    13.2   27.2   23.5    5.4    0.0    2.7 -999.9  330.0
fourque 1988  8 27 240    17.5   30.6   23.0    5.0    0.0    1.4 -999.9  330.0
fourque 1988  8 28 241    15.8   25.5   10.9    2.6   16.0    2.3 -999.9  330.0
fourque 1988  8 29 242    19.0   27.2   14.9    3.6    0.0    2.4 -999.9  330.0
fourque 1988  8 30 243    14.1   25.9   23.0    4.6    0.0    1.6 -999.9  330.0
fourque 1988  8 31 244    10.4   26.7   18.3    3.2    0.0    1.0 -999.9  330.0
fourque 1988  9  1 245    15.5   25.2   11.0    2.5    0.8    3.2 -999.9  330.0
fourque 1988  9  2 246    15.5   24.5   19.8    4.4    0.0    2.7 -999.9  330.0
fourque 1988  9  3 247    11.2   23.7   21.7    3.7    0.1    1.7 -999.9  330.0
fourque 1988  9  4 248    13.6   30.2   21.2    4.1    0.2    1.0 -999.9  330.0
fourque 1988  9  5 249    16.8   28.2   20.4    4.1    0.1    1.9 -999.9  330.0
fourque 1988  9  6 250    17.0   32.4   21.4    4.4    0.0    4.1 -999.9  330.0
fourque 1988  9  7 251    21.0   31.0   20.7    4.9    0.0    1.6 -999.9  330.0
fourque 1988  9  8 252    16.2   31.0   19.5    4.2    0.0    1.5 -999.9  330.0
fourque 1988  9  9 253    17.2   31.0    6.0    2.4    0.1    0.8 -999.9  330.0
fourque 1988  9 10 254    14.7   25.0   15.8    2.7    0.0    0.9 -999.9  330.0
fourque 1988  9 11 255    16.8   26.4   18.0    3.4    0.1    1.1 -999.9  330.0
fourque 1988  9 12 256    17.0   27.3   15.2    3.4    0.0    2.0 -999.9  330.0
fourque 1988  9 13 257    14.9   22.7   16.7    3.7    0.0    2.6 -999.9  330.0
fourque 1988  9 14 258     9.4   20.2   19.4    3.9    0.0    4.0 -999.9  330.0
fourque 1988  9 15 259    10.4   20.3   19.0    3.9    0.0    5.0 -999.9  330.0
fourque 1988  9 16 260    12.2   19.8   18.9    4.9    0.0    5.9 -999.9  330.0
fourque 1988  9 17 261    12.6   22.0   18.7    5.1    0.0    5.7 -999.9  330.0
fourque 1988  9 18 262    13.5   22.4   18.6    4.7    0.0    4.6 -999.9  330.0
fourque 1988  9 19 263    12.0   24.5   16.5    3.1    0.0    1.3 -999.9  330.0
fourque 1988  9 20 264    10.6   25.0   16.8    2.8    0.0    1.1 -999.9  330.0
fourque 1988  9 21 265     8.7   23.8   17.3    2.7    0.1    1.1 -999.9  330.0
fourque 1988  9 22 266     9.9   24.8   15.5    2.4    0.1    1.0 -999.9  330.0
fourque 1988  9 23 267    13.7   25.0   14.6    2.7    0.0    1.7 -999.9  330.0
fourque 1988  9 24 268    14.1   26.4   17.3    3.6    0.0    2.4 -999.9  330.0
fourque 1988  9 25 269    14.0   27.5   17.9    3.7    0.0    2.1 -999.9  330.0
fourque 1988  9 26 270    13.5   27.0   16.9    3.0    0.0    1.0 -999.9  330.0
fourque 1988  9 27 271     9.9   28.2   16.7    2.7    0.0    1.1 -999.9  330.0
fourque 1988  9 28 272     9.4   23.2   15.4    2.3    0.0    1.6 -999.9  330.0
fourque 1988  9 29 273    15.3   22.7    6.9    2.3   31.0    2.9 -999.9  330.0
fourque 1988  9 30 274    10.9   16.2    5.5    1.4    0.0    2.9 -999.9  330.0
fourque 1988 10  1 275    11.0   16.0    7.3    1.0   28.0    2.5 -999.9  330.0
fourque 1988 10  2 276    12.0   20.1    5.1    1.2    2.2    1.7 -999.9  330.0
fourque 1988 10  3 277    14.0   21.5    3.2    0.9    2.0    1.5 -999.9  330.0
fourque 1988 10  4 278    15.8   23.0    8.2    1.9    0.1    1.9 -999.9  330.0
fourque 1988 10  5 279    17.2   21.5    6.2    1.3    0.0    2.2 -999.9  330.0
fourque 1988 10  6 280    10.7   21.2   15.2    2.5    0.0    1.7 -999.9  330.0
fourque 1988 10  7 281    13.4   22.3    9.6    2.2    0.0    3.1 -999.9  330.0
fourque 1988 10  8 282    10.0   18.7    5.7    1.8    0.0    1.5 -999.9  330.0
fourque 1988 10  9 283     7.6   20.7    4.6    2.3    0.6    3.6 -999.9  330.0
fourque 1988 10 10 284     8.5   22.0    4.0    0.0    0.0    2.6 -999.9  330.0
fourque 1988 10 11 285     8.4   22.5    7.0    0.8    6.6    4.0 -999.9  330.0
fourque 1988 10 12 286    13.5   20.5    7.6    1.6    0.3    1.0 -999.9  330.0
fourque 1988 10 13 287    11.2   19.7    6.0    0.4   36.0    1.3 -999.9  330.0
fourque 1988 10 14 288    13.3   21.5   12.6    1.6   41.0    3.4 -999.9  330.0
fourque 1988 10 15 289    16.0   23.9    9.6    1.9    0.1    2.2 -999.9  330.0
fourque 1988 10 16 290    16.7   24.0    8.4    1.9    0.0    1.7 -999.9  330.0
fourque 1988 10 17 291    16.0   24.1    4.5    1.7    0.0    3.8 -999.9  330.0
fourque 1988 10 18 292    17.3   24.0    3.9    2.0    1.8    2.5 -999.9  330.0
fourque 1988 10 19 293    17.9   20.0    3.6    0.9   15.5    3.0 -999.9  330.0
fourque 1988 10 20 294     9.2   19.1   13.5    2.1    0.0    2.2 -999.9  330.0
fourque 1988 10 21 295     7.2   18.0   13.4    1.8    0.0    2.5 -999.9  330.0
fourque 1988 10 22 296     6.8   20.4   13.1    1.3    0.0    1.0 -999.9  330.0
fourque 1988 10 23 297     8.5   18.3    8.1    1.1    0.3    0.8 -999.9  330.0
fourque 1988 10 24 298     8.7   22.0   11.6    1.6    0.0    2.8 -999.9  330.0
fourque 1988 10 25 299    11.5   20.3   11.7    1.3    0.1    1.1 -999.9  330.0
fourque 1988 10 26 300     7.9   19.7    7.5    1.1    0.1    1.4 -999.9  330.0
fourque 1988 10 27 301    10.4   20.1    5.5    1.2    0.0    1.9 -999.9  330.0
fourque 1988 10 28 302    13.2   21.4    9.9    1.5    0.1    1.4 -999.9  330.0
fourque 1988 10 29 303    12.4   22.0    9.5    1.5    0.0    2.5 -999.9  330.0
fourque 1988 10 30 304    13.7   18.8   11.2    2.4    0.0    4.5 -999.9  330.0
fourque 1988 10 31 305     7.6   14.1   11.6    1.8    0.0    3.5 -999.9  330.0
fourque 1988 11  1 306     6.5   14.4    4.2    1.1    0.1    1.1 -999.9  330.0
fourque 1988 11  2 307     8.4   20.2    9.3    1.0    0.1    2.1 -999.9  330.0
fourque 1988 11  3 308     8.2   13.6   11.0    1.8    0.0    4.1 -999.9  330.0
fourque 1988 11  4 309     6.4   15.0    8.4    1.5    0.0    3.0 -999.9  330.0
fourque 1988 11  5 310     3.2   15.2    9.5    0.6    0.0    0.2 -999.9  330.0
fourque 1988 11  6 311     7.9   13.0    5.7    0.8    0.0    0.4 -999.9  330.0
fourque 1988 11  7 312     3.3   14.7    7.2    1.1    0.7    2.0 -999.9  330.0
fourque 1988 11  8 313     4.6   13.5    1.1    0.0    3.1    3.8 -999.9  330.0
fourque 1988 11  9 314    10.9   14.5    1.5    0.5   14.0    1.3 -999.9  330.0
fourque 1988 11 10 315    11.2   15.5    4.2    0.6    0.0    0.9 -999.9  330.0
fourque 1988 11 11 316     9.9   15.5    5.9    0.6    0.0    0.6 -999.9  330.0
fourque 1988 11 12 317     8.5   17.0    5.7    0.7    1.4    1.6 -999.9  330.0
fourque 1988 11 13 318    11.8   18.1    4.8    1.2    0.0    4.1 -999.9  330.0
fourque 1988 11 14 319    10.3   18.8    7.7    4.4    0.0    8.0 -999.9  330.0
fourque 1988 11 15 320     7.7   13.8    9.3    0.9    0.0    3.8 -999.9  330.0
fourque 1988 11 16 321     5.0   12.2    8.5    0.0    0.1    1.7 -999.9  330.0
fourque 1988 11 17 322     5.5   15.2    7.7    0.5    0.2    0.7 -999.9  330.0
fourque 1988 11 18 323     6.2   19.0    5.9    1.2    0.0    2.4 -999.9  330.0
fourque 1988 11 19 324     6.5   16.5    8.6    1.3    0.0    5.1 -999.9  330.0
fourque 1988 11 20 325     5.6   15.5    8.3    1.6    0.0    2.9 -999.9  330.0
fourque 1988 11 21 326     5.0   11.8    9.1    1.7    0.0    7.6 -999.9  330.0
fourque 1988 11 22 327    -1.0    6.5    8.5    1.6    0.0    9.7 -999.9  330.0
fourque 1988 11 23 328    -2.3    3.5    8.6    0.5    0.0    6.7 -999.9  330.0
fourque 1988 11 24 329     1.0    5.4    8.4    0.9    0.0    4.9 -999.9  330.0
fourque 1988 11 25 330    -1.0    6.8    8.0    0.4    0.2    2.4 -999.9  330.0
fourque 1988 11 26 331    -0.6    8.3    7.2    0.3    0.0    2.3 -999.9  330.0
fourque 1988 11 27 332    -2.3    8.5    8.1    0.5    0.1    2.7 -999.9  330.0
fourque 1988 11 28 333    -2.4    9.3    7.2    0.2    0.0    0.9 -999.9  330.0
fourque 1988 11 29 334    -0.2   10.5    5.0    0.4    0.0    0.8 -999.9  330.0
fourque 1988 11 30 335     2.4   12.0    2.6    0.4   14.0    0.8 -999.9  330.0
