Mons 2011 1 1 1 -2.1 2.4 1.3 0.0 0.0 1.2 6.3 350.0 
Mons 2011 1 2 2 0.6 3.8 4.3 0.0 0.0 1.6 6.4 350.0 
Mons 2011 1 3 3 -1.2 2.4 3.0 0.0 0.0 0.7 5.8 350.0 
Mons 2011 1 4 4 -3.5 0.0 3.5 0.0 0.0 2.9 5.2 350.0 
Mons 2011 1 5 5 -3.4 4.7 4.4 0.0 8.3 4.3 5.6 350.0 
Mons 2011 1 6 6 1.4 11.4 0.8 0.0 12.5 4.4 10.3 350.0 
Mons 2011 1 7 7 5.9 11.2 1.2 0.0 5.4 4.0 11.7 350.0 
Mons 2011 1 8 8 8.9 11.9 1.7 0.9 10.7 5.9 10.7 350.0 
Mons 2011 1 9 9 2.8 7.4 3.7 0.0 0.0 1.7 7.5 350.0 
Mons 2011 1 10 10 -0.5 3.6 3.3 0.0 1.8 3.2 6.5 350.0 
Mons 2011 1 11 11 0.3 8.8 1.7 0.2 4.2 4.6 8.1 350.0 
Mons 2011 1 12 12 4.3 12.0 0.6 0.3 8.9 4.6 10.2 350.0 
Mons 2011 1 13 13 9.9 13.4 1.3 0.1 0.6 6.3 13.5 350.0 
Mons 2011 1 14 14 9.4 13.1 2.3 1.2 3.6 5.9 10.8 350.0 
Mons 2011 1 15 15 7.2 11.0 3.7 0.5 0.0 4.9 9.7 350.0 
Mons 2011 1 16 16 6.0 12.2 4.7 0.3 0.0 3.7 9.6 350.0 
Mons 2011 1 17 17 4.0 8.8 1.4 0.0 0.6 3.2 9.8 350.0 
Mons 2011 1 18 18 5.5 8.6 1.8 0.5 0.6 3.3 8.8 350.0 
Mons 2011 1 19 19 0.5 3.9 2.2 0.1 0.6 1.7 7.0 350.0 
Mons 2011 1 20 20 1.5 5.3 5.6 0.0 0.0 2.5 6.3 350.0 
Mons 2011 1 21 21 -0.8 1.8 3.0 0.1 0.0 2.3 5.7 350.0 
Mons 2011 1 22 22 0.1 5.8 1.6 0.1 0.0 2.2 7.3 350.0 
Mons 2011 1 23 23 2.1 6.0 1.6 0.2 0.6 2.4 7.7 350.0 
Mons 2011 1 24 24 4.0 7.0 2.8 0.4 0.0 2.4 7.8 350.0 
Mons 2011 1 25 25 0.1 6.3 1.3 0.0 3.6 2.8 7.9 350.0 
Mons 2011 1 26 26 3.9 7.1 1.9 0.5 3.0 2.5 7.9 350.0 
Mons 2011 1 27 27 0.4 3.2 5.1 0.5 0.0 4.3 5.5 350.0 
Mons 2011 1 28 28 -2.5 1.0 4.2 0.4 0.0 3.6 4.8 350.0 
Mons 2011 1 29 29 -2.0 0.0 2.4 0.4 0.0 2.3 4.7 350.0 
Mons 2011 1 30 30 -3.5 -0.9 8.6 0.0 0.0 3.5 4.4 350.0 
Mons 2011 1 31 31 -4.3 -2.6 1.8 0.2 0.0 2.0 4.3 350.0 
Mons 2011 2 1 32 -4.9 0.2 1.8 0.2 0.7 2.8 4.9 350.0 
Mons 2011 2 2 33 -0.8 3.3 3.2 0.1 0.7 3.4 6.7 350.0 
Mons 2011 2 3 34 1.1 8.8 4.3 0.1 0.0 2.9 8.3 350.0 
Mons 2011 2 4 35 3.9 9.7 1.9 0.6 0.0 6.6 9.1 350.0 
Mons 2011 2 5 36 8.8 10.8 1.3 1.2 0.0 6.2 9.8 350.0 
Mons 2011 2 6 37 7.9 9.4 3.0 1.2 0.0 4.8 8.8 350.0 
Mons 2011 2 7 38 2.7 12.4 8.4 0.5 0.0 3.9 8.4 350.0 
Mons 2011 2 8 39 2.1 9.3 9.1 0.0 0.0 1.5 8.6 350.0 
Mons 2011 2 9 40 1.9 5.9 1.8 0.0 0.0 3.6 8.7 350.0 
Mons 2011 2 10 41 2.8 11.5 2.4 0.3 5.4 3.7 9.9 350.0 
Mons 2011 2 11 42 9.8 15.1 5.3 1.0 1.3 3.3 11.4 350.0 
Mons 2011 2 12 43 8.0 10.8 3.8 0.9 0.7 2.7 9.4 350.0 
Mons 2011 2 13 44 0.9 8.3 3.7 0.4 2.7 3.7 8.1 350.0 
Mons 2011 2 14 45 5.2 8.5 4.2 0.5 0.0 2.0 8.5 350.0 
Mons 2011 2 15 46 2.4 6.8 3.2 0.4 0.0 4.4 8.0 350.0 
Mons 2011 2 16 47 0.9 8.5 4.2 0.4 0.0 2.5 7.9 350.0 
Mons 2011 2 17 48 2.2 10.6 9.8 0.6 0.7 2.0 7.5 350.0 
Mons 2011 2 18 49 -0.6 3.7 2.5 0.1 0.0 1.4 7.0 350.0 
Mons 2011 2 19 50 2.6 5.8 3.0 0.5 2.0 4.2 7.7 350.0 
Mons 2011 2 20 51 3.9 5.6 1.5 0.1 0.0 2.1 8.4 350.0 
Mons 2011 2 21 52 2.2 4.5 2.8 0.4 0.0 3.0 7.4 350.0 
Mons 2011 2 22 53 0.4 5.8 10.5 0.5 0.0 1.2 5.9 350.0 
Mons 2011 2 23 54 -1.7 6.0 2.6 0.7 7.4 3.9 6.1 350.0 
Mons 2011 2 24 55 1.5 10.6 3.3 0.0 0.7 1.9 10.6 350.0 
Mons 2011 2 25 56 5.5 9.8 4.2 0.3 0.0 2.4 10.7 350.0 
Mons 2011 2 26 57 7.5 10.1 2.3 0.6 10.8 3.8 10.2 350.0 
Mons 2011 2 27 58 4.4 7.8 4.9 0.8 0.0 2.2 7.8 350.0 
Mons 2011 2 28 59 1.6 4.8 3.3 0.5 0.0 1.6 7.0 350.0 
Mons 2011 3 1 60 2.1 8.1 11.1 1.2 0.0 4.5 7.0 350.0 
Mons 2011 3 2 61 1.0 9.0 12.5 1.6 0.0 4.5 6.0 350.0 
Mons 2011 3 3 62 -1.0 6.3 12.7 1.3 0.0 4.0 5.2 350.0 
Mons 2011 3 4 63 -1.1 8.5 13.0 1.0 0.0 2.4 5.9 350.0 
Mons 2011 3 5 64 -1.3 4.2 8.7 0.7 0.0 3.0 6.0 350.0 
Mons 2011 3 6 65 -0.2 7.1 14.8 1.5 0.0 4.0 5.5 350.0 
Mons 2011 3 7 66 -1.1 9.7 15.2 2.0 0.0 3.4 4.0 350.0 
Mons 2011 3 8 67 -1.3 14.1 14.3 1.8 0.0 3.1 6.0 350.0 
Mons 2011 3 9 68 4.2 10.5 7.1 1.3 0.0 3.9 8.2 350.0 
Mons 2011 3 10 69 2.2 10.1 5.6 1.0 0.0 5.7 8.4 350.0 
Mons 2011 3 11 70 6.9 11.9 6.3 1.4 0.0 3.0 8.9 350.0 
Mons 2011 3 12 71 3.5 15.0 10.7 1.9 0.6 4.2 8.7 350.0 
Mons 2011 3 13 72 7.7 11.7 4.2 0.8 0.0 3.0 11.1 350.0 
Mons 2011 3 14 73 6.1 12.3 4.8 0.7 0.0 2.0 11.2 350.0 
Mons 2011 3 15 74 6.2 19.4 16.1 2.3 0.0 3.1 10.4 350.0 
Mons 2011 3 16 75 7.3 15.7 14.4 2.1 0.0 3.7 10.3 350.0 
Mons 2011 3 17 76 4.8 6.5 1.9 0.1 0.0 3.5 9.1 350.0 
Mons 2011 3 18 77 3.8 10.9 6.6 0.9 2.9 2.4 9.5 350.0 
Mons 2011 3 19 78 4.8 8.0 4.6 1.0 0.0 2.8 8.1 350.0 
Mons 2011 3 20 79 -1.1 11.7 14.2 1.3 0.0 0.8 6.4 350.0 
Mons 2011 3 21 80 -0.1 14.5 18.0 1.9 0.0 1.4 5.7 350.0 
Mons 2011 3 22 81 2.1 16.4 15.8 2.5 0.0 2.8 6.6 350.0 
Mons 2011 3 23 82 4.6 17.5 17.0 2.5 0.0 2.9 8.4 350.0 
Mons 2011 3 24 83 5.7 19.7 17.6 2.7 0.0 2.6 8.9 350.0 
Mons 2011 3 25 84 3.4 19.4 17.4 2.1 0.0 1.0 8.3 350.0 
Mons 2011 3 26 85 6.5 16.4 12.1 2.2 0.0 2.4 8.7 350.0 
Mons 2011 3 27 86 4.2 17.1 17.0 2.4 0.0 2.2 8.1 350.0 
Mons 2011 3 28 87 4.0 14.3 17.0 2.4 0.0 2.1 6.9 350.0 
Mons 2011 3 29 88 1.0 17.9 17.1 2.1 1.2 1.5 8.3 350.0 
Mons 2011 3 30 89 8.1 13.1 4.5 0.8 3.5 3.6 12.2 350.0 
Mons 2011 3 31 90 9.8 15.5 5.6 1.0 5.8 4.9 14.3 350.0 
Mons 2011 4 1 91 12.4 16.0 7.3 1.6 0.5 3.7 14.4 350.0 
Mons 2011 4 2 92 8.7 23.7 17.8 3.2 0.5 3.4 13.6 350.0 
Mons 2011 4 3 93 9.1 12.9 5.4 1.1 0.5 1.6 11.5 350.0 
Mons 2011 4 4 94 6.3 13.4 11.7 1.9 0.0 2.2 9.3 350.0 
Mons 2011 4 5 95 2.4 14.1 8.0 1.5 0.0 2.5 8.6 350.0 
Mons 2011 4 6 96 7.1 22.5 19.6 2.8 0.0 1.5 12.7 350.0 
Mons 2011 4 7 97 7.6 21.3 20.8 2.9 0.0 1.4 11.9 350.0 
Mons 2011 4 8 98 7.4 19.6 19.7 2.8 0.0 1.3 10.6 350.0 
Mons 2011 4 9 99 5.7 18.9 21.6 3.4 0.0 2.8 8.9 350.0 
Mons 2011 4 10 100 6.3 23.2 21.5 3.7 0.0 2.2 9.3 350.0 
Mons 2011 4 11 101 7.2 19.5 19.0 3.0 0.0 2.2 11.1 350.0 
Mons 2011 4 12 102 5.9 13.3 18.3 3.0 0.0 3.1 7.6 350.0 
Mons 2011 4 13 103 0.4 14.1 14.8 2.1 0.0 1.7 7.1 350.0 
Mons 2011 4 14 104 6.3 14.2 14.9 2.4 0.0 1.2 7.6 350.0 
Mons 2011 4 15 105 8.2 15.6 14.6 2.7 0.0 1.4 7.4 350.0 
Mons 2011 4 16 106 3.7 16.7 18.8 2.8 0.0 1.2 6.9 350.0 
Mons 2011 4 17 107 5.4 17.7 21.2 3.3 0.0 1.8 7.3 350.0 
Mons 2011 4 18 108 4.0 20.2 23.0 3.7 0.0 2.3 8.0 350.0 
Mons 2011 4 19 109 9.9 23.4 23.1 4.4 0.0 2.3 9.7 350.0 
Mons 2011 4 20 110 8.9 24.0 22.9 4.0 0.0 1.6 9.3 350.0 
Mons 2011 4 21 111 9.6 23.4 22.7 4.5 0.0 2.6 9.8 350.0 
Mons 2011 4 22 112 10.0 24.7 23.4 4.3 0.0 1.8 10.9 350.0 
Mons 2011 4 23 113 8.1 25.1 22.2 3.8 0.0 1.3 11.3 350.0 
Mons 2011 4 24 114 9.0 24.2 17.5 3.3 0.0 1.3 11.8 350.0 
Mons 2011 4 25 115 9.2 23.5 23.4 4.3 0.0 2.3 11.2 350.0 
Mons 2011 4 26 116 8.6 20.2 23.2 4.0 0.0 2.9 11.3 350.0 
Mons 2011 4 27 117 9.0 17.5 23.1 4.2 0.0 3.4 9.4 350.0 
Mons 2011 4 28 118 8.5 14.2 5.9 1.2 7.5 2.4 12.1 350.0 
Mons 2011 4 29 119 8.4 19.4 12.5 2.2 6.0 2.0 13.6 350.0 
Mons 2011 4 30 120 9.9 20.2 19.9 3.4 1.0 2.3 13.1 350.0 
Mons 2011 5 1 121 9.6 21.2 21.7 4.1 0.0 2.7 11.7 350.0 
Mons 2011 5 2 122 8.7 17.7 25.1 4.8 0.0 3.6 8.2 350.0 
Mons 2011 5 3 123 4.6 15.4 25.8 4.3 0.0 3.4 6.8 350.0 
Mons 2011 5 4 124 3.4 16.5 26.8 3.9 0.0 1.8 6.3 350.0 
Mons 2011 5 5 125 4.2 19.2 25.5 4.0 0.0 1.9 8.0 350.0 
Mons 2011 5 6 126 8.1 23.8 23.2 4.4 0.0 2.0 10.0 350.0 
Mons 2011 5 7 127 12.2 25.1 25.0 5.5 0.0 3.5 12.4 350.0 
Mons 2011 5 8 128 16.1 23.8 18.7 4.6 0.0 2.5 13.4 350.0 
Mons 2011 5 9 129 11.1 23.8 24.1 4.3 0.0 1.3 12.6 350.0 
Mons 2011 5 10 130 12.7 22.7 20.8 4.3 0.0 2.2 13.2 350.0 
Mons 2011 5 11 131 9.0 19.7 24.1 4.0 0.0 1.5 10.4 350.0 
Mons 2011 5 12 132 8.1 17.1 23.6 3.9 0.0 2.2 9.7 350.0 
Mons 2011 5 13 133 2.6 19.5 26.2 3.7 0.0 1.2 9.1 350.0 
Mons 2011 5 14 134 7.3 17.6 23.0 4.0 0.0 2.2 9.0 350.0 
Mons 2011 5 15 135 7.9 15.8 15.5 3.1 0.0 2.4 9.1 350.0 
Mons 2011 5 16 136 6.5 18.0 10.9 2.3 0.0 2.7 11.3 350.0 
Mons 2011 5 17 137 10.0 19.8 24.1 4.6 0.0 2.7 10.6 350.0 
Mons 2011 5 18 138 6.4 23.4 27.0 4.5 0.0 1.8 11.6 350.0 
Mons 2011 5 19 139 10.1 19.8 17.6 3.1 0.0 1.5 13.7 350.0 
Mons 2011 5 20 140 8.0 20.1 20.1 3.5 0.0 1.6 11.5 350.0 
Mons 2011 5 21 141 3.0 23.0 26.8 4.0 0.0 1.0 11.1 350.0 
Mons 2011 5 22 142 11.6 19.7 22.6 4.6 0.0 2.5 10.7 350.0 
Mons 2011 5 23 143 4.7 24.3 28.8 5.0 0.0 2.3 10.3 350.0 
Mons 2011 5 24 144 9.1 17.8 27.7 4.8 0.0 2.3 8.6 350.0 
Mons 2011 5 25 145 1.3 23.0 29.9 4.5 0.0 1.5 8.6 350.0 
Mons 2011 5 26 146 8.6 18.5 16.2 4.1 0.5 4.4 9.9 350.0 
Mons 2011 5 27 147 10.0 17.6 14.1 3.1 0.0 2.1 10.5 350.0 
Mons 2011 5 28 148 3.0 20.5 26.0 4.2 0.0 2.4 9.3 350.0 
Mons 2011 5 29 149 8.0 24.5 25.2 4.8 0.0 2.6 12.4 350.0 
Mons 2011 5 30 150 7.9 29.1 22.7 4.7 0.5 1.9 13.2 350.0 
Mons 2011 5 31 151 11.2 17.7 18.2 4.0 0.0 2.5 9.6 350.0 
Mons 2011 6 1 152 4.6 20.7 30.5 4.9 0.0 1.9 8.3 350.0 
Mons 2011 6 2 153 8.7 24.0 30.8 6.4 0.0 3.2 8.1 350.0 
Mons 2011 6 3 154 12.0 26.4 27.8 6.4 0.0 3.6 12.2 350.0 
Mons 2011 6 4 155 16.5 30.4 23.8 6.0 8.0 2.5 16.3 350.0 
Mons 2011 6 5 156 16.8 25.0 14.2 3.3 4.0 1.6 19.3 350.0 
Mons 2011 6 6 157 14.9 20.7 7.2 2.0 1.5 2.0 16.7 350.0 
Mons 2011 6 7 158 12.5 18.2 8.4 1.9 4.5 1.4 14.6 350.0 
Mons 2011 6 8 159 6.8 19.3 22.8 3.8 0.0 1.7 10.7 350.0 
Mons 2011 6 9 160 6.0 19.3 23.5 3.8 0.0 1.4 10.1 350.0 
Mons 2011 6 10 161 9.9 15.8 9.4 2.0 10.6 1.2 11.5 350.0 
Mons 2011 6 11 162 5.7 16.7 21.9 3.5 0.0 2.1 10.4 350.0 
Mons 2011 6 12 163 4.5 19.3 19.1 3.4 0.5 2.3 10.2 350.0 
Mons 2011 6 13 164 12.0 21.9 14.4 3.1 1.0 2.5 15.9 350.0 
Mons 2011 6 14 165 13.2 23.5 20.9 3.9 0.0 0.9 16.0 350.0 
Mons 2011 6 15 166 15.4 23.5 21.7 4.7 3.5 2.2 15.5 350.0 
Mons 2011 6 16 167 15.6 20.8 18.0 4.4 3.0 2.8 13.6 350.0 
Mons 2011 6 17 168 6.3 17.3 10.8 1.9 1.5 2.5 12.6 350.0 
Mons 2011 6 18 169 11.3 17.6 17.4 4.1 6.5 4.4 11.6 350.0 
Mons 2011 6 19 170 10.5 18.6 14.8 3.5 4.5 3.4 11.6 350.0 
Mons 2011 6 20 171 9.7 20.8 12.5 2.3 3.5 2.4 16.0 350.0 
Mons 2011 6 21 172 14.5 22.9 17.1 3.7 1.5 2.3 17.0 350.0 
Mons 2011 6 22 173 13.3 19.8 13.9 3.1 7.0 2.3 14.4 350.0 
Mons 2011 6 23 174 11.5 18.6 23.4 4.6 0.5 3.0 11.5 350.0 
Mons 2011 6 24 175 7.4 19.2 27.9 4.6 0.0 2.1 10.6 350.0 
Mons 2011 6 25 176 11.9 21.5 11.9 2.7 0.0 1.9 15.1 350.0 
Mons 2011 6 26 177 13.8 27.5 24.5 4.9 0.0 1.5 18.3 350.0 
Mons 2011 6 27 178 17.9 34.1 27.7 6.9 1.0 2.4 20.3 350.0 
Mons 2011 6 28 179 19.8 33.9 21.8 6.1 14.6 2.4 21.0 350.0 
Mons 2011 6 29 180 15.2 22.1 21.2 4.8 0.0 2.5 13.2 350.0 
Mons 2011 6 30 181 7.7 21.6 18.1 3.4 0.0 1.3 11.6 350.0 
Mons 2011 7 1 182 9.2 21.4 22.8 4.3 0.0 1.6 10.6 350.0 
Mons 2011 7 2 183 7.3 20.8 24.9 4.4 0.0 1.7 9.5 350.0 
Mons 2011 7 3 184 6.4 22.7 29.5 4.9 0.0 1.7 10.4 350.0 
Mons 2011 7 4 185 9.2 24.9 30.4 5.5 0.0 1.8 11.4 350.0 
Mons 2011 7 5 186 9.0 29.4 27.5 5.5 0.5 1.7 12.6 350.0 
Mons 2011 7 6 187 13.8 23.3 18.1 4.4 2.1 2.6 13.4 350.0 
Mons 2011 7 7 188 8.9 22.4 20.2 4.3 0.0 2.9 11.7 350.0 
Mons 2011 7 8 189 11.5 23.1 16.8 4.1 3.1 3.0 13.0 350.0 
Mons 2011 7 9 190 14.1 21.5 13.6 3.4 1.0 2.1 13.8 350.0 
Mons 2011 7 10 191 13.9 23.7 12.3 3.2 0.0 1.3 13.1 350.0 
Mons 2011 7 11 192 10.7 26.7 26.8 5.1 0.0 1.4 12.3 350.0 
Mons 2011 7 12 193 14.2 22.6 8.9 2.8 0.5 2.9 15.6 350.0 
Mons 2011 7 13 194 13.0 18.4 10.4 3.2 0.0 3.6 12.2 350.0 
Mons 2011 7 14 195 9.1 19.8 15.6 3.6 0.0 2.6 10.5 350.0 
Mons 2011 7 15 196 7.6 26.6 26.2 5.0 0.0 1.8 10.6 350.0 
Mons 2011 7 16 197 11.7 20.6 8.0 2.5 15.5 3.4 14.4 350.0 
Mons 2011 7 17 198 12.5 18.6 14.3 3.4 1.0 4.1 13.5 350.0 
Mons 2011 7 18 199 12.6 18.5 11.7 3.2 0.5 3.5 12.6 350.0 
Mons 2011 7 19 200 11.6 17.1 7.2 1.6 17.0 1.1 14.1 350.0 
Mons 2011 7 20 201 9.4 19.9 10.5 2.2 0.0 1.9 13.8 350.0 
Mons 2011 7 21 202 13.5 22.7 13.8 3.3 0.0 1.7 13.9 350.0 
Mons 2011 7 22 203 14.4 21.6 17.9 4.0 3.1 2.2 13.4 350.0 
Mons 2011 7 23 204 6.7 17.6 10.1 2.0 4.6 1.5 11.7 350.0 
Mons 2011 7 24 205 11.7 21.4 25.5 5.0 0.0 2.9 11.8 350.0 
Mons 2011 7 25 206 10.0 24.1 15.4 3.3 0.0 1.6 13.6 350.0 
Mons 2011 7 26 207 13.5 21.0 15.1 3.3 0.0 1.7 13.3 350.0 
Mons 2011 7 27 208 14.1 18.8 7.9 2.0 1.0 1.4 14.7 350.0 
Mons 2011 7 28 209 14.0 22.3 11.9 2.8 1.0 1.9 15.7 350.0 
Mons 2011 7 29 210 14.9 24.0 19.5 4.4 0.0 2.3 14.4 350.0 
Mons 2011 7 30 211 9.2 20.9 17.5 3.4 0.0 1.7 11.4 350.0 
Mons 2011 7 31 212 7.4 23.2 26.6 4.4 0.0 1.3 10.7 350.0 
Mons 2011 8 1 213 9.8 26.2 27.0 5.1 0.0 1.9 11.6 350.0 
Mons 2011 8 2 214 11.5 29.2 20.9 4.5 1.0 1.7 14.4 350.0 
Mons 2011 8 3 215 17.9 24.4 9.7 2.8 0.5 1.8 18.3 350.0 
Mons 2011 8 4 216 11.4 26.5 14.7 3.4 9.7 2.8 17.1 350.0 
Mons 2011 8 5 217 12.9 22.1 11.1 2.2 0.5 1.0 16.9 350.0 
Mons 2011 8 6 218 14.2 22.2 9.2 2.4 2.0 2.6 17.2 350.0 
Mons 2011 8 7 219 11.6 21.8 18.3 4.3 6.1 3.9 12.7 350.0 
Mons 2011 8 8 220 12.4 20.6 19.7 4.6 1.0 4.7 12.5 350.0 
Mons 2011 8 9 221 12.0 19.7 18.9 4.0 0.0 3.0 11.8 350.0 
Mons 2011 8 10 222 7.3 23.0 24.9 4.3 0.0 2.6 11.6 350.0 
Mons 2011 8 11 223 11.2 26.8 18.9 4.8 0.0 3.8 13.3 350.0 
Mons 2011 8 12 224 15.7 20.0 8.4 2.1 1.5 2.7 17.4 350.0 
Mons 2011 8 13 225 13.9 20.4 6.6 1.4 19.8 2.7 18.7 350.0 
Mons 2011 8 14 226 14.8 20.2 11.5 2.6 0.0 2.1 15.6 350.0 
Mons 2011 8 15 227 9.5 22.6 22.3 3.8 0.0 1.7 12.9 350.0 
Mons 2011 8 16 228 13.7 25.1 18.4 3.8 0.0 1.6 13.9 350.0 
Mons 2011 8 17 229 11.9 25.6 17.1 3.4 0.0 1.7 16.1 350.0 
Mons 2011 8 18 230 15.0 27.6 15.5 3.9 0.5 3.4 18.9 350.0 
Mons 2011 8 19 231 16.2 22.0 15.2 3.3 0.0 1.8 15.5 350.0 
Mons 2011 8 20 232 10.4 28.2 23.7 4.4 1.0 1.7 14.6 350.0 
Mons 2011 8 21 233 18.3 29.5 15.5 4.3 0.0 2.7 19.6 350.0 
Mons 2011 8 22 234 15.0 23.6 10.4 2.8 22.9 2.8 16.9 350.0 
Mons 2011 8 23 235 16.0 25.4 16.1 3.6 0.0 3.4 19.3 350.0 
Mons 2011 8 24 236 16.7 21.3 12.1 3.1 0.0 2.9 16.1 350.0 
Mons 2011 8 25 237 13.6 24.5 16.7 3.6 16.3 2.4 15.4 350.0 
Mons 2011 8 26 238 15.4 18.6 5.8 1.9 3.6 3.6 16.1 350.0 
Mons 2011 8 27 239 11.9 18.9 13.3 2.9 2.0 3.4 13.3 350.0 
Mons 2011 8 28 240 10.9 18.2 13.3 2.8 0.5 3.5 12.4 350.0 
Mons 2011 8 29 241 9.6 18.8 18.1 3.1 0.0 2.2 11.4 350.0 
Mons 2011 8 30 242 6.1 17.8 11.7 1.9 0.0 0.8 10.3 350.0 
Mons 2011 8 31 243 7.6 19.8 18.4 2.8 0.0 1.6 11.3 350.0 
Mons 2011 9 1 244 10.7 25.4 19.7 3.7 0.0 2.5 14.0 350.0 
Mons 2011 9 2 245 14.5 28.3 19.0 3.7 0.0 1.5 18.0 350.0 
Mons 2011 9 3 246 16.3 30.3 19.7 4.3 19.4 2.0 18.7 350.0 
Mons 2011 9 4 247 16.2 21.8 11.2 2.7 3.1 2.9 17.3 350.0 
Mons 2011 9 5 248 12.4 18.8 16.8 3.6 0.0 4.6 12.5 350.0 
Mons 2011 9 6 249 12.3 18.6 7.9 2.6 9.4 6.2 14.1 350.0 
Mons 2011 9 7 250 12.4 18.4 13.6 3.4 0.0 5.5 12.7 350.0 
Mons 2011 9 8 251 13.2 18.0 4.9 1.8 4.2 4.5 14.6 350.0 
Mons 2011 9 9 252 15.9 21.8 5.2 1.1 1.0 2.2 21.1 350.0 
Mons 2011 9 10 253 16.2 28.9 16.6 3.8 0.0 3.4 20.7 350.0 
Mons 2011 9 11 254 15.2 17.9 5.7 1.8 15.7 3.7 15.7 350.0 
Mons 2011 9 12 255 13.9 22.3 10.0 2.9 0.5 5.2 15.9 350.0 
Mons 2011 9 13 256 14.3 19.9 13.8 3.3 0.0 3.8 13.2 350.0 
Mons 2011 9 14 257 8.9 18.6 12.9 2.2 0.0 2.5 11.9 350.0 
Mons 2011 9 15 258 7.2 20.2 17.6 2.3 0.0 1.3 11.5 350.0 
Mons 2011 9 16 259 10.4 22.4 11.0 2.5 0.5 2.8 13.5 350.0 
Mons 2011 9 17 260 11.4 17.5 8.0 2.1 7.8 4.0 12.8 350.0 
Mons 2011 9 18 261 8.8 15.3 9.3 1.7 5.2 3.9 12.0 350.0 
Mons 2011 9 19 262 7.8 18.5 15.6 2.1 0.0 2.0 12.1 350.0 
Mons 2011 9 20 263 11.2 17.9 8.6 1.8 0.0 2.8 13.3 350.0 
Mons 2011 9 21 264 13.0 19.3 8.9 2.0 0.0 2.6 14.0 350.0 
Mons 2011 9 22 265 9.3 18.1 12.1 1.8 0.0 2.0 12.6 350.0 
Mons 2011 9 23 266 6.4 19.3 14.1 1.7 0.5 0.6 11.2 350.0 
Mons 2011 9 24 267 8.6 22.0 15.8 2.1 0.0 0.9 12.4 350.0 
Mons 2011 9 25 268 10.1 24.3 15.1 2.3 0.0 1.6 14.4 350.0 
Mons 2011 9 26 269 12.6 24.7 14.5 2.4 0.0 1.6 15.7 350.0 
Mons 2011 9 27 270 13.5 24.5 15.2 2.3 0.0 1.2 16.1 350.0 
Mons 2011 9 28 271 13.6 26.7 15.4 2.8 0.5 2.1 15.9 350.0 
Mons 2011 9 29 272 15.1 26.2 15.1 2.9 0.0 2.1 15.4 350.0 
Mons 2011 9 30 273 12.8 26.3 14.8 2.5 0.0 1.5 15.0 350.0 
Mons 2011 10 1 274 12.8 27.6 14.4 2.2 0.0 0.8 14.8 350.0 
Mons 2011 10 2 275 10.6 27.2 14.3 2.0 0.0 0.5 13.8 350.0 
Mons 2011 10 3 276 10.2 26.7 14.3 2.2 0.0 1.4 13.2 350.0 
Mons 2011 10 4 277 12.0 18.8 3.5 0.7 0.0 2.3 16.6 350.0 
Mons 2011 10 5 278 15.6 18.9 4.9 1.9 0.0 3.4 14.8 350.0 
Mons 2011 10 6 279 10.7 17.1 6.0 2.1 3.4 4.8 11.8 350.0 
Mons 2011 10 7 280 6.4 14.5 10.4 1.4 0.5 2.8 10.0 350.0 
Mons 2011 10 8 281 7.4 13.1 5.8 1.1 4.3 2.7 10.5 350.0 
Mons 2011 10 9 282 10.7 16.4 2.2 0.4 8.6 3.3 14.9 350.0 
Mons 2011 10 10 283 14.9 18.2 5.3 1.9 0.0 5.5 15.3 350.0 
Mons 2011 10 11 284 14.4 16.4 3.6 1.5 0.5 4.5 14.4 350.0 
Mons 2011 10 12 285 13.2 15.8 4.3 1.0 2.4 2.9 14.4 350.0 
Mons 2011 10 13 286 12.4 16.4 7.1 1.2 0.0 1.8 13.1 350.0 
Mons 2011 10 14 287 6.4 15.0 12.9 1.6 0.0 2.7 8.3 350.0 
Mons 2011 10 15 288 3.6 14.0 12.7 1.2 0.0 2.1 7.5 350.0 
Mons 2011 10 16 289 3.1 15.7 11.9 0.9 0.0 1.3 8.9 350.0 
Mons 2011 10 17 290 5.5 16.2 7.9 0.8 0.0 2.2 11.7 350.0 
Mons 2011 10 18 291 7.9 12.6 2.6 0.8 4.8 3.1 10.7 350.0 
Mons 2011 10 19 292 6.2 12.3 8.9 1.1 0.5 2.2 8.5 350.0 
Mons 2011 10 20 293 1.2 10.7 9.9 0.7 0.0 1.2 6.8 350.0 
Mons 2011 10 21 294 -0.7 11.5 10.4 0.7 0.0 1.4 6.6 350.0 
Mons 2011 10 22 295 1.2 7.9 6.6 0.8 0.5 4.0 7.0 350.0 
Mons 2011 10 23 296 2.9 15.0 10.3 1.0 0.0 4.1 9.2 350.0 
Mons 2011 10 24 297 4.7 15.1 9.9 1.3 5.3 5.4 9.7 350.0 
Mons 2011 10 25 298 9.4 15.5 4.4 1.0 3.4 2.9 11.8 350.0 
Mons 2011 10 26 299 7.7 14.4 9.6 1.1 0.0 3.5 10.1 350.0 
Mons 2011 10 27 300 7.3 16.0 7.7 1.0 0.0 2.9 10.6 350.0 
Mons 2011 10 28 301 10.0 17.3 7.3 0.7 0.0 1.5 13.2 350.0 
Mons 2011 10 29 302 12.2 16.5 4.2 0.6 0.0 1.6 14.7 350.0 
Mons 2011 10 30 303 10.5 15.4 6.1 0.6 0.0 2.3 13.4 350.0 
Mons 2011 10 31 304 7.4 16.5 7.9 0.6 0.5 2.3 11.8 350.0 
Mons 2011 11 1 305 7.9 16.3 4.7 0.6 6.1 2.3 12.5 350.0 
Mons 2011 11 2 306 8.5 13.9 4.3 0.4 0.0 3.4 12.8 350.0 
Mons 2011 11 3 307 12.8 16.1 2.0 0.9 3.9 3.7 14.0 350.0 
Mons 2011 11 4 308 11.7 16.9 7.0 1.0 6.7 3.8 12.9 350.0 
Mons 2011 11 5 309 12.2 17.3 5.1 0.7 0.0 1.9 13.9 350.0 
Mons 2011 11 6 310 12.1 13.2 3.2 1.0 0.0 3.2 11.9 350.0 
Mons 2011 11 7 311 8.6 10.3 0.9 0.4 0.6 2.7 10.2 350.0 
Mons 2011 11 8 312 8.2 10.8 1.2 0.2 1.1 2.0 11.1 350.0 
Mons 2011 11 9 313 9.5 15.0 4.3 0.7 0.0 2.5 11.5 350.0 
Mons 2011 11 10 314 6.1 8.7 3.9 0.3 0.0 3.6 9.4 350.0 
Mons 2011 11 11 315 5.8 7.8 1.7 0.3 0.6 4.4 9.3 350.0 
Mons 2011 11 12 316 4.5 12.7 5.5 0.3 0.0 3.1 9.7 350.0 
Mons 2011 11 13 317 5.4 8.0 2.0 0.3 0.0 3.7 9.5 350.0 
Mons 2011 11 14 318 3.9 7.2 3.6 0.3 0.0 3.2 8.0 350.0 
Mons 2011 11 15 319 1.0 3.9 1.8 0.3 0.0 3.3 6.8 350.0 
Mons 2011 11 16 320 0.7 3.3 1.8 0.2 0.0 3.3 6.8 350.0 
Mons 2011 11 17 321 2.1 8.5 1.6 0.0 0.0 2.5 9.3 350.0 
Mons 2011 11 18 322 7.4 10.2 2.8 0.1 0.6 2.4 11.0 350.0 
Mons 2011 11 19 323 4.5 11.0 5.7 0.0 0.0 2.3 9.2 350.0 
Mons 2011 11 20 324 1.1 12.5 6.2 0.0 0.6 0.5 8.2 350.0 
Mons 2011 11 21 325 -0.7 10.2 3.4 0.0 0.0 1.2 8.7 350.0 
Mons 2011 11 22 326 4.3 13.1 5.4 0.0 2.2 0.9 9.5 350.0 
Mons 2011 11 23 327 3.5 10.2 1.7 0.0 0.0 0.6 10.9 350.0 
Mons 2011 11 24 328 7.0 8.9 1.0 0.0 0.0 1.7 10.7 350.0 
Mons 2011 11 25 329 5.9 9.2 0.9 0.1 0.6 2.8 9.9 350.0 
Mons 2011 11 26 330 2.0 9.3 4.2 0.0 0.0 2.9 8.9 350.0 
Mons 2011 11 27 331 5.7 12.8 1.9 0.7 0.0 3.7 9.9 350.0 
Mons 2011 11 28 332 -0.4 6.9 2.4 0.0 0.0 1.9 8.1 350.0 
Mons 2011 11 29 333 3.2 10.3 1.4 0.2 0.6 4.1 9.4 350.0 
Mons 2011 11 30 334 2.7 10.8 5.0 0.0 0.6 1.8 8.3 350.0 
Mons 2011 12 1 335 2.5 12.8 1.2 0.0 4.2 5.3 11.5 350.0 
Mons 2011 12 2 336 5.5 9.5 4.4 0.1 1.2 3.0 8.7 350.0 
Mons 2011 12 3 337 5.3 10.9 0.8 0.4 10.8 5.3 9.9 350.0 
Mons 2011 12 4 338 7.3 10.7 1.2 0.2 11.4 3.8 11.0 350.0 
Mons 2011 12 5 339 1.7 6.7 3.3 0.3 6.0 4.1 7.0 350.0 
Mons 2011 12 6 340 3.9 8.3 2.3 0.6 12.5 4.3 7.7 350.0 
Mons 2011 12 7 341 4.8 10.4 3.1 1.0 3.0 5.4 7.8 350.0 
Mons 2011 12 8 342 1.7 11.1 2.2 0.4 4.8 5.5 8.7 350.0 
Mons 2011 12 9 343 5.1 9.3 3.0 0.3 0.6 3.3 8.4 350.0 
Mons 2011 12 10 344 -0.3 5.7 2.6 0.0 0.0 1.1 7.1 350.0 
Mons 2011 12 11 345 2.3 8.9 3.9 0.0 6.6 2.9 7.8 350.0 
Mons 2011 12 12 346 4.6 9.5 4.2 0.2 1.8 4.8 8.3 350.0 
Mons 2011 12 13 347 5.6 11.1 2.0 1.2 7.8 7.4 8.9 350.0 
Mons 2011 12 14 348 4.8 8.0 2.6 0.9 1.8 6.1 7.6 350.0 
Mons 2011 12 15 349 3.7 12.2 2.0 1.7 19.1 6.5 7.4 350.0 
Mons 2011 12 16 350 2.6 11.0 1.0 1.0 8.4 5.8 8.2 350.0 
Mons 2011 12 17 351 1.5 6.9 3.7 0.0 5.4 2.4 6.8 350.0 
Mons 2011 12 18 352 0.9 4.7 4.4 0.0 5.4 2.7 5.9 350.0 
Mons 2011 12 19 353 -2.5 5.7 2.9 0.1 3.0 2.8 5.8 350.0 
Mons 2011 12 20 354 1.3 7.8 3.5 0.0 1.2 2.5 7.5 350.0 
Mons 2011 12 21 355 2.7 10.1 0.9 0.0 3.6 1.9 9.5 350.0 
Mons 2011 12 22 356 7.7 12.0 3.2 0.0 0.0 3.2 10.9 350.0 
Mons 2011 12 23 357 8.0 9.2 1.5 0.6 2.4 4.7 9.7 350.0 
Mons 2011 12 24 358 3.8 7.3 4.0 0.1 0.0 3.1 7.1 350.0 
Mons 2011 12 25 359 4.4 10.1 2.2 0.3 0.0 4.1 9.0 350.0 
Mons 2011 12 26 360 8.0 10.2 1.1 0.5 0.0 2.8 9.8 350.0 
Mons 2011 12 27 361 1.3 5.8 2.1 0.0 0.0 1.5 7.8 350.0 
Mons 2011 12 28 362 2.4 6.5 0.8 0.2 0.0 4.1 7.7 350.0 
Mons 2011 12 29 363 1.9 8.4 2.1 0.4 13.7 4.5 7.7 350.0 
Mons 2011 12 30 364 4.4 10.2 2.7 0.5 14.3 2.3 7.5 350.0 
Mons 2011 12 31 365 4.9 11.8 1.0 0.0 1.2 4.4 12.1 350.0 
