Mons 2009 1 1 1 -2.7 -0.8 1.9 0.1 0.0 2.8 5.0 350.0 
Mons 2009 1 2 2 -5.5 0.2 1.9 0.0 0.0 2.5 5.1 350.0 
Mons 2009 1 3 3 -5.1 -1.3 5.6 0.0 0.0 2.5 4.6 350.0 
Mons 2009 1 4 4 -8.6 -0.4 1.3 0.0 0.0 1.0 4.5 350.0 
Mons 2009 1 5 5 -2.1 -0.6 1.0 0.1 0.0 2.9 5.3 350.0 
Mons 2009 1 6 6 -10.1 -6.1 3.3 0.0 0.0 3.5 3.0 350.0 
Mons 2009 1 7 7 -15.8 0.0 2.7 0.0 0.0 1.0 3.8 350.0 
Mons 2009 1 8 8 -6.8 -2.1 6.6 0.0 0.0 2.6 4.3 350.0 
Mons 2009 1 9 9 -12.5 -4.6 8.0 0.0 0.0 1.6 2.8 350.0 
Mons 2009 1 10 10 -14.2 -4.9 7.6 0.0 0.0 1.2 2.8 350.0 
Mons 2009 1 11 11 -12.3 -1.2 6.8 0.0 0.0 2.5 3.7 350.0 
Mons 2009 1 12 12 -6.6 4.6 3.6 0.0 4.7 4.4 6.1 350.0 
Mons 2009 1 13 13 2.7 4.5 1.2 0.1 4.7 3.6 7.7 350.0 
Mons 2009 1 14 14 2.1 4.2 1.7 0.1 1.2 2.0 7.6 350.0 
Mons 2009 1 15 15 1.4 4.9 3.8 0.2 0.0 3.8 6.7 350.0 
Mons 2009 1 16 16 0.1 4.7 2.4 0.1 0.0 3.8 6.9 350.0 
Mons 2009 1 17 17 2.1 8.2 2.3 0.0 5.9 5.3 9.1 350.0 
Mons 2009 1 18 18 3.8 7.1 3.0 0.3 10.0 6.2 8.4 350.0 
Mons 2009 1 19 19 2.6 10.7 3.3 0.6 1.2 6.7 8.6 350.0 
Mons 2009 1 20 20 1.1 6.0 4.5 0.0 0.0 3.9 7.2 350.0 
Mons 2009 1 21 21 0.3 4.0 1.3 0.0 0.0 3.0 6.9 350.0 
Mons 2009 1 22 22 1.1 8.3 0.8 0.0 9.4 6.0 8.6 350.0 
Mons 2009 1 23 23 4.8 9.2 1.3 0.7 8.3 6.4 9.0 350.0 
Mons 2009 1 24 24 -0.8 5.4 4.2 0.0 0.0 1.8 6.9 350.0 
Mons 2009 1 25 25 0.7 4.5 4.9 0.1 0.0 5.2 6.8 350.0 
Mons 2009 1 26 26 1.8 7.0 5.0 0.1 0.0 2.3 7.5 350.0 
Mons 2009 1 27 27 1.6 7.0 5.9 0.1 0.0 2.1 6.8 350.0 
Mons 2009 1 28 28 -2.6 0.6 1.9 0.1 0.0 2.0 5.6 350.0 
Mons 2009 1 29 29 -3.8 2.6 8.9 0.0 0.6 2.6 5.8 350.0 
Mons 2009 1 30 30 -2.4 3.4 7.1 0.0 0.0 4.0 5.6 350.0 
Mons 2009 1 31 31 -1.8 2.2 7.7 0.3 0.0 5.9 5.1 350.0 
Mons 2009 2 1 32 -3.2 1.4 6.7 0.5 0.0 5.2 4.6 350.0 
Mons 2009 2 2 33 -2.0 2.7 2.0 0.2 1.2 5.3 6.2 350.0 
Mons 2009 2 3 34 -1.2 2.1 5.4 0.1 0.0 1.8 5.5 350.0 
Mons 2009 2 4 35 -4.4 2.6 3.3 0.0 1.2 2.6 5.6 350.0 
Mons 2009 2 5 36 0.3 7.1 3.4 0.2 0.0 3.4 7.8 350.0 
Mons 2009 2 6 37 1.6 10.5 6.8 0.3 4.6 2.8 8.2 350.0 
Mons 2009 2 7 38 0.7 3.2 1.4 0.1 0.0 3.0 6.9 350.0 
Mons 2009 2 8 39 -0.8 5.1 4.7 0.3 1.2 2.7 6.4 350.0 
Mons 2009 2 9 40 0.1 11.4 1.5 0.5 27.8 5.5 8.4 350.0 
Mons 2009 2 10 41 2.4 5.6 3.0 0.3 1.2 7.9 8.0 350.0 
Mons 2009 2 11 42 -1.3 6.1 5.5 0.3 1.2 2.3 6.7 350.0 
Mons 2009 2 12 43 0.1 4.3 6.7 0.3 0.0 3.2 6.5 350.0 
Mons 2009 2 13 44 0.1 1.9 1.5 0.1 0.0 2.0 6.5 350.0 
Mons 2009 2 14 45 -0.9 4.8 10.8 0.3 0.0 2.0 5.6 350.0 
Mons 2009 2 15 46 -3.3 4.4 7.0 0.2 0.0 1.8 5.9 350.0 
Mons 2009 2 16 47 2.3 8.6 3.1 0.3 1.2 2.5 9.0 350.0 
Mons 2009 2 17 48 5.0 8.1 2.5 0.3 0.0 4.4 9.6 350.0 
Mons 2009 2 18 49 2.1 4.8 6.5 0.4 0.0 1.7 6.9 350.0 
Mons 2009 2 19 50 -2.7 5.8 9.6 0.2 0.0 1.5 6.5 350.0 
Mons 2009 2 20 51 4.1 8.8 4.9 0.6 0.0 2.1 8.5 350.0 
Mons 2009 2 21 52 3.2 9.3 4.7 0.5 0.0 1.2 8.4 350.0 
Mons 2009 2 22 53 3.4 8.4 3.2 0.3 1.2 3.0 9.4 350.0 
Mons 2009 2 23 54 4.5 7.3 2.1 0.2 0.0 2.1 9.1 350.0 
Mons 2009 2 24 55 2.7 5.5 3.7 0.5 0.0 2.0 7.7 350.0 
Mons 2009 2 25 56 -0.3 7.7 8.9 0.4 0.0 1.5 7.6 350.0 
Mons 2009 2 26 57 3.9 9.1 3.8 0.6 0.0 3.3 8.9 350.0 
Mons 2009 2 27 58 3.3 10.5 4.6 0.6 0.0 2.5 9.2 350.0 
Mons 2009 2 28 59 0.3 11.0 10.5 0.5 0.0 1.5 8.8 350.0 
Mons 2009 3 1 60 3.5 10.8 5.9 0.5 0.6 2.9 9.9 350.0 
Mons 2009 3 2 61 4.1 10.4 11.4 1.0 0.0 2.2 8.3 350.0 
Mons 2009 3 3 62 0.2 10.0 8.1 1.0 0.6 4.0 7.5 350.0 
Mons 2009 3 4 63 3.4 5.8 2.9 0.7 4.8 4.8 7.5 350.0 
Mons 2009 3 5 64 -2.1 7.7 9.9 0.6 0.0 2.7 6.9 350.0 
Mons 2009 3 6 65 0.7 8.6 13.1 1.2 0.0 4.2 7.0 350.0 
Mons 2009 3 7 66 -0.6 9.4 5.4 0.5 0.0 2.3 8.3 350.0 
Mons 2009 3 8 67 6.5 10.3 6.7 1.5 0.6 5.8 9.1 350.0 
Mons 2009 3 9 68 2.5 10.5 13.4 1.8 0.6 5.7 7.5 350.0 
Mons 2009 3 10 69 4.0 12.0 6.2 1.3 9.0 5.9 9.3 350.0 
Mons 2009 3 11 70 1.2 10.6 12.2 1.1 0.0 1.7 7.6 350.0 
Mons 2009 3 12 71 4.4 11.1 4.0 0.8 0.6 4.4 9.9 350.0 
Mons 2009 3 13 72 7.1 10.9 3.1 0.5 0.0 1.9 10.8 350.0 
Mons 2009 3 14 73 4.6 11.5 5.6 0.8 0.0 2.9 10.0 350.0 
Mons 2009 3 15 74 2.1 13.0 14.9 1.3 0.0 2.3 9.1 350.0 
Mons 2009 3 16 75 0.7 14.2 15.8 1.3 0.0 1.1 9.1 350.0 
Mons 2009 3 17 76 2.4 14.9 14.3 1.4 0.0 2.3 9.8 350.0 
Mons 2009 3 18 77 3.2 15.5 17.9 2.4 0.0 2.8 6.8 350.0 
Mons 2009 3 19 78 3.0 14.1 16.7 2.5 0.0 3.8 7.0 350.0 
Mons 2009 3 20 79 0.8 11.8 17.6 2.2 0.0 3.1 5.7 350.0 
Mons 2009 3 21 80 -2.0 12.1 17.8 1.7 0.0 1.4 5.2 350.0 
Mons 2009 3 22 81 0.8 12.5 11.8 1.5 0.0 3.4 8.0 350.0 
Mons 2009 3 23 82 5.6 13.1 10.6 2.4 1.2 6.2 8.9 350.0 
Mons 2009 3 24 83 3.3 8.8 9.8 1.9 3.6 5.7 7.3 350.0 
Mons 2009 3 25 84 3.2 11.3 9.9 1.7 10.8 6.4 8.8 350.0 
Mons 2009 3 26 85 4.6 9.1 3.6 0.4 1.8 5.6 9.9 350.0 
Mons 2009 3 27 86 4.3 9.9 10.2 1.6 7.2 5.0 8.7 350.0 
Mons 2009 3 28 87 4.4 9.4 10.4 1.6 5.4 4.9 8.5 350.0 
Mons 2009 3 29 88 0.5 9.8 13.7 1.7 0.0 3.2 7.0 350.0 
Mons 2009 3 30 89 -0.9 10.5 17.1 1.7 0.0 1.2 6.3 350.0 
Mons 2009 3 31 90 0.8 13.6 20.1 2.4 0.0 3.3 7.4 350.0 
Mons 2009 4 1 91 3.4 15.8 20.3 3.4 0.0 5.4 8.0 350.0 
Mons 2009 4 2 92 5.4 18.1 19.4 2.9 0.0 3.3 10.2 350.0 
Mons 2009 4 3 93 4.1 15.0 16.2 1.8 0.0 1.7 10.9 350.0 
Mons 2009 4 4 94 6.2 13.2 11.4 1.6 0.0 2.3 10.5 350.0 
Mons 2009 4 5 95 5.1 16.3 17.6 2.3 0.0 1.3 9.1 350.0 
Mons 2009 4 6 96 6.0 19.8 17.3 2.9 6.8 2.7 10.0 350.0 
Mons 2009 4 7 97 9.0 14.5 9.2 1.8 0.0 2.4 11.1 350.0 
Mons 2009 4 8 98 6.0 12.6 4.7 0.8 6.2 4.6 11.5 350.0 
Mons 2009 4 9 99 11.1 18.3 11.1 2.3 0.0 3.4 13.4 350.0 
Mons 2009 4 10 100 7.9 21.1 17.8 3.1 0.0 3.2 12.4 350.0 
Mons 2009 4 11 101 10.2 20.6 15.9 3.1 0.0 2.9 12.6 350.0 
Mons 2009 4 12 102 10.4 18.4 13.8 2.6 0.0 2.9 13.0 350.0 
Mons 2009 4 13 103 7.6 18.2 18.2 2.6 0.0 2.0 12.2 350.0 
Mons 2009 4 14 104 9.4 20.1 16.1 2.8 0.0 2.7 13.4 350.0 
Mons 2009 4 15 105 11.2 22.6 20.2 4.5 3.6 4.1 11.7 350.0 
Mons 2009 4 16 106 10.6 14.8 7.7 1.6 4.7 2.3 12.8 350.0 
Mons 2009 4 17 107 8.1 11.3 6.2 1.1 6.8 3.7 11.4 350.0 
Mons 2009 4 18 108 8.6 13.0 5.7 1.1 2.1 2.2 12.1 350.0 
Mons 2009 4 19 109 8.5 17.7 12.8 2.5 0.0 2.6 11.6 350.0 
Mons 2009 4 20 110 7.7 17.7 21.9 3.3 0.0 3.6 12.2 350.0 
Mons 2009 4 21 111 7.9 17.8 17.9 3.1 0.5 3.1 11.3 350.0 
Mons 2009 4 22 112 4.1 16.6 21.9 3.0 0.0 2.4 10.0 350.0 
Mons 2009 4 23 113 2.6 16.8 25.5 3.4 0.0 2.0 7.9 350.0 
Mons 2009 4 24 114 3.7 17.6 24.9 3.9 0.0 3.5 8.6 350.0 
Mons 2009 4 25 115 5.1 16.0 14.1 2.5 0.0 3.0 9.9 350.0 
Mons 2009 4 26 116 7.5 15.0 10.5 1.7 1.6 0.9 11.4 350.0 
Mons 2009 4 27 117 7.4 15.0 13.9 2.8 6.8 4.5 10.4 350.0 
Mons 2009 4 28 118 6.1 13.7 18.2 2.7 0.0 2.5 9.6 350.0 
Mons 2009 4 29 119 5.5 16.5 15.8 2.4 1.0 1.4 10.4 350.0 
Mons 2009 4 30 120 3.4 18.6 23.3 3.1 0.0 1.3 10.2 350.0 
Mons 2009 5 1 121 6.3 20.1 20.3 3.3 0.0 1.8 11.2 350.0 
Mons 2009 5 2 122 4.1 17.3 13.9 2.0 0.0 1.8 11.9 350.0 
Mons 2009 5 3 123 4.7 15.1 13.0 2.1 0.5 2.4 10.3 350.0 
Mons 2009 5 4 124 4.6 14.3 17.9 2.7 0.0 2.0 8.9 350.0 
Mons 2009 5 5 125 7.3 15.3 6.0 1.4 0.0 3.6 12.1 350.0 
Mons 2009 5 6 126 10.5 18.0 14.2 3.5 0.0 4.0 11.3 350.0 
Mons 2009 5 7 127 5.3 21.6 20.7 3.3 0.5 1.7 12.4 350.0 
Mons 2009 5 8 128 8.2 17.9 15.2 3.3 0.0 3.1 10.3 350.0 
Mons 2009 5 9 129 3.3 17.9 16.8 2.6 0.0 2.1 10.7 350.0 
Mons 2009 5 10 130 5.1 22.0 24.4 3.8 5.0 2.3 12.4 350.0 
Mons 2009 5 11 131 11.7 16.2 11.8 2.6 7.5 4.9 13.6 350.0 
Mons 2009 5 12 132 9.2 14.7 3.9 0.7 36.0 4.2 13.5 350.0 
Mons 2009 5 13 133 11.8 20.1 9.8 2.1 0.0 2.1 15.9 350.0 
Mons 2009 5 14 134 13.0 19.5 11.4 2.2 8.0 1.4 16.3 350.0 
Mons 2009 5 15 135 10.5 16.3 13.3 2.6 5.0 3.3 13.1 350.0 
Mons 2009 5 16 136 7.3 17.8 13.1 2.5 1.5 4.1 12.5 350.0 
Mons 2009 5 17 137 9.8 15.7 13.0 2.6 0.0 4.1 12.4 350.0 
Mons 2009 5 18 138 8.6 18.5 22.0 4.0 0.0 3.5 11.4 350.0 
Mons 2009 5 19 139 6.8 19.9 23.8 3.9 0.0 2.2 11.2 350.0 
Mons 2009 5 20 140 6.3 21.7 25.7 4.0 0.0 1.2 11.8 350.0 
Mons 2009 5 21 141 9.6 20.9 23.4 4.1 0.0 1.9 12.8 350.0 
Mons 2009 5 22 142 5.8 18.6 29.1 4.5 0.0 2.3 10.1 350.0 
Mons 2009 5 23 143 6.2 21.7 21.2 3.7 0.0 2.2 12.2 350.0 
Mons 2009 5 24 144 10.9 26.7 24.6 4.7 0.0 1.8 16.3 350.0 
Mons 2009 5 25 145 12.7 28.0 21.5 4.7 16.5 3.2 18.9 350.0 
Mons 2009 5 26 146 12.9 17.0 9.6 2.5 1.0 4.4 14.3 350.0 
Mons 2009 5 27 147 6.9 14.6 14.7 2.4 0.5 3.8 11.8 350.0 
Mons 2009 5 28 148 10.9 18.2 8.7 1.6 0.0 2.6 16.2 350.0 
Mons 2009 5 29 149 12.4 20.6 28.1 5.5 0.0 3.2 12.2 350.0 
Mons 2009 5 30 150 8.1 21.7 30.3 5.5 0.0 3.4 11.2 350.0 
Mons 2009 5 31 151 10.2 21.5 22.8 4.1 0.0 2.7 14.6 350.0 
Mons 2009 6 1 152 11.7 24.4 26.3 5.0 1.5 3.0 16.0 350.0 
Mons 2009 6 2 153 10.9 21.8 28.2 5.3 0.0 3.7 13.7 350.0 
Mons 2009 6 3 154 9.9 19.2 21.3 4.0 0.0 2.7 12.2 350.0 
Mons 2009 6 4 155 6.6 15.8 22.4 3.6 0.0 2.0 9.7 350.0 
Mons 2009 6 5 156 4.0 17.1 23.2 3.5 0.0 1.9 9.8 350.0 
Mons 2009 6 6 157 6.5 16.5 12.1 2.3 0.0 1.9 10.7 350.0 
Mons 2009 6 7 158 9.3 18.0 18.1 3.6 2.5 3.1 11.4 350.0 
Mons 2009 6 8 159 5.8 17.0 16.6 2.5 4.0 2.0 12.8 350.0 
Mons 2009 6 9 160 10.8 19.1 18.7 3.5 1.0 4.5 14.7 350.0 
Mons 2009 6 10 161 9.8 17.0 10.1 1.9 14.0 2.5 14.3 350.0 
Mons 2009 6 11 162 11.1 18.3 24.2 4.7 0.0 4.0 12.4 350.0 
Mons 2009 6 12 163 6.1 20.1 24.0 3.8 0.0 1.6 12.2 350.0 
Mons 2009 6 13 164 10.4 23.9 26.5 4.6 0.0 1.2 14.9 350.0 
Mons 2009 6 14 165 13.3 25.1 24.8 4.7 0.0 1.7 18.3 350.0 
Mons 2009 6 15 166 13.0 19.6 10.3 2.2 5.0 1.7 16.0 350.0 
Mons 2009 6 16 167 9.3 21.4 27.0 4.6 0.0 2.5 13.7 350.0 
Mons 2009 6 17 168 9.7 23.8 28.2 5.0 0.0 2.3 14.5 350.0 
Mons 2009 6 18 169 13.8 22.5 24.2 5.0 0.0 2.6 14.4 350.0 
Mons 2009 6 19 170 12.2 19.5 24.4 4.9 0.0 3.1 12.3 350.0 
Mons 2009 6 20 171 7.4 17.5 13.2 2.2 1.0 1.5 12.9 350.0 
Mons 2009 6 21 172 8.6 19.4 16.5 2.9 0.5 1.9 13.4 350.0 
Mons 2009 6 22 173 7.1 19.4 23.2 3.9 0.0 2.0 11.7 350.0 
Mons 2009 6 23 174 8.0 21.7 28.9 4.9 0.0 2.9 13.1 350.0 
Mons 2009 6 24 175 11.7 24.3 30.0 6.3 0.0 3.6 12.8 350.0 
Mons 2009 6 25 176 11.8 26.8 26.0 5.1 0.0 2.3 17.2 350.0 
Mons 2009 6 26 177 14.8 21.3 14.1 2.8 1.0 2.5 18.7 350.0 
Mons 2009 6 27 178 14.0 24.4 21.8 4.3 0.0 2.1 17.8 350.0 
Mons 2009 6 28 179 11.6 26.6 23.1 4.3 0.0 1.1 17.9 350.0 
Mons 2009 6 29 180 13.8 28.3 28.8 5.7 0.0 1.6 18.1 350.0 
Mons 2009 6 30 181 14.8 28.2 28.5 5.9 0.0 2.2 18.8 350.0 
Mons 2009 7 1 182 14.3 27.7 26.8 5.5 0.0 2.0 18.3 350.0 
Mons 2009 7 2 183 16.6 31.6 25.7 5.8 12.3 1.7 20.7 350.0 
Mons 2009 7 3 184 16.5 25.4 24.1 5.0 0.0 2.0 18.3 350.0 
Mons 2009 7 4 185 10.8 27.1 29.3 5.2 0.0 1.0 15.4 350.0 
Mons 2009 7 5 186 16.6 25.6 25.2 5.2 0.0 1.6 17.5 350.0 
Mons 2009 7 6 187 12.9 23.3 19.9 4.1 0.9 2.3 15.3 350.0 
Mons 2009 7 7 188 12.8 20.6 17.9 3.9 2.4 3.6 14.6 350.0 
Mons 2009 7 8 189 13.9 21.7 26.0 5.4 0.0 3.0 13.2 350.0 
Mons 2009 7 9 190 11.7 20.0 18.6 3.8 1.4 2.2 12.8 350.0 
Mons 2009 7 10 191 10.1 20.9 22.8 4.4 0.0 2.3 11.5 350.0 
Mons 2009 7 11 192 11.8 21.8 12.1 2.7 2.4 1.8 14.9 350.0 
Mons 2009 7 12 193 15.4 23.7 20.3 4.4 0.0 2.4 16.4 350.0 
Mons 2009 7 13 194 10.1 26.6 21.4 4.3 0.0 1.6 14.7 350.0 
Mons 2009 7 14 195 13.8 27.0 23.2 5.0 0.0 1.8 15.0 350.0 
Mons 2009 7 15 196 13.2 26.6 26.3 5.8 0.0 2.9 13.7 350.0 
Mons 2009 7 16 197 11.4 29.4 23.8 5.1 3.3 2.1 15.4 350.0 
Mons 2009 7 17 198 16.0 22.9 19.7 5.1 2.4 4.1 14.9 350.0 
Mons 2009 7 18 199 13.0 22.1 19.2 4.7 0.5 4.2 13.7 350.0 
Mons 2009 7 19 200 13.6 22.9 17.8 4.5 0.9 3.6 13.8 350.0 
Mons 2009 7 20 201 12.7 24.4 20.3 4.5 0.0 2.6 13.9 350.0 
Mons 2009 7 21 202 15.3 32.6 21.9 5.7 0.0 2.7 17.0 350.0 
Mons 2009 7 22 203 18.0 28.8 18.2 5.1 3.8 2.7 16.7 350.0 
Mons 2009 7 23 204 14.8 22.2 12.3 2.7 9.0 1.6 17.2 350.0 
Mons 2009 7 24 205 14.0 24.2 18.9 4.4 3.8 3.0 14.9 350.0 
Mons 2009 7 25 206 10.9 24.3 23.7 4.6 0.0 2.3 13.7 350.0 
Mons 2009 7 26 207 9.1 27.0 24.6 4.8 0.0 2.0 13.2 350.0 
Mons 2009 7 27 208 12.2 25.8 17.8 4.1 1.9 2.1 14.1 350.0 
Mons 2009 7 28 209 8.5 25.6 18.5 3.7 0.0 1.5 12.9 350.0 
Mons 2009 7 29 210 10.1 28.0 21.8 4.7 0.0 2.2 13.2 350.0 
Mons 2009 7 30 211 13.0 23.5 18.4 4.8 0.0 3.4 12.0 350.0 
Mons 2009 7 31 212 7.8 24.9 22.3 4.1 0.0 1.3 10.8 350.0 
Mons 2009 8 1 213 13.0 28.6 20.7 5.3 10.5 3.0 12.8 350.0 
Mons 2009 8 2 214 15.4 21.4 14.4 3.4 0.0 2.0 14.3 350.0 
Mons 2009 8 3 215 9.9 23.9 23.4 4.1 0.0 1.1 11.9 350.0 
Mons 2009 8 4 216 11.1 27.3 26.4 5.3 0.5 2.5 13.2 350.0 
Mons 2009 8 5 217 14.3 28.6 18.1 4.4 0.0 1.7 13.7 350.0 
Mons 2009 8 6 218 15.0 31.4 24.9 5.5 0.0 1.8 15.4 350.0 
Mons 2009 8 7 219 17.9 27.0 17.5 4.3 0.0 2.4 18.5 350.0 
Mons 2009 8 8 220 15.8 25.3 19.9 4.4 0.0 2.3 16.0 350.0 
Mons 2009 8 9 221 13.4 25.4 21.3 4.4 0.0 2.1 14.9 350.0 
Mons 2009 8 10 222 12.3 27.6 20.6 4.4 1.0 2.2 14.7 350.0 
Mons 2009 8 11 223 16.2 24.8 14.4 3.5 0.0 2.4 17.5 350.0 
Mons 2009 8 12 224 12.9 27.4 23.9 4.9 0.0 3.2 17.1 350.0 
Mons 2009 8 13 225 17.9 19.7 6.9 2.0 11.5 2.3 17.7 350.0 
Mons 2009 8 14 226 10.2 24.3 23.9 4.0 0.0 1.4 13.5 350.0 
Mons 2009 8 15 227 12.1 31.1 24.6 5.4 0.0 2.6 15.1 350.0 
Mons 2009 8 16 228 13.3 26.1 18.1 3.6 0.0 1.7 17.1 350.0 
Mons 2009 8 17 229 13.0 23.7 19.0 3.8 0.0 2.2 14.7 350.0 
Mons 2009 8 18 230 9.2 26.7 22.6 3.9 0.0 1.4 14.2 350.0 
Mons 2009 8 19 231 14.1 33.6 23.3 5.4 0.0 2.5 17.5 350.0 
Mons 2009 8 20 232 19.7 32.7 16.8 5.5 0.0 3.2 17.6 350.0 
Mons 2009 8 21 233 12.6 23.9 21.8 4.5 0.0 2.7 12.0 350.0 
Mons 2009 8 22 234 12.3 24.6 21.6 4.0 0.0 1.3 11.6 350.0 
Mons 2009 8 23 235 12.3 28.1 23.6 5.4 0.0 3.2 11.3 350.0 
Mons 2009 8 24 236 13.7 28.2 12.6 3.7 0.5 2.6 15.1 350.0 
Mons 2009 8 25 237 15.6 23.0 12.8 3.0 0.0 1.5 14.3 350.0 
Mons 2009 8 26 238 11.6 25.4 18.4 4.3 0.0 3.2 12.5 350.0 
Mons 2009 8 27 239 13.1 25.8 12.6 3.3 0.0 3.2 16.0 350.0 
Mons 2009 8 28 240 12.9 22.5 20.2 5.1 0.0 5.3 12.1 350.0 
Mons 2009 8 29 241 8.9 21.6 20.7 3.7 0.0 2.4 10.7 350.0 
Mons 2009 8 30 242 6.1 22.4 20.6 3.2 0.0 1.7 10.5 350.0 
Mons 2009 8 31 243 11.5 28.1 21.6 5.1 0.0 3.5 11.1 350.0 
Mons 2009 9 1 244 16.1 20.2 6.7 2.3 4.9 2.6 15.3 350.0 
Mons 2009 9 2 245 11.3 20.9 12.7 2.9 5.8 4.0 13.8 350.0 
Mons 2009 9 3 246 13.4 19.1 13.7 3.9 1.0 6.8 13.4 350.0 
Mons 2009 9 4 247 10.5 17.6 12.5 2.8 1.0 4.3 12.0 350.0 
Mons 2009 9 5 248 10.0 19.4 13.4 2.7 0.0 3.0 12.0 350.0 
Mons 2009 9 6 249 7.5 21.1 14.3 2.4 0.0 1.9 12.3 350.0 
Mons 2009 9 7 250 9.7 26.2 19.6 3.5 0.0 2.0 13.4 350.0 
Mons 2009 9 8 251 12.6 29.5 19.2 4.1 0.0 2.4 13.9 350.0 
Mons 2009 9 9 252 13.6 21.0 6.3 1.8 1.0 2.8 16.2 350.0 
Mons 2009 9 10 253 13.9 21.1 15.7 3.4 0.0 3.4 13.4 350.0 
Mons 2009 9 11 254 11.4 19.9 17.2 3.7 0.0 4.5 11.8 350.0 
Mons 2009 9 12 255 11.3 20.0 17.8 3.5 0.0 4.1 12.3 350.0 
Mons 2009 9 13 256 9.4 18.6 10.6 2.0 0.0 2.9 12.7 350.0 
Mons 2009 9 14 257 10.4 20.0 12.5 2.6 2.4 3.4 12.5 350.0 
Mons 2009 9 15 258 11.7 17.0 14.1 2.4 0.0 2.9 12.6 350.0 
Mons 2009 9 16 259 12.9 17.9 5.1 1.6 0.0 5.2 15.2 350.0 
Mons 2009 9 17 260 12.0 20.1 12.7 3.2 0.0 4.8 12.6 350.0 
Mons 2009 9 18 261 13.7 22.8 10.0 2.5 0.0 2.6 14.6 350.0 
Mons 2009 9 19 262 13.0 25.2 15.1 2.8 0.0 1.8 14.9 350.0 
Mons 2009 9 20 263 12.2 23.9 13.4 2.3 0.0 1.5 15.4 350.0 
Mons 2009 9 21 264 12.5 22.3 12.7 2.3 0.0 1.6 14.1 350.0 
Mons 2009 9 22 265 9.6 23.2 15.9 2.5 0.0 1.8 13.1 350.0 
Mons 2009 9 23 266 8.1 16.9 3.6 0.5 0.0 0.8 14.8 350.0 
Mons 2009 9 24 267 14.8 20.0 7.9 1.9 0.5 1.6 14.3 350.0 
Mons 2009 9 25 268 7.1 19.9 16.2 2.1 0.0 1.9 10.9 350.0 
Mons 2009 9 26 269 8.4 21.1 15.6 2.3 0.0 2.1 11.1 350.0 
Mons 2009 9 27 270 8.7 22.6 15.5 2.3 0.0 1.8 11.6 350.0 
Mons 2009 9 28 271 6.8 21.2 12.7 1.6 0.0 1.3 12.6 350.0 
Mons 2009 9 29 272 9.7 21.8 12.6 1.8 0.0 1.5 13.5 350.0 
Mons 2009 9 30 273 8.7 21.8 11.9 1.6 0.0 1.1 13.4 350.0 
Mons 2009 10 1 274 11.9 19.2 8.5 1.8 0.0 1.9 12.3 350.0 
Mons 2009 10 2 275 3.9 16.6 11.8 1.4 0.0 1.6 9.2 350.0 
Mons 2009 10 3 276 5.4 16.4 6.0 1.7 0.0 5.6 10.6 350.0 
Mons 2009 10 4 277 12.1 14.2 3.3 1.0 2.1 2.9 13.1 350.0 
Mons 2009 10 5 278 11.4 17.5 2.1 0.8 10.3 3.6 14.5 350.0 
Mons 2009 10 6 279 12.8 20.7 3.6 0.9 10.3 3.1 17.8 350.0 
Mons 2009 10 7 280 16.2 21.3 5.8 1.2 6.2 2.7 19.4 350.0 
Mons 2009 10 8 281 13.5 15.3 3.9 1.1 2.1 2.8 14.4 350.0 
Mons 2009 10 9 282 10.7 16.0 5.6 1.0 1.0 3.2 13.9 350.0 
Mons 2009 10 10 283 13.1 18.1 10.1 1.6 2.6 2.7 13.9 350.0 
Mons 2009 10 11 284 8.5 14.9 3.5 0.5 4.1 3.2 13.6 350.0 
Mons 2009 10 12 285 8.4 15.9 9.1 1.4 0.0 2.8 11.0 350.0 
Mons 2009 10 13 286 7.0 13.4 4.7 0.7 0.0 1.1 11.2 350.0 
Mons 2009 10 14 287 5.7 10.8 12.6 1.2 0.5 2.2 7.5 350.0 
Mons 2009 10 15 288 0.0 11.3 11.6 0.8 0.0 1.7 7.0 350.0 
Mons 2009 10 16 289 3.5 13.7 4.6 0.9 0.5 3.1 9.5 350.0 
Mons 2009 10 17 290 6.5 13.3 7.1 1.1 1.5 2.1 9.2 350.0 
Mons 2009 10 18 291 1.3 13.1 11.1 0.6 0.0 0.8 7.8 350.0 
Mons 2009 10 19 292 3.2 11.1 10.2 1.1 0.0 2.7 7.0 350.0 
Mons 2009 10 20 293 2.6 13.6 7.6 1.2 0.0 4.8 8.8 350.0 
Mons 2009 10 21 294 10.2 14.6 2.0 0.9 11.3 3.5 11.9 350.0 
Mons 2009 10 22 295 9.1 14.0 5.6 0.8 0.0 2.2 11.5 350.0 
Mons 2009 10 23 296 8.0 12.7 3.4 0.6 1.0 2.0 11.5 350.0 
Mons 2009 10 24 297 7.9 16.8 1.8 0.1 4.1 3.6 14.6 350.0 
Mons 2009 10 25 298 9.0 15.7 7.1 0.8 0.0 2.9 12.3 350.0 
Mons 2009 10 26 299 8.9 15.5 5.5 0.8 0.5 2.5 12.1 350.0 
Mons 2009 10 27 300 4.7 14.2 7.9 0.4 0.0 1.9 10.9 350.0 
Mons 2009 10 28 301 6.3 16.1 8.4 0.5 0.0 1.2 10.9 350.0 
Mons 2009 10 29 302 6.7 14.0 3.7 0.3 0.5 1.0 12.2 350.0 
Mons 2009 10 30 303 6.2 12.4 5.7 0.5 0.0 2.3 10.4 350.0 
Mons 2009 10 31 304 6.4 14.1 6.2 0.3 0.5 2.1 11.7 350.0 
Mons 2009 11 1 305 11.8 16.2 1.1 0.4 14.6 4.1 14.9 350.0 
Mons 2009 11 2 306 7.6 12.1 6.0 0.7 1.5 3.1 10.1 350.0 
Mons 2009 11 3 307 3.3 13.6 2.0 0.2 13.6 4.0 11.0 350.0 
Mons 2009 11 4 308 7.0 9.4 3.7 0.8 0.5 5.2 9.5 350.0 
Mons 2009 11 5 309 6.2 10.4 2.5 0.6 6.5 4.0 9.9 350.0 
Mons 2009 11 6 310 4.1 11.5 5.0 0.4 4.0 3.6 9.5 350.0 
Mons 2009 11 7 311 4.9 10.4 4.8 0.5 1.0 3.3 9.1 350.0 
Mons 2009 11 8 312 2.8 7.3 2.9 0.3 0.5 2.7 8.1 350.0 
Mons 2009 11 9 313 3.1 9.7 3.4 0.3 0.5 2.6 8.9 350.0 
Mons 2009 11 10 314 4.6 10.6 4.5 0.2 0.0 1.4 9.1 350.0 
Mons 2009 11 11 315 3.3 8.3 4.0 0.3 2.0 2.5 8.3 350.0 
Mons 2009 11 12 316 2.3 12.4 3.6 0.0 0.5 3.7 10.9 350.0 
Mons 2009 11 13 317 9.9 17.3 4.8 0.9 0.0 4.6 12.8 350.0 
Mons 2009 11 14 318 10.6 15.4 5.0 1.5 4.0 6.3 11.3 350.0 
Mons 2009 11 15 319 8.4 13.2 3.3 0.6 0.5 3.4 11.1 350.0 
Mons 2009 11 16 320 8.1 15.4 2.4 0.5 0.0 3.3 12.5 350.0 
Mons 2009 11 17 321 10.1 11.7 2.0 0.6 0.5 3.3 11.4 350.0 
Mons 2009 11 18 322 8.2 13.1 5.3 0.6 0.0 5.4 10.8 350.0 
Mons 2009 11 19 323 6.2 13.3 6.4 0.1 0.5 3.3 10.2 350.0 
Mons 2009 11 20 324 6.8 15.8 4.4 0.2 2.0 2.8 12.0 350.0 
Mons 2009 11 21 325 9.2 17.1 4.8 0.5 3.5 3.3 12.5 350.0 
Mons 2009 11 22 326 8.6 13.3 4.5 0.9 5.0 6.2 10.6 350.0 
Mons 2009 11 23 327 8.0 12.8 1.3 1.0 5.0 7.6 11.0 350.0 
Mons 2009 11 24 328 8.9 13.4 1.9 0.5 0.5 5.5 12.4 350.0 
Mons 2009 11 25 329 8.8 11.2 1.1 0.9 0.5 5.6 10.3 350.0 
Mons 2009 11 26 330 7.1 11.3 4.9 0.6 4.0 5.8 9.5 350.0 
Mons 2009 11 27 331 6.6 9.6 4.1 0.7 1.0 5.7 8.7 350.0 
Mons 2009 11 28 332 5.9 10.8 2.6 0.5 4.5 6.2 9.8 350.0 
Mons 2009 11 29 333 7.2 9.3 2.1 0.9 0.5 5.0 8.8 350.0 
Mons 2009 11 30 334 3.9 6.9 1.7 0.3 0.5 2.4 8.1 350.0 
Mons 2009 12 1 335 2.9 6.7 0.7 0.0 0.0 1.9 8.5 350.0 
Mons 2009 12 2 336 3.3 9.5 0.7 0.3 6.1 4.5 8.8 350.0 
Mons 2009 12 3 337 4.3 9.8 1.5 0.5 4.5 4.8 9.2 350.0 
Mons 2009 12 4 338 0.1 7.3 3.3 0.0 2.0 2.7 7.2 350.0 
Mons 2009 12 5 339 4.5 11.4 1.7 0.1 2.0 4.8 10.6 350.0 
Mons 2009 12 6 340 7.5 12.3 1.8 0.7 2.0 4.6 10.5 350.0 
Mons 2009 12 7 341 4.0 9.6 3.0 0.0 3.0 3.7 9.4 350.0 
Mons 2009 12 8 342 4.8 9.1 2.7 0.2 2.0 3.4 8.8 350.0 
Mons 2009 12 9 343 5.9 12.5 1.0 0.0 10.6 2.8 11.9 350.0 
Mons 2009 12 10 344 7.0 11.1 5.0 0.0 0.0 2.2 9.9 350.0 
Mons 2009 12 11 345 1.1 8.5 1.9 0.1 0.0 2.0 8.0 350.0 
Mons 2009 12 12 346 2.2 5.4 3.2 0.1 0.0 2.4 6.7 350.0 
Mons 2009 12 13 347 0.5 2.9 2.0 0.5 0.0 3.1 5.5 350.0 
Mons 2009 12 14 348 -2.5 0.5 4.7 0.0 0.0 2.9 4.4 350.0 
Mons 2009 12 15 349 -5.2 0.2 6.8 0.0 0.0 1.7 4.2 350.0 
Mons 2009 12 16 350 -5.8 0.0 5.7 0.0 0.0 1.2 4.4 350.0 
Mons 2009 12 17 351 -2.5 -1.8 1.4 0.1 0.5 3.1 5.0 350.0 
Mons 2009 12 18 352 -6.2 -2.5 4.2 0.0 0.0 3.5 3.9 350.0 
Mons 2009 12 19 353 -7.1 -1.6 5.7 0.0 0.0 1.8 3.0 350.0 
Mons 2009 12 20 354 -7.2 1.2 3.0 0.0 1.0 3.5 4.5 350.0 
Mons 2009 12 21 355 -9.5 1.3 1.8 0.0 4.0 2.8 5.2 350.0 
Mons 2009 12 22 356 0.2 1.5 1.9 0.0 0.0 2.1 6.3 350.0 
Mons 2009 12 23 357 -1.2 1.3 1.7 0.0 0.0 2.7 6.0 350.0 
Mons 2009 12 24 358 -1.3 3.0 2.2 0.0 13.1 2.8 6.6 350.0 
Mons 2009 12 25 359 1.0 4.6 2.5 0.1 0.0 3.9 6.8 350.0 
Mons 2009 12 26 360 0.1 6.0 4.7 0.0 0.0 3.0 6.5 350.0 
Mons 2009 12 27 361 1.5 7.3 3.1 0.3 1.0 4.5 6.9 350.0 
Mons 2009 12 28 362 -1.0 3.3 3.3 0.0 0.0 2.5 6.2 350.0 
Mons 2009 12 29 363 0.1 10.7 0.9 0.0 6.1 3.8 9.0 350.0 
Mons 2009 12 30 364 8.1 10.2 1.7 0.3 0.5 2.8 10.6 350.0 
Mons 2009 12 31 365 0.1 3.6 0.7 0.0 2.0 2.3 7.0 350.0 
