Mons 2008 1 1 1 3.6 5.0 1.2 0.1 0.0 2.1 8.0 350.0 
Mons 2008 1 2 2 -1.3 0.8 4.0 0.0 0.0 4.4 5.4 350.0 
Mons 2008 1 3 3 -2.5 2.2 1.3 0.1 0.5 4.8 5.9 350.0 
Mons 2008 1 4 4 1.1 9.0 2.2 0.5 9.9 5.1 7.7 350.0 
Mons 2008 1 5 5 4.6 8.6 2.0 0.0 10.4 5.2 9.6 350.0 
Mons 2008 1 6 6 1.4 9.7 4.2 0.0 1.1 2.9 8.6 350.0 
Mons 2008 1 7 7 5.4 10.0 4.4 0.2 1.1 6.0 9.2 350.0 
Mons 2008 1 8 8 2.2 8.1 2.6 0.0 0.0 3.9 8.7 350.0 
Mons 2008 1 9 9 5.4 8.9 3.4 0.3 2.2 4.6 8.7 350.0 
Mons 2008 1 10 10 3.6 10.5 1.5 0.4 0.0 5.8 9.5 350.0 
Mons 2008 1 11 11 8.3 11.0 1.5 1.1 2.2 6.8 10.0 350.0 
Mons 2008 1 12 12 4.4 8.5 4.6 0.3 0.0 5.2 8.0 350.0 
Mons 2008 1 13 13 3.3 8.3 3.5 0.3 0.0 4.8 8.1 350.0 
Mons 2008 1 14 14 3.2 9.7 3.8 0.2 0.0 5.7 8.7 350.0 
Mons 2008 1 15 15 6.9 9.3 0.7 0.7 4.9 9.1 9.8 350.0 
Mons 2008 1 16 16 4.9 7.8 2.7 0.2 1.1 3.3 8.7 350.0 
Mons 2008 1 17 17 0.9 9.8 3.6 0.0 1.6 4.8 9.7 350.0 
Mons 2008 1 18 18 6.8 12.5 1.0 0.4 3.3 5.7 11.1 350.0 
Mons 2008 1 19 19 11.1 13.4 1.7 0.9 0.0 6.4 12.7 350.0 
Mons 2008 1 20 20 10.2 13.2 3.7 0.8 0.0 5.0 11.2 350.0 
Mons 2008 1 21 21 8.8 10.9 2.0 1.1 2.7 6.1 10.1 350.0 
Mons 2008 1 22 22 3.9 8.2 4.6 0.3 0.0 3.8 8.1 350.0 
Mons 2008 1 23 23 1.2 9.0 3.1 0.1 0.0 3.6 8.6 350.0 
Mons 2008 1 24 24 6.8 9.5 1.6 0.5 0.5 2.8 9.6 350.0 
Mons 2008 1 25 25 -1.0 7.7 5.4 0.0 0.5 2.4 7.3 350.0 
Mons 2008 1 26 26 4.1 7.6 4.9 0.3 0.0 3.4 7.9 350.0 
Mons 2008 1 27 27 0.2 8.7 5.7 0.1 0.0 2.2 7.3 350.0 
Mons 2008 1 28 28 3.7 7.8 3.5 0.1 0.0 0.7 8.3 350.0 
Mons 2008 1 29 29 0.3 3.3 1.7 0.1 0.0 1.2 6.8 350.0 
Mons 2008 1 30 30 1.8 5.5 1.9 0.4 2.2 2.5 7.2 350.0 
Mons 2008 1 31 31 -0.1 7.2 3.5 0.4 1.1 7.2 7.4 350.0 
Mons 2008 2 1 32 3.4 6.4 2.2 0.4 0.5 4.4 8.1 350.0 
Mons 2008 2 2 33 -0.6 6.4 7.9 0.2 0.0 3.2 6.0 350.0 
Mons 2008 2 3 34 -0.7 7.3 6.4 0.6 4.1 5.1 6.3 350.0 
Mons 2008 2 4 35 4.8 8.2 4.9 0.5 2.0 4.8 8.6 350.0 
Mons 2008 2 5 36 3.6 11.8 3.0 0.2 2.0 8.0 10.5 350.0 
Mons 2008 2 6 37 6.4 10.9 4.9 1.0 0.0 5.2 9.1 350.0 
Mons 2008 2 7 38 -1.2 8.8 8.0 0.0 0.0 2.3 7.6 350.0 
Mons 2008 2 8 39 0.0 10.2 9.0 0.4 0.0 3.4 7.1 350.0 
Mons 2008 2 9 40 1.5 10.9 9.0 0.8 0.0 3.0 6.3 350.0 
Mons 2008 2 10 41 -0.1 11.0 9.5 0.5 0.0 2.1 6.5 350.0 
Mons 2008 2 11 42 0.2 13.2 9.2 0.5 0.0 2.7 7.7 350.0 
Mons 2008 2 12 43 0.7 12.8 9.5 0.4 0.0 2.3 7.9 350.0 
Mons 2008 2 13 44 0.5 10.3 9.4 0.4 0.0 2.7 7.4 350.0 
Mons 2008 2 14 45 -1.0 2.4 2.8 0.3 0.0 3.8 6.2 350.0 
Mons 2008 2 15 46 -0.1 4.4 3.1 0.3 0.0 3.6 7.0 350.0 
Mons 2008 2 16 47 -1.9 5.5 10.9 0.7 0.0 3.5 4.9 350.0 
Mons 2008 2 17 48 -4.1 7.3 11.2 0.6 0.0 2.2 4.5 350.0 
Mons 2008 2 18 49 -3.5 10.2 10.8 0.6 0.0 2.2 5.6 350.0 
Mons 2008 2 19 50 -1.7 10.2 11.2 0.9 2.0 2.4 5.3 350.0 
Mons 2008 2 20 51 1.8 8.7 3.1 0.3 0.0 1.4 8.9 350.0 
Mons 2008 2 21 52 4.4 10.1 4.7 0.3 0.0 3.7 10.1 350.0 
Mons 2008 2 22 53 7.6 10.0 1.9 0.5 0.0 4.9 10.5 350.0 
Mons 2008 2 23 54 7.3 11.9 5.1 0.8 0.0 2.6 10.4 350.0 
Mons 2008 2 24 55 5.0 15.5 10.5 0.9 0.5 2.8 10.6 350.0 
Mons 2008 2 25 56 6.8 13.2 8.4 0.8 0.0 3.2 11.0 350.0 
Mons 2008 2 26 57 8.3 11.0 1.9 0.8 8.6 5.6 10.6 350.0 
Mons 2008 2 27 58 4.4 10.5 6.8 0.8 0.0 2.7 8.8 350.0 
Mons 2008 2 28 59 1.9 10.8 2.4 0.0 9.2 2.7 10.4 350.0 
Mons 2008 2 29 60 7.1 11.8 5.6 0.9 1.5 5.0 10.7 350.0 
Mons 2008 3 1 61 7.9 11.7 11.4 2.1 0.0 8.7 9.8 350.0 
Mons 2008 3 2 62 7.8 12.5 4.8 0.8 4.1 6.0 11.8 350.0 
Mons 2008 3 3 63 5.0 8.9 12.2 1.3 3.5 4.8 8.3 350.0 
Mons 2008 3 4 64 1.7 7.9 9.6 1.3 0.6 5.4 7.0 350.0 
Mons 2008 3 5 65 -0.6 6.3 10.6 0.8 0.6 2.7 6.3 350.0 
Mons 2008 3 6 66 -0.6 9.4 5.4 0.4 0.0 2.4 8.5 350.0 
Mons 2008 3 7 67 5.7 9.2 5.7 1.1 0.0 2.8 8.5 350.0 
Mons 2008 3 8 68 -0.3 10.3 10.7 0.9 0.0 3.5 8.0 350.0 
Mons 2008 3 9 69 6.3 8.5 3.4 0.9 8.2 5.0 9.2 350.0 
Mons 2008 3 10 70 3.4 8.9 4.5 1.1 29.4 8.9 8.6 350.0 
Mons 2008 3 11 71 5.6 12.8 6.1 1.3 5.3 7.8 10.6 350.0 
Mons 2008 3 12 72 6.8 10.0 9.9 2.8 1.8 9.0 8.0 350.0 
Mons 2008 3 13 73 4.9 10.7 6.8 1.1 5.3 4.9 9.5 350.0 
Mons 2008 3 14 74 7.1 11.3 4.0 0.3 0.6 3.0 12.2 350.0 
Mons 2008 3 15 75 7.2 15.7 10.0 1.2 10.6 4.1 12.7 350.0 
Mons 2008 3 16 76 9.1 13.1 8.5 1.6 2.9 4.7 11.2 350.0 
Mons 2008 3 17 77 5.1 8.8 9.0 1.7 0.0 3.9 7.3 350.0 
Mons 2008 3 18 78 1.8 8.2 9.2 1.2 0.6 2.9 7.1 350.0 
Mons 2008 3 19 79 1.8 8.6 12.2 1.6 0.0 3.8 7.0 350.0 
Mons 2008 3 20 80 -0.3 9.1 7.2 1.0 15.3 4.9 7.6 350.0 
Mons 2008 3 21 81 5.4 8.5 13.4 2.3 1.8 7.2 8.0 350.0 
Mons 2008 3 22 82 1.3 8.4 10.5 1.6 2.9 4.9 7.0 350.0 
Mons 2008 3 23 83 -1.7 5.8 12.8 1.3 2.4 3.5 5.8 350.0 
Mons 2008 3 24 84 0.2 5.9 12.6 1.5 0.0 4.5 6.3 350.0 
Mons 2008 3 25 85 -1.9 6.8 16.9 1.7 0.6 4.1 5.8 350.0 
Mons 2008 3 26 86 3.0 10.0 11.1 1.3 0.0 2.7 8.4 350.0 
Mons 2008 3 27 87 3.5 10.3 9.8 1.5 4.7 3.1 8.0 350.0 
Mons 2008 3 28 88 -0.3 9.3 5.4 0.7 2.9 5.0 8.4 350.0 
Mons 2008 3 29 89 3.8 13.0 17.0 2.4 0.0 4.9 8.7 350.0 
Mons 2008 3 30 90 7.8 10.3 4.1 1.3 2.4 4.2 9.6 350.0 
Mons 2008 3 31 91 3.1 13.1 12.3 1.5 0.0 2.2 9.4 350.0 
Mons 2008 4 1 92 3.0 14.2 9.3 1.5 0.0 3.7 9.7 350.0 
Mons 2008 4 2 93 4.8 12.8 14.4 1.8 0.0 3.4 10.1 350.0 
Mons 2008 4 3 94 5.3 11.4 15.1 2.0 0.0 3.1 9.1 350.0 
Mons 2008 4 4 95 3.4 15.9 0.0 2.1 0.5 0.1 9.8 350.0 
Mons 2008 4 5 96 6.6 10.4 8.1 1.7 0.5 4.1 9.2 350.0 
Mons 2008 4 6 97 1.9 7.8 11.6 1.5 4.3 2.2 7.0 350.0 
Mons 2008 4 7 98 0.0 8.5 15.3 1.8 11.0 2.9 6.6 350.0 
Mons 2008 4 8 99 -1.5 9.8 18.5 1.9 1.0 1.9 6.4 350.0 
Mons 2008 4 9 100 2.4 10.8 14.1 2.1 0.0 2.7 6.9 350.0 
Mons 2008 4 10 101 -0.7 12.5 20.8 2.3 0.0 1.7 6.5 350.0 
Mons 2008 4 11 102 3.3 14.0 19.7 2.8 0.0 2.9 7.7 350.0 
Mons 2008 4 12 103 3.0 14.5 17.7 2.7 1.0 3.4 8.2 350.0 
Mons 2008 4 13 104 5.2 14.8 16.8 2.4 3.3 2.2 9.3 350.0 
Mons 2008 4 14 105 5.9 11.4 13.5 2.1 2.9 3.4 9.1 350.0 
Mons 2008 4 15 106 3.0 11.6 19.7 2.6 0.0 2.4 7.4 350.0 
Mons 2008 4 16 107 -0.5 12.4 24.1 2.8 0.0 2.1 6.2 350.0 
Mons 2008 4 17 108 0.5 12.7 23.4 3.5 0.0 4.5 6.0 350.0 
Mons 2008 4 18 109 6.1 14.5 12.8 2.7 3.8 4.8 9.5 350.0 
Mons 2008 4 19 110 7.5 13.9 7.5 1.5 2.4 2.5 11.3 350.0 
Mons 2008 4 20 111 5.8 16.6 15.6 2.4 3.3 3.5 11.6 350.0 
Mons 2008 4 21 112 10.0 17.2 12.9 2.4 0.0 2.2 12.4 350.0 
Mons 2008 4 22 113 6.5 18.3 20.2 2.8 0.0 1.5 12.1 350.0 
Mons 2008 4 23 114 6.6 16.0 13.4 2.1 0.5 2.3 11.4 350.0 
Mons 2008 4 24 115 3.0 18.5 19.4 3.0 1.4 2.9 10.0 350.0 
Mons 2008 4 25 116 6.1 16.8 20.5 3.0 0.0 2.2 10.6 350.0 
Mons 2008 4 26 117 6.4 20.5 23.8 3.7 0.0 2.1 10.9 350.0 
Mons 2008 4 27 118 9.0 24.3 21.7 4.3 5.3 2.9 12.2 350.0 
Mons 2008 4 28 119 9.5 15.0 11.1 2.2 4.3 2.5 11.4 350.0 
Mons 2008 4 29 120 5.4 13.2 11.0 1.7 4.8 4.7 11.0 350.0 
Mons 2008 4 30 121 7.5 14.2 15.4 3.0 3.3 5.6 10.4 350.0 
Mons 2008 5 1 122 5.1 14.8 15.5 2.5 3.7 3.2 9.9 350.0 
Mons 2008 5 2 123 4.2 17.7 23.6 3.2 0.0 1.6 10.4 350.0 
Mons 2008 5 3 124 6.7 20.5 24.3 3.9 0.0 2.2 11.1 350.0 
Mons 2008 5 4 125 9.9 22.7 25.3 4.7 0.0 2.5 11.7 350.0 
Mons 2008 5 5 126 8.4 22.2 27.2 4.8 0.0 2.4 10.5 350.0 
Mons 2008 5 6 127 9.8 24.0 28.5 5.4 0.5 3.3 11.9 350.0 
Mons 2008 5 7 128 11.9 24.4 28.4 5.7 0.0 3.1 12.0 350.0 
Mons 2008 5 8 129 9.9 25.2 28.7 5.8 0.0 3.8 12.4 350.0 
Mons 2008 5 9 130 13.0 25.9 25.1 5.5 0.0 2.9 12.8 350.0 
Mons 2008 5 10 131 11.3 26.3 26.9 5.3 0.0 2.1 12.5 350.0 
Mons 2008 5 11 132 12.0 25.2 29.4 6.0 0.0 2.9 10.6 350.0 
Mons 2008 5 12 133 10.2 25.9 28.8 5.4 0.0 2.2 11.8 350.0 
Mons 2008 5 13 134 10.2 25.7 25.4 4.9 0.0 2.1 12.4 350.0 
Mons 2008 5 14 135 12.1 26.5 24.6 5.2 0.0 2.5 13.4 350.0 
Mons 2008 5 15 136 13.5 18.1 10.3 2.1 2.3 1.7 15.4 350.0 
Mons 2008 5 16 137 9.8 21.6 19.0 3.2 23.1 1.3 15.0 350.0 
Mons 2008 5 17 138 10.8 18.4 17.1 2.9 18.5 1.9 14.3 350.0 
Mons 2008 5 18 139 9.9 14.4 15.8 3.0 0.0 3.9 11.6 350.0 
Mons 2008 5 19 140 6.2 15.7 28.8 4.5 0.0 3.5 9.2 350.0 
Mons 2008 5 20 141 5.4 17.2 29.4 4.5 0.0 3.5 9.9 350.0 
Mons 2008 5 21 142 5.7 20.5 24.2 4.0 0.0 1.6 10.0 350.0 
Mons 2008 5 22 143 12.4 19.8 14.0 3.2 0.0 1.4 11.1 350.0 
Mons 2008 5 23 144 9.6 21.7 25.1 4.5 0.0 2.4 12.7 350.0 
Mons 2008 5 24 145 13.3 22.7 18.2 4.4 1.8 4.1 14.9 350.0 
Mons 2008 5 25 146 13.9 23.2 21.5 4.2 0.0 2.0 16.2 350.0 
Mons 2008 5 26 147 15.7 22.2 17.5 4.0 11.1 2.8 16.4 350.0 
Mons 2008 5 27 148 12.1 18.8 8.1 1.4 6.5 2.2 17.9 350.0 
Mons 2008 5 28 149 14.0 21.6 18.7 4.1 0.0 3.6 15.9 350.0 
Mons 2008 5 29 150 13.7 18.2 6.2 1.4 1.4 1.7 16.6 350.0 
Mons 2008 5 30 151 11.9 19.8 15.6 2.9 0.0 1.5 15.3 350.0 
Mons 2008 5 31 152 9.4 17.9 9.9 1.6 5.5 1.6 15.5 350.0 
Mons 2008 6 1 153 11.4 20.8 17.0 3.0 0.0 1.3 15.6 350.0 
Mons 2008 6 2 154 14.6 21.0 9.7 2.0 9.1 1.6 18.7 350.0 
Mons 2008 6 3 155 14.1 20.5 14.6 3.0 1.0 2.9 17.0 350.0 
Mons 2008 6 4 156 13.2 19.6 15.2 3.2 0.0 2.1 14.6 350.0 
Mons 2008 6 5 157 8.4 18.8 19.2 3.2 5.6 1.9 13.4 350.0 
Mons 2008 6 6 158 11.5 13.8 4.8 0.8 16.7 2.8 14.3 350.0 
Mons 2008 6 7 159 11.8 15.4 4.8 0.9 0.0 2.0 14.8 350.0 
Mons 2008 6 8 160 12.1 21.4 18.3 3.4 0.0 2.0 16.5 350.0 
Mons 2008 6 9 161 11.6 25.2 29.2 5.3 0.5 2.5 17.8 350.0 
Mons 2008 6 10 162 12.2 24.7 30.1 5.6 0.0 2.5 16.3 350.0 
Mons 2008 6 11 163 10.6 18.9 17.1 3.1 0.0 1.9 13.8 350.0 
Mons 2008 6 12 164 11.1 14.9 11.4 2.3 6.6 3.1 13.0 350.0 
Mons 2008 6 13 165 6.3 18.0 20.9 3.4 0.0 1.5 10.5 350.0 
Mons 2008 6 14 166 7.0 16.8 17.1 2.9 0.0 1.8 11.4 350.0 
Mons 2008 6 15 167 5.2 19.3 25.6 3.8 0.0 1.3 11.3 350.0 
Mons 2008 6 16 168 6.7 19.1 30.7 4.7 0.0 2.1 11.2 350.0 
Mons 2008 6 17 169 7.1 21.8 29.5 4.8 0.0 1.5 11.0 350.0 
Mons 2008 6 18 170 9.0 21.7 25.0 4.3 0.0 1.7 12.8 350.0 
Mons 2008 6 19 171 12.4 19.6 12.5 3.0 2.5 3.0 14.2 350.0 
Mons 2008 6 20 172 9.1 20.0 16.3 2.9 1.5 1.8 13.9 350.0 
Mons 2008 6 21 173 13.3 25.5 22.6 4.3 0.0 1.5 18.4 350.0 
Mons 2008 6 22 174 14.0 26.6 22.1 4.9 0.0 2.8 17.9 350.0 
Mons 2008 6 23 175 6.8 22.8 30.7 4.9 0.0 1.5 12.8 350.0 
Mons 2008 6 24 176 10.2 27.1 30.4 5.6 2.5 2.1 15.8 350.0 
Mons 2008 6 25 177 16.8 22.4 25.5 5.4 0.0 3.0 16.1 350.0 
Mons 2008 6 26 178 7.6 23.1 30.8 5.2 0.0 2.0 12.5 350.0 
Mons 2008 6 27 179 11.0 19.7 10.3 2.1 0.5 3.2 15.8 350.0 
Mons 2008 6 28 180 15.6 24.2 18.5 4.4 0.0 3.1 16.8 350.0 
Mons 2008 6 29 181 11.4 22.3 20.2 4.0 0.0 2.3 14.6 350.0 
Mons 2008 6 30 182 9.4 23.8 31.7 5.4 0.0 1.5 13.2 350.0 
Mons 2008 7 1 183 8.1 27.9 32.2 5.8 0.0 2.1 14.7 350.0 
Mons 2008 7 2 184 16.4 23.8 13.6 3.2 4.0 1.8 18.7 350.0 
Mons 2008 7 3 185 13.3 21.9 20.0 4.1 1.0 2.2 15.1 350.0 
Mons 2008 7 4 186 8.3 22.1 29.9 4.9 0.0 1.6 12.8 350.0 
Mons 2008 7 5 187 14.4 20.6 12.4 2.8 6.6 2.9 16.8 350.0 
Mons 2008 7 6 188 11.0 22.2 24.2 5.0 0.0 3.7 13.0 350.0 
Mons 2008 7 7 189 13.3 20.1 18.2 4.4 2.0 5.3 14.3 350.0 
Mons 2008 7 8 190 12.5 18.1 12.4 3.0 0.5 4.3 14.0 350.0 
Mons 2008 7 9 191 10.4 20.1 11.4 2.3 0.0 2.3 15.3 350.0 
Mons 2008 7 10 192 14.1 21.2 9.8 2.1 25.8 2.3 18.2 350.0 
Mons 2008 7 11 193 14.4 20.9 15.1 3.3 3.0 3.0 16.2 350.0 
Mons 2008 7 12 194 12.8 18.0 15.4 3.2 1.0 2.8 13.7 350.0 
Mons 2008 7 13 195 7.8 20.2 21.4 3.5 0.0 1.3 12.3 350.0 
Mons 2008 7 14 196 8.0 23.2 26.9 4.4 0.0 1.1 13.0 350.0 
Mons 2008 7 15 197 9.7 21.2 11.2 2.0 0.0 1.7 16.5 350.0 
Mons 2008 7 16 198 15.8 22.8 14.8 3.7 1.5 2.7 16.4 350.0 
Mons 2008 7 17 199 13.2 20.7 14.4 3.2 0.0 2.1 14.3 350.0 
Mons 2008 7 18 200 13.6 19.3 10.8 2.5 0.5 2.7 15.6 350.0 
Mons 2008 7 19 201 15.5 22.1 16.6 4.4 3.5 4.2 15.4 350.0 
Mons 2008 7 20 202 10.0 20.7 23.0 4.3 0.0 2.7 12.2 350.0 
Mons 2008 7 21 203 8.3 20.5 19.0 3.7 0.0 2.4 11.5 350.0 
Mons 2008 7 22 204 8.0 24.9 29.0 4.8 0.5 1.3 12.7 350.0 
Mons 2008 7 23 205 11.5 26.2 21.8 4.6 0.0 2.5 14.9 350.0 
Mons 2008 7 24 206 13.0 27.8 29.7 6.4 0.0 3.2 13.6 350.0 
Mons 2008 7 25 207 14.5 26.9 22.1 5.0 0.0 2.6 16.1 350.0 
Mons 2008 7 26 208 15.2 28.2 22.8 4.8 0.0 1.5 17.2 350.0 
Mons 2008 7 27 209 13.5 30.0 22.6 4.7 0.0 1.3 17.8 350.0 
Mons 2008 7 28 210 15.9 30.6 23.9 5.3 0.0 2.2 20.0 350.0 
Mons 2008 7 29 211 16.3 26.0 26.4 5.6 0.0 2.5 16.2 350.0 
Mons 2008 7 30 212 12.7 30.3 24.6 5.0 0.0 1.4 15.9 350.0 
Mons 2008 7 31 213 17.6 32.9 21.4 5.6 0.0 2.5 19.8 350.0 
Mons 2008 8 1 214 17.1 24.6 20.2 5.1 0.0 3.4 15.3 350.0 
Mons 2008 8 2 215 12.4 21.6 10.6 2.4 0.4 3.2 16.7 350.0 
Mons 2008 8 3 216 13.0 24.6 9.9 2.4 11.6 3.8 19.0 350.0 
Mons 2008 8 4 217 15.5 23.4 22.2 4.9 0.0 3.2 15.4 350.0 
Mons 2008 8 5 218 11.5 25.9 21.3 4.2 0.0 2.2 15.8 350.0 
Mons 2008 8 6 219 13.2 30.9 25.1 5.2 17.2 2.0 17.3 350.0 
Mons 2008 8 7 220 18.7 28.7 0.0 0.7 10.4 0.4 18.6 350.0 
Mons 2008 8 8 221 14.5 20.8 11.4 2.4 19.7 2.4 17.5 350.0 
Mons 2008 8 9 222 14.6 23.5 19.5 4.0 0.4 2.3 16.0 350.0 
Mons 2008 8 10 223 15.1 22.2 12.4 3.2 1.3 3.9 16.8 350.0 
Mons 2008 8 11 224 13.8 22.7 19.4 3.9 2.2 2.3 14.9 350.0 
Mons 2008 8 12 225 14.1 24.4 21.6 5.3 3.1 5.4 15.5 350.0 
Mons 2008 8 13 226 13.6 23.3 19.5 5.8 0.0 6.7 13.1 350.0 
Mons 2008 8 14 227 12.6 21.8 18.0 3.7 4.0 2.5 13.2 350.0 
Mons 2008 8 15 228 8.4 22.5 24.2 3.8 0.0 1.6 12.6 350.0 
Mons 2008 8 16 229 8.1 22.9 18.2 3.4 0.4 2.3 12.3 350.0 
Mons 2008 8 17 230 14.5 20.8 12.0 2.8 0.0 2.4 15.1 350.0 
Mons 2008 8 18 231 11.6 24.3 11.6 3.2 0.0 4.1 15.4 350.0 
Mons 2008 8 19 232 15.2 23.0 12.9 4.0 5.4 4.9 15.3 350.0 
Mons 2008 8 20 233 13.6 20.0 10.9 2.8 0.0 3.8 14.8 350.0 
Mons 2008 8 21 234 12.9 21.7 13.6 2.9 0.4 2.8 15.5 350.0 
Mons 2008 8 22 235 13.1 18.3 6.1 1.3 3.1 1.2 16.4 350.0 
Mons 2008 8 23 236 9.9 19.3 19.6 3.1 0.0 2.3 13.2 350.0 
Mons 2008 8 24 237 8.7 18.8 11.2 1.8 0.4 2.9 14.6 350.0 
Mons 2008 8 25 238 11.3 22.1 16.5 3.0 0.0 2.4 15.4 350.0 
Mons 2008 8 26 239 15.8 20.2 8.2 2.1 0.0 2.5 16.9 350.0 
Mons 2008 8 27 240 15.5 19.5 7.1 1.9 0.0 2.4 16.2 350.0 
Mons 2008 8 28 241 15.2 18.3 5.2 1.2 0.4 1.4 17.3 350.0 
Mons 2008 8 29 242 14.8 22.4 10.9 2.2 0.0 1.4 17.4 350.0 
Mons 2008 8 30 243 13.7 28.1 22.3 4.5 0.0 3.0 17.3 350.0 
Mons 2008 8 31 244 15.2 26.3 14.3 3.3 5.8 2.7 18.4 350.0 
Mons 2008 9 1 245 13.6 20.3 11.1 2.4 0.0 2.5 15.5 350.0 
Mons 2008 9 2 246 12.5 22.1 9.1 2.6 3.9 4.5 15.6 350.0 
Mons 2008 9 3 247 11.1 17.4 9.6 2.0 2.8 4.0 14.0 350.0 
Mons 2008 9 4 248 11.4 18.7 14.2 2.7 0.6 3.9 13.9 350.0 
Mons 2008 9 5 249 13.4 19.1 5.1 1.4 3.3 4.4 16.7 350.0 
Mons 2008 9 6 250 15.1 20.9 14.9 4.5 0.6 6.3 13.6 350.0 
Mons 2008 9 7 251 13.6 18.3 6.5 2.2 4.4 5.2 14.8 350.0 
Mons 2008 9 8 252 9.0 20.7 16.2 2.6 0.0 2.3 12.9 350.0 
Mons 2008 9 9 253 8.8 26.2 14.8 2.9 0.0 3.5 15.8 350.0 
Mons 2008 9 10 254 15.6 24.7 12.0 2.8 0.0 2.6 17.5 350.0 
Mons 2008 9 11 255 14.4 26.9 11.6 2.9 68.4 3.3 18.6 350.0 
Mons 2008 9 12 256 13.3 18.3 9.2 1.8 4.4 2.0 15.0 350.0 
Mons 2008 9 13 257 7.1 15.2 4.8 0.6 2.2 2.0 13.7 350.0 
Mons 2008 9 14 258 8.6 17.3 19.4 2.6 0.0 2.9 11.6 350.0 
Mons 2008 9 15 259 6.3 16.8 12.6 1.9 0.0 2.6 10.8 350.0 
Mons 2008 9 16 260 7.6 17.7 15.5 2.2 0.0 2.2 10.9 350.0 
Mons 2008 9 17 261 8.3 16.2 13.5 2.3 0.0 2.8 10.2 350.0 
Mons 2008 9 18 262 6.5 16.5 17.6 2.5 0.0 3.1 9.5 350.0 
Mons 2008 9 19 263 4.4 18.1 16.3 2.2 0.0 2.7 9.7 350.0 
Mons 2008 9 20 264 6.1 18.6 17.7 2.7 0.0 3.4 9.9 350.0 
Mons 2008 9 21 265 5.8 18.8 17.8 2.6 0.0 3.1 9.5 350.0 
Mons 2008 9 22 266 7.9 19.4 12.4 2.2 0.0 2.8 11.6 350.0 
Mons 2008 9 23 267 9.1 16.1 6.2 1.2 5.6 2.2 12.6 350.0 
Mons 2008 9 24 268 11.5 18.8 9.2 1.7 0.6 2.2 13.9 350.0 
Mons 2008 9 25 269 11.2 18.9 14.8 2.4 0.0 3.4 13.1 350.0 
Mons 2008 9 26 270 6.9 18.6 16.2 2.4 0.0 3.7 10.6 350.0 
Mons 2008 9 27 271 6.3 20.5 16.1 2.2 0.0 2.2 10.3 350.0 
Mons 2008 9 28 272 5.0 20.4 15.4 1.6 0.0 0.9 11.0 350.0 
Mons 2008 9 29 273 4.8 15.9 7.9 1.0 1.1 1.4 11.0 350.0 
Mons 2008 9 30 274 6.8 14.7 3.6 0.3 10.0 5.8 13.2 350.0 
Mons 2008 10 1 275 11.1 16.0 7.7 2.0 6.9 7.0 13.0 350.0 
Mons 2008 10 2 276 7.4 11.8 8.2 1.3 2.3 4.1 10.3 350.0 
Mons 2008 10 3 277 4.7 11.1 6.1 0.9 0.6 3.9 9.6 350.0 
Mons 2008 10 4 278 2.0 13.4 11.9 1.3 3.4 4.1 8.8 350.0 
Mons 2008 10 5 279 9.7 15.2 2.4 0.8 7.4 7.5 13.5 350.0 
Mons 2008 10 6 280 11.9 16.3 3.8 0.8 2.9 2.0 15.0 350.0 
Mons 2008 10 7 281 11.7 18.9 4.1 0.8 6.9 3.6 16.6 350.0 
Mons 2008 10 8 282 10.8 16.5 9.5 1.3 0.0 2.0 12.9 350.0 
Mons 2008 10 9 283 4.2 16.6 11.2 1.0 0.0 1.2 10.8 350.0 
Mons 2008 10 10 284 2.9 17.7 12.3 0.9 0.0 1.4 11.4 350.0 
Mons 2008 10 11 285 6.9 13.8 4.5 0.5 0.0 2.2 12.7 350.0 
Mons 2008 10 12 286 8.6 18.8 8.5 0.9 0.6 2.1 14.8 350.0 
Mons 2008 10 13 287 11.0 22.9 9.7 1.6 0.0 3.1 15.8 350.0 
Mons 2008 10 14 288 11.4 17.4 7.2 1.0 0.0 1.6 14.2 350.0 
Mons 2008 10 15 289 12.3 15.8 2.3 0.7 1.7 4.6 14.7 350.0 
Mons 2008 10 16 290 8.8 13.8 5.2 0.9 5.7 2.8 11.7 350.0 
Mons 2008 10 17 291 1.8 14.5 11.2 0.6 0.0 0.9 9.5 350.0 
Mons 2008 10 18 292 2.6 14.9 9.9 0.7 0.0 1.2 9.3 350.0 
Mons 2008 10 19 293 3.4 15.4 10.4 0.8 0.6 1.9 9.5 350.0 
Mons 2008 10 20 294 4.1 18.5 10.2 0.8 6.9 4.0 12.2 350.0 
Mons 2008 10 21 295 8.6 12.0 3.6 0.6 5.7 2.0 11.6 350.0 
Mons 2008 10 22 296 5.1 13.6 9.0 0.6 0.0 1.1 9.3 350.0 
Mons 2008 10 23 297 2.5 13.7 10.3 0.6 0.0 2.6 9.2 350.0 
Mons 2008 10 24 298 7.0 11.5 3.1 0.6 0.6 2.2 10.6 350.0 
Mons 2008 10 25 299 1.1 11.6 4.7 0.0 0.0 2.0 10.5 350.0 
Mons 2008 10 26 300 8.1 13.9 3.3 0.4 12.6 4.4 12.8 350.0 
Mons 2008 10 27 301 8.0 11.9 4.3 0.5 0.0 1.6 10.9 350.0 
Mons 2008 10 28 302 2.6 9.8 7.4 0.4 1.7 1.4 8.1 350.0 
Mons 2008 10 29 303 -0.1 3.7 3.5 0.1 0.0 1.7 7.2 350.0 
Mons 2008 10 30 304 3.3 7.1 4.9 0.6 1.1 4.0 7.7 350.0 
Mons 2008 10 31 305 3.8 6.5 2.8 0.3 5.1 3.8 8.6 350.0 
Mons 2008 11 1 306 5.3 10.6 1.1 0.1 3.1 4.4 10.5 350.0 
Mons 2008 11 2 307 6.5 10.8 6.1 0.4 0.0 3.7 10.1 350.0 
Mons 2008 11 3 308 6.8 16.8 6.6 0.6 0.0 2.3 11.3 350.0 
Mons 2008 11 4 309 5.1 16.6 7.6 0.4 0.0 3.4 11.5 350.0 
Mons 2008 11 5 310 7.1 8.7 1.4 0.1 0.6 3.6 10.5 350.0 
Mons 2008 11 6 311 5.3 10.3 1.9 0.1 0.0 1.9 10.8 350.0 
Mons 2008 11 7 312 8.3 10.9 2.2 0.4 1.3 3.0 11.3 350.0 
Mons 2008 11 8 313 3.8 11.9 6.3 0.0 2.5 4.8 10.4 350.0 
Mons 2008 11 9 314 9.0 12.9 4.3 1.0 1.9 6.0 11.0 350.0 
Mons 2008 11 10 315 9.1 15.2 3.0 0.4 15.0 8.3 13.7 350.0 
Mons 2008 11 11 316 7.6 11.5 4.5 0.6 1.9 6.2 10.7 350.0 
Mons 2008 11 12 317 5.2 9.8 4.1 0.3 0.6 2.6 9.4 350.0 
Mons 2008 11 13 318 3.0 11.2 4.7 0.1 0.6 1.2 9.3 350.0 
Mons 2008 11 14 319 5.5 10.3 1.2 0.0 0.6 2.8 11.1 350.0 
Mons 2008 11 15 320 9.7 12.1 1.1 0.1 0.0 2.6 12.7 350.0 
Mons 2008 11 16 321 10.0 12.3 1.4 0.2 1.3 2.7 12.6 350.0 
Mons 2008 11 17 322 4.4 8.4 4.2 0.2 0.6 2.0 8.2 350.0 
Mons 2008 11 18 323 4.3 10.2 1.3 0.0 0.6 2.8 10.6 350.0 
Mons 2008 11 19 324 3.2 10.1 2.7 0.0 0.0 2.5 10.1 350.0 
Mons 2008 11 20 325 7.2 12.7 2.2 0.3 1.3 3.9 11.8 350.0 
Mons 2008 11 21 326 5.4 10.8 3.6 0.9 4.4 5.6 8.7 350.0 
Mons 2008 11 22 327 0.7 5.2 5.7 0.3 0.0 5.4 6.2 350.0 
Mons 2008 11 23 328 -1.7 3.7 1.7 0.2 0.6 3.7 6.4 350.0 
Mons 2008 11 24 329 1.2 6.8 4.2 0.1 0.0 3.5 7.1 350.0 
Mons 2008 11 25 330 -1.6 7.0 4.0 0.0 0.0 2.3 7.1 350.0 
Mons 2008 11 26 331 0.6 6.1 2.6 0.0 0.6 2.1 8.2 350.0 
Mons 2008 11 27 332 3.6 5.0 1.5 0.2 1.3 4.0 8.0 350.0 
Mons 2008 11 28 333 1.3 3.8 1.8 0.2 0.0 4.0 6.9 350.0 
Mons 2008 11 29 334 -0.2 4.1 2.5 0.1 3.1 3.1 6.7 350.0 
Mons 2008 11 30 335 0.3 4.9 1.0 0.0 0.6 2.6 7.7 350.0 
Mons 2008 12 1 336 2.8 5.1 1.4 0.1 1.2 2.3 8.0 350.0 
Mons 2008 12 2 337 0.1 6.0 2.4 0.0 9.6 4.2 7.5 350.0 
Mons 2008 12 3 338 0.8 4.6 2.4 0.0 1.2 2.3 7.2 350.0 
Mons 2008 12 4 339 -1.2 8.1 1.1 0.1 2.4 4.5 7.7 350.0 
Mons 2008 12 5 340 4.9 7.0 1.8 0.3 12.6 4.5 8.7 350.0 
Mons 2008 12 6 341 3.4 7.3 2.5 0.0 0.0 2.8 8.4 350.0 
Mons 2008 12 7 342 -1.0 1.2 2.7 0.0 0.6 1.1 6.1 350.0 
Mons 2008 12 8 343 -1.3 1.9 1.5 0.0 0.0 2.1 6.3 350.0 
Mons 2008 12 9 344 -0.1 1.6 0.7 0.0 1.2 2.2 6.3 350.0 
Mons 2008 12 10 345 -0.6 4.1 2.9 0.0 4.8 1.9 6.9 350.0 
Mons 2008 12 11 346 -0.8 2.8 3.1 0.0 0.0 1.7 6.4 350.0 
Mons 2008 12 12 347 -1.6 -0.6 1.8 0.0 0.0 3.5 5.6 350.0 
Mons 2008 12 13 348 -3.4 1.8 2.8 0.0 0.0 6.5 5.6 350.0 
Mons 2008 12 14 349 0.4 4.6 2.1 0.0 0.0 2.9 7.2 350.0 
Mons 2008 12 15 350 0.0 1.5 1.5 0.0 0.0 3.6 6.5 350.0 
Mons 2008 12 16 351 -0.3 0.4 0.9 0.0 0.0 2.1 6.1 350.0 
Mons 2008 12 17 352 -1.6 3.6 0.9 0.0 3.0 1.7 6.5 350.0 
Mons 2008 12 18 353 -0.4 8.3 1.1 0.0 2.4 2.3 8.5 350.0 
Mons 2008 12 19 354 3.6 9.1 4.3 0.0 0.6 3.0 9.2 350.0 
Mons 2008 12 20 355 4.2 11.3 0.6 0.0 0.0 4.6 11.4 350.0 
Mons 2008 12 21 356 8.0 9.5 1.0 0.1 0.0 3.9 11.0 350.0 
Mons 2008 12 22 357 8.4 10.2 1.2 0.1 0.0 2.7 11.3 350.0 
Mons 2008 12 23 358 5.2 9.2 2.1 0.0 0.0 1.1 9.6 350.0 
Mons 2008 12 24 359 2.1 6.9 1.3 0.0 0.0 1.5 8.6 350.0 
Mons 2008 12 25 360 2.6 6.6 4.1 0.0 0.0 3.9 7.9 350.0 
Mons 2008 12 26 361 -1.1 2.5 4.7 0.0 0.0 4.9 5.3 350.0 
Mons 2008 12 27 362 -3.2 1.1 4.6 0.0 0.0 3.6 4.9 350.0 
Mons 2008 12 28 363 -4.4 -0.3 4.5 0.0 0.0 3.3 4.5 350.0 
Mons 2008 12 29 364 -5.0 0.5 4.5 0.0 0.0 3.0 4.5 350.0 
Mons 2008 12 30 365 -4.4 2.0 3.8 0.0 0.0 2.2 5.1 350.0 
Mons 2008 12 31 366 -1.4 1.0 1.2 0.1 0.0 1.8 5.8 350.0 
