Mons 2007 1 1 1 6.2 9.5 3.8 0.4 3.7 6.4 9.0 350.0 
Mons 2007 1 2 2 2.8 7.8 2.5 0.1 2.7 4.4 8.2 350.0 
Mons 2007 1 3 3 3.0 8.6 2.8 0.0 0.0 4.0 9.1 350.0 
Mons 2007 1 4 4 7.3 10.9 3.4 0.4 1.1 5.7 10.1 350.0 
Mons 2007 1 5 5 5.8 10.5 2.1 0.0 1.1 4.7 10.6 350.0 
Mons 2007 1 6 6 9.1 12.2 0.9 0.2 3.7 4.9 12.2 350.0 
Mons 2007 1 7 7 6.0 10.0 4.2 0.0 0.0 5.3 9.7 350.0 
Mons 2007 1 8 8 7.9 12.8 2.8 0.3 2.1 6.1 11.6 350.0 
Mons 2007 1 9 9 9.9 13.5 2.2 0.6 0.0 6.7 12.5 350.0 
Mons 2007 1 10 10 6.9 13.1 2.1 1.0 2.7 6.2 10.3 350.0 
Mons 2007 1 11 11 4.2 10.8 1.3 0.8 2.1 8.4 9.3 350.0 
Mons 2007 1 12 12 7.0 11.7 3.8 0.2 0.0 6.0 10.8 350.0 
Mons 2007 1 13 13 9.8 11.0 1.3 0.5 0.0 4.8 11.5 350.0 
Mons 2007 1 14 14 3.7 10.1 6.0 0.0 0.0 2.8 8.7 350.0 
Mons 2007 1 15 15 -1.3 7.2 5.6 0.0 0.5 2.7 7.6 350.0 
Mons 2007 1 16 16 6.0 9.8 4.1 0.0 0.0 3.3 9.9 350.0 
Mons 2007 1 17 17 7.7 13.2 1.6 0.6 12.8 6.0 11.7 350.0 
Mons 2007 1 18 18 9.5 14.4 1.8 1.0 3.7 10.3 12.7 350.0 
Mons 2007 1 19 19 10.7 14.0 2.7 0.4 0.5 6.2 13.4 350.0 
Mons 2007 1 20 20 8.4 12.7 1.6 1.0 3.2 6.2 11.1 350.0 
Mons 2007 1 21 21 5.5 9.0 5.4 0.8 0.0 6.3 8.0 350.0 
Mons 2007 1 22 22 0.6 6.0 4.0 0.1 0.0 3.3 7.1 350.0 
Mons 2007 1 23 23 -1.0 1.3 4.6 0.9 0.0 6.3 4.4 350.0 
Mons 2007 1 24 24 -2.5 1.8 3.3 0.0 0.0 2.0 5.8 350.0 
Mons 2007 1 25 25 -2.6 0.4 5.9 0.1 0.0 4.1 4.7 350.0 
Mons 2007 1 26 26 -5.1 1.9 5.2 0.0 0.0 2.5 5.4 350.0 
Mons 2007 1 27 27 0.5 7.0 7.1 0.0 0.5 2.3 7.4 350.0 
Mons 2007 1 28 28 2.8 6.1 1.2 0.2 0.0 3.5 8.0 350.0 
Mons 2007 1 29 29 5.0 8.2 2.6 0.1 0.5 1.7 9.7 350.0 
Mons 2007 1 30 30 6.3 8.9 2.5 0.2 0.0 1.4 9.9 350.0 
Mons 2007 1 31 31 4.1 8.6 4.5 0.2 0.0 2.4 8.7 350.0 
Mons 2007 2 1 32 4.2 11.3 3.4 0.0 0.0 0.9 10.9 350.0 
Mons 2007 2 2 33 7.7 9.7 1.7 0.2 0.0 1.7 10.8 350.0 
Mons 2007 2 3 34 2.4 8.5 7.1 0.1 0.5 2.9 8.0 350.0 
Mons 2007 2 4 35 0.3 7.9 8.6 0.0 0.0 2.8 7.5 350.0 
Mons 2007 2 5 36 -1.4 5.3 1.7 0.0 1.6 1.2 7.3 350.0 
Mons 2007 2 6 37 1.5 3.7 2.3 0.2 3.7 1.5 7.1 350.0 
Mons 2007 2 7 38 -0.6 1.8 4.9 0.2 1.6 2.2 5.9 350.0 
Mons 2007 2 8 39 -3.5 9.1 6.5 0.1 2.6 5.7 7.4 350.0 
Mons 2007 2 9 40 0.3 6.2 5.5 0.0 0.0 2.8 7.9 350.0 
Mons 2007 2 10 41 3.3 11.3 4.7 0.4 11.0 4.2 9.6 350.0 
Mons 2007 2 11 42 7.3 10.4 4.6 0.9 11.5 6.6 9.9 350.0 
Mons 2007 2 12 43 7.2 11.3 5.6 1.2 4.7 7.5 9.9 350.0 
Mons 2007 2 13 44 6.6 10.2 6.9 1.0 7.8 5.2 9.1 350.0 
Mons 2007 2 14 45 5.5 9.7 1.3 0.4 14.1 4.6 9.6 350.0 
Mons 2007 2 15 46 -1.7 10.5 11.3 0.2 0.0 3.0 7.7 350.0 
Mons 2007 2 16 47 2.4 10.5 5.2 1.1 0.0 4.9 7.7 350.0 
Mons 2007 2 17 48 5.2 14.0 6.5 1.3 0.0 3.4 8.4 350.0 
Mons 2007 2 18 49 2.4 6.8 2.2 0.1 0.0 1.7 8.8 350.0 
Mons 2007 2 19 50 4.2 7.2 2.7 0.3 0.0 2.5 9.0 350.0 
Mons 2007 2 20 51 3.9 7.9 4.4 0.4 0.5 3.0 9.0 350.0 
Mons 2007 2 21 52 4.2 12.3 7.3 0.6 2.1 2.7 9.7 350.0 
Mons 2007 2 22 53 3.0 11.6 7.9 0.6 1.0 3.6 9.4 350.0 
Mons 2007 2 23 54 5.9 11.6 6.1 0.7 1.0 4.4 10.3 350.0 
Mons 2007 2 24 55 8.1 11.1 5.3 1.0 3.7 5.8 10.6 350.0 
Mons 2007 2 25 56 6.4 8.9 4.6 0.8 2.1 5.6 9.5 350.0 
Mons 2007 2 26 57 5.9 10.3 5.9 1.0 1.0 3.9 9.0 350.0 
Mons 2007 2 27 58 3.1 12.1 2.2 0.2 4.2 4.2 10.5 350.0 
Mons 2007 2 28 59 7.1 13.3 7.8 1.7 5.8 7.2 10.1 350.0 
Mons 2007 3 1 60 6.8 10.9 7.5 1.4 1.7 6.5 9.6 350.0 
Mons 2007 3 2 61 1.1 11.6 11.8 0.8 5.2 3.5 8.7 350.0 
Mons 2007 3 3 62 6.9 12.1 8.9 1.8 1.7 6.2 9.3 350.0 
Mons 2007 3 4 63 1.3 14.0 9.3 0.8 3.5 3.8 9.7 350.0 
Mons 2007 3 5 64 7.0 12.1 12.8 1.9 1.2 5.8 9.1 350.0 
Mons 2007 3 6 65 7.5 9.5 2.6 0.9 13.3 7.2 10.0 350.0 
Mons 2007 3 7 66 6.8 12.0 12.8 1.5 0.0 3.4 9.1 350.0 
Mons 2007 3 8 67 0.5 13.1 13.3 1.0 0.0 1.7 8.7 350.0 
Mons 2007 3 9 68 4.8 11.4 4.3 1.1 4.6 3.1 8.9 350.0 
Mons 2007 3 10 69 0.0 12.6 16.0 1.1 0.6 1.9 8.2 350.0 
Mons 2007 3 11 70 4.6 13.8 16.3 1.4 0.0 1.5 9.2 350.0 
Mons 2007 3 12 71 1.4 14.7 17.2 1.3 0.0 1.1 8.1 350.0 
Mons 2007 3 13 72 -0.1 14.0 12.2 1.0 0.6 1.7 9.1 350.0 
Mons 2007 3 14 73 2.5 13.0 17.4 1.6 0.0 2.5 8.2 350.0 
Mons 2007 3 15 74 1.4 14.3 16.2 1.5 0.0 1.6 8.0 350.0 
Mons 2007 3 16 75 1.2 11.0 7.6 0.7 0.0 2.0 9.4 350.0 
Mons 2007 3 17 76 5.8 12.7 4.8 1.1 0.0 4.5 10.4 350.0 
Mons 2007 3 18 77 6.0 10.6 8.9 2.4 12.2 7.5 8.4 350.0 
Mons 2007 3 19 78 0.1 5.9 7.3 1.0 8.7 3.8 6.6 350.0 
Mons 2007 3 20 79 0.0 6.8 10.3 1.1 2.3 4.9 7.1 350.0 
Mons 2007 3 21 80 0.5 8.6 13.2 1.7 2.3 6.1 7.1 350.0 
Mons 2007 3 22 81 2.7 7.2 8.7 1.6 0.6 5.2 6.8 350.0 
Mons 2007 3 23 82 0.4 6.0 3.5 0.5 0.6 4.2 7.5 350.0 
Mons 2007 3 24 83 2.0 7.1 1.9 0.1 0.6 4.0 8.5 350.0 
Mons 2007 3 25 84 6.4 11.4 9.7 1.6 0.0 2.9 9.1 350.0 
Mons 2007 3 26 85 3.7 14.9 20.2 2.3 0.6 2.7 9.0 350.0 
Mons 2007 3 27 86 4.5 15.4 18.7 2.2 0.0 1.9 8.8 350.0 
Mons 2007 3 28 87 2.4 17.7 17.9 2.1 0.0 1.7 9.1 350.0 
Mons 2007 3 29 88 2.1 12.5 7.7 1.1 5.2 2.1 9.1 350.0 
Mons 2007 3 30 89 4.4 10.0 6.2 1.0 5.2 2.1 9.0 350.0 
Mons 2007 3 31 90 3.6 12.8 9.5 1.2 2.3 1.9 9.9 350.0 
Mons 2007 4 1 91 7.3 16.6 16.3 2.4 0.0 3.3 11.1 350.0 
Mons 2007 4 2 92 5.6 18.4 20.8 3.2 0.0 3.6 9.4 350.0 
Mons 2007 4 3 93 5.2 10.8 16.4 2.7 0.0 6.4 8.2 350.0 
Mons 2007 4 4 94 2.5 11.3 23.1 3.4 0.0 6.5 6.9 350.0 
Mons 2007 4 5 95 1.6 14.2 21.0 2.5 0.0 3.3 8.2 350.0 
Mons 2007 4 6 96 3.0 18.3 22.1 2.7 0.0 2.2 9.9 350.0 
Mons 2007 4 7 97 5.7 13.4 21.0 3.2 0.0 4.4 8.5 350.0 
Mons 2007 4 8 98 2.7 15.9 23.7 2.9 0.0 2.6 8.4 350.0 
Mons 2007 4 9 99 1.9 17.8 22.5 2.6 0.0 1.5 9.3 350.0 
Mons 2007 4 10 100 1.9 16.7 16.2 2.0 0.0 1.5 9.8 350.0 
Mons 2007 4 11 101 5.2 18.5 23.6 3.4 0.0 3.6 10.3 350.0 
Mons 2007 4 12 102 6.8 21.9 22.6 3.4 0.0 2.4 12.0 350.0 
Mons 2007 4 13 103 11.0 24.9 21.2 4.0 0.0 2.8 13.9 350.0 
Mons 2007 4 14 104 10.6 25.9 22.5 4.4 0.0 3.3 14.0 350.0 
Mons 2007 4 15 105 9.7 26.8 23.6 4.1 0.0 1.8 13.8 350.0 
Mons 2007 4 16 106 9.1 24.6 22.9 4.4 0.0 3.5 12.6 350.0 
Mons 2007 4 17 107 8.7 17.1 16.4 3.2 0.0 4.2 11.0 350.0 
Mons 2007 4 18 108 3.2 15.9 20.4 2.7 0.0 1.6 8.6 350.0 
Mons 2007 4 19 109 3.0 17.9 25.3 3.2 0.0 1.4 8.9 350.0 
Mons 2007 4 20 110 3.9 17.6 24.5 3.5 0.0 3.2 9.3 350.0 
Mons 2007 4 21 111 2.2 17.6 26.8 3.5 0.0 2.1 8.0 350.0 
Mons 2007 4 22 112 2.3 22.1 26.4 3.5 0.0 1.0 8.8 350.0 
Mons 2007 4 23 113 7.3 23.5 23.0 3.7 0.0 1.4 11.5 350.0 
Mons 2007 4 24 114 9.9 23.8 20.9 3.7 0.0 1.6 13.3 350.0 
Mons 2007 4 25 115 12.1 26.1 24.6 4.7 0.0 2.3 13.9 350.0 
Mons 2007 4 26 116 11.2 24.9 25.3 5.0 0.0 3.9 14.5 350.0 
Mons 2007 4 27 117 10.4 25.0 20.4 4.1 0.0 2.5 13.7 350.0 
Mons 2007 4 28 118 10.0 26.1 23.5 4.0 0.0 1.1 14.8 350.0 
Mons 2007 4 29 119 13.9 24.0 19.1 4.0 0.0 2.5 15.3 350.0 
Mons 2007 4 30 120 11.0 22.9 24.6 4.9 0.0 3.1 11.8 350.0 
Mons 2007 5 1 121 8.6 22.8 28.9 5.7 0.0 3.6 8.5 350.0 
Mons 2007 5 2 122 7.6 21.3 29.1 5.6 0.0 3.8 7.7 350.0 
Mons 2007 5 3 123 7.0 20.8 27.3 5.1 0.0 4.1 9.6 350.0 
Mons 2007 5 4 124 9.8 21.6 18.5 4.3 1.2 4.8 12.2 350.0 
Mons 2007 5 5 125 9.3 16.3 22.8 4.1 0.0 4.9 11.2 350.0 
Mons 2007 5 6 126 6.0 19.1 24.3 3.7 0.0 2.9 11.5 350.0 
Mons 2007 5 7 127 12.3 17.7 6.2 2.1 8.4 5.3 14.3 350.0 
Mons 2007 5 8 128 9.3 18.3 15.0 3.3 11.4 4.9 12.2 350.0 
Mons 2007 5 9 129 10.9 16.1 7.4 1.4 5.5 4.3 14.8 350.0 
Mons 2007 5 10 130 12.8 20.8 17.8 4.3 0.0 4.6 13.6 350.0 
Mons 2007 5 11 131 11.0 16.5 13.4 3.5 6.5 5.6 11.6 350.0 
Mons 2007 5 12 132 10.9 18.3 16.8 3.6 0.0 4.3 12.7 350.0 
Mons 2007 5 13 133 8.9 21.5 18.7 3.8 5.0 3.4 12.7 350.0 
Mons 2007 5 14 134 11.5 17.6 14.5 3.7 3.0 4.7 11.8 350.0 
Mons 2007 5 15 135 5.3 16.0 20.0 3.0 3.5 3.3 11.1 350.0 
Mons 2007 5 16 136 10.4 15.3 11.2 2.2 14.9 3.6 13.1 350.0 
Mons 2007 5 17 137 10.4 17.8 10.6 2.0 1.0 2.4 14.7 350.0 
Mons 2007 5 18 138 10.2 22.9 16.7 2.9 4.5 2.4 17.4 350.0 
Mons 2007 5 19 139 11.5 18.8 23.2 4.1 0.0 2.1 12.1 350.0 
Mons 2007 5 20 140 8.9 13.7 7.1 1.4 7.4 2.6 12.6 350.0 
Mons 2007 5 21 141 11.6 21.7 17.0 3.0 0.5 1.7 16.7 350.0 
Mons 2007 5 22 142 12.9 20.2 11.6 2.4 0.5 1.8 16.3 350.0 
Mons 2007 5 23 143 9.5 21.3 30.6 4.9 0.0 2.5 14.1 350.0 
Mons 2007 5 24 144 10.7 25.5 30.8 5.5 0.0 2.3 15.7 350.0 
Mons 2007 5 25 145 13.1 25.2 28.3 5.2 1.5 1.4 16.0 350.0 
Mons 2007 5 26 146 13.4 18.9 11.4 2.2 2.5 1.7 16.3 350.0 
Mons 2007 5 27 147 10.9 15.6 16.2 3.1 6.0 3.5 12.4 350.0 
Mons 2007 5 28 148 7.2 16.3 19.4 3.1 9.4 2.3 11.5 350.0 
Mons 2007 5 29 149 7.7 15.0 26.7 4.6 0.0 3.8 9.1 350.0 
Mons 2007 5 30 150 3.8 16.4 13.4 1.8 3.5 3.4 12.6 350.0 
Mons 2007 5 31 151 9.8 19.5 25.0 4.2 1.0 1.9 12.8 350.0 
Mons 2007 6 1 152 11.5 16.5 11.0 2.1 0.5 1.4 14.0 350.0 
Mons 2007 6 2 153 11.1 22.4 23.2 4.1 0.5 2.1 15.7 350.0 
Mons 2007 6 3 154 11.3 23.3 24.0 4.3 0.0 1.9 16.2 350.0 
Mons 2007 6 4 155 13.2 22.4 21.4 4.2 0.0 2.7 16.4 350.0 
Mons 2007 6 5 156 12.9 23.4 29.8 5.4 0.0 2.9 16.9 350.0 
Mons 2007 6 6 157 14.6 22.5 27.0 5.4 0.0 4.0 16.6 350.0 
Mons 2007 6 7 158 13.6 26.0 18.5 3.9 0.0 2.1 18.6 350.0 
Mons 2007 6 8 159 16.9 22.1 13.7 3.0 17.6 1.7 18.6 350.0 
Mons 2007 6 9 160 14.5 22.3 13.9 2.9 0.0 1.4 17.6 350.0 
Mons 2007 6 10 161 14.3 20.7 13.6 2.6 0.0 2.2 18.2 350.0 
Mons 2007 6 11 162 14.9 19.1 8.1 1.8 0.0 1.6 17.7 350.0 
Mons 2007 6 12 163 13.1 20.6 14.9 2.8 0.0 1.7 16.7 350.0 
Mons 2007 6 13 164 10.6 23.9 26.7 4.6 1.0 1.2 16.1 350.0 
Mons 2007 6 14 165 14.1 22.3 13.1 2.6 31.6 1.6 18.7 350.0 
Mons 2007 6 15 166 15.1 21.9 20.8 4.6 6.7 3.6 16.1 350.0 
Mons 2007 6 16 167 12.7 19.2 16.3 3.4 2.6 3.7 15.1 350.0 
Mons 2007 6 17 168 12.2 22.6 24.8 4.7 8.8 2.5 15.5 350.0 
Mons 2007 6 18 169 13.0 23.6 21.3 4.2 0.5 2.7 17.0 350.0 
Mons 2007 6 19 170 13.1 28.0 26.8 5.5 17.6 2.9 19.2 350.0 
Mons 2007 6 20 171 16.5 22.7 28.5 5.6 0.5 2.3 16.6 350.0 
Mons 2007 6 21 172 14.8 22.0 21.6 4.4 0.5 2.2 15.4 350.0 
Mons 2007 6 22 173 12.5 18.2 14.5 2.8 7.3 2.5 15.2 350.0 
Mons 2007 6 23 174 12.1 19.6 15.3 2.9 4.7 3.0 15.9 350.0 
Mons 2007 6 24 175 12.5 20.7 14.2 3.0 0.0 2.3 15.5 350.0 
Mons 2007 6 25 176 11.3 18.8 19.6 3.9 9.9 4.4 13.9 350.0 
Mons 2007 6 26 177 11.7 14.7 10.4 2.4 1.0 3.7 12.8 350.0 
Mons 2007 6 27 178 8.4 16.8 16.3 2.8 1.6 2.9 12.7 350.0 
Mons 2007 6 28 179 11.0 17.6 13.7 2.8 0.5 3.0 13.3 350.0 
Mons 2007 6 29 180 12.9 16.6 10.0 2.2 6.7 3.9 15.1 350.0 
Mons 2007 6 30 181 13.3 21.9 14.4 3.0 0.0 2.7 17.5 350.0 
Mons 2007 7 1 182 15.8 24.5 24.6 5.8 1.2 3.9 15.8 350.0 
Mons 2007 7 2 183 14.6 19.5 19.5 4.1 6.4 4.1 15.8 350.0 
Mons 2007 7 3 184 11.6 18.4 12.4 2.6 11.7 3.2 14.5 350.0 
Mons 2007 7 4 185 11.6 19.6 21.7 4.7 9.9 5.2 13.4 350.0 
Mons 2007 7 5 186 12.7 17.9 10.8 2.5 14.6 4.6 15.0 350.0 
Mons 2007 7 6 187 13.7 20.6 26.1 6.2 0.0 5.9 12.8 350.0 
Mons 2007 7 7 188 9.4 21.9 27.0 4.8 0.0 2.3 12.6 350.0 
Mons 2007 7 8 189 7.6 20.5 17.7 3.0 5.9 1.3 13.4 350.0 
Mons 2007 7 9 190 7.6 18.5 21.6 3.5 0.6 2.4 12.5 350.0 
Mons 2007 7 10 191 9.5 17.5 17.8 3.2 0.0 2.6 12.7 350.0 
Mons 2007 7 11 192 10.3 20.3 16.1 3.2 0.6 2.8 14.0 350.0 
Mons 2007 7 12 193 11.9 17.6 8.1 1.4 0.6 3.0 16.8 350.0 
Mons 2007 7 13 194 16.1 28.1 24.1 5.5 0.6 2.8 18.5 350.0 
Mons 2007 7 14 195 16.0 27.3 24.4 5.4 0.0 2.6 18.5 350.0 
Mons 2007 7 15 196 15.9 31.5 23.9 5.9 0.6 2.8 18.3 350.0 
Mons 2007 7 16 197 17.0 25.9 13.4 3.5 19.3 2.3 18.8 350.0 
Mons 2007 7 17 198 13.2 24.7 25.2 5.4 0.0 3.3 14.8 350.0 
Mons 2007 7 18 199 11.0 24.4 28.7 5.3 0.0 2.2 14.0 350.0 
Mons 2007 7 19 200 11.6 26.2 27.6 5.4 0.0 2.4 14.4 350.0 
Mons 2007 7 20 201 16.2 22.4 15.9 4.1 0.6 3.5 16.0 350.0 
Mons 2007 7 21 202 9.4 22.6 26.8 4.8 0.0 2.6 12.7 350.0 
Mons 2007 7 22 203 11.6 22.3 22.6 4.6 0.6 2.9 13.0 350.0 
Mons 2007 7 23 204 12.4 16.8 5.3 1.1 12.9 4.0 15.8 350.0 
Mons 2007 7 24 205 13.8 22.1 27.0 5.6 0.0 4.0 14.0 350.0 
Mons 2007 7 25 206 8.8 24.3 25.7 4.7 0.0 2.8 13.8 350.0 
Mons 2007 7 26 207 13.6 23.1 14.4 3.7 0.0 4.2 16.0 350.0 
Mons 2007 7 27 208 13.3 23.5 25.5 5.3 2.3 4.4 15.6 350.0 
Mons 2007 7 28 209 16.4 21.5 19.0 4.6 1.2 4.2 15.7 350.0 
Mons 2007 7 29 210 13.6 18.3 9.6 2.5 1.8 3.9 15.0 350.0 
Mons 2007 7 30 211 6.9 21.3 25.5 4.3 0.0 2.4 11.2 350.0 
Mons 2007 7 31 212 6.7 21.5 24.2 3.9 0.0 1.3 10.9 350.0 
Mons 2007 8 1 213 9.6 25.6 28.4 5.8 3.0 3.3 11.1 350.0 
Mons 2007 8 2 214 13.6 23.9 17.9 4.3 0.4 2.9 14.0 350.0 
Mons 2007 8 3 215 12.6 24.2 20.7 3.9 0.0 1.1 14.7 350.0 
Mons 2007 8 4 216 10.4 27.6 28.8 5.1 0.0 1.6 14.6 350.0 
Mons 2007 8 5 217 14.6 31.6 29.3 6.8 0.0 3.3 15.9 350.0 
Mons 2007 8 6 218 15.7 18.6 4.9 1.4 3.9 2.0 16.8 350.0 
Mons 2007 8 7 219 7.7 22.6 25.1 4.1 0.0 2.1 13.0 350.0 
Mons 2007 8 8 220 13.7 20.1 11.6 3.1 0.4 3.8 14.7 350.0 
Mons 2007 8 9 221 12.0 15.6 7.4 1.7 2.2 4.7 14.3 350.0 
Mons 2007 8 10 222 13.6 19.0 8.8 2.2 0.0 4.4 16.1 350.0 
Mons 2007 8 11 223 12.3 24.0 23.1 4.1 0.0 1.6 15.3 350.0 
Mons 2007 8 12 224 12.2 23.0 11.1 2.5 0.0 2.0 16.1 350.0 
Mons 2007 8 13 225 9.3 22.8 23.0 4.1 0.0 2.6 13.2 350.0 
Mons 2007 8 14 226 10.6 25.0 18.9 4.4 2.6 5.5 15.6 350.0 
Mons 2007 8 15 227 17.9 23.3 14.1 4.1 0.9 6.4 19.3 350.0 
Mons 2007 8 16 228 13.9 20.2 17.4 4.1 0.0 4.5 13.6 350.0 
Mons 2007 8 17 229 9.3 19.3 16.9 3.1 0.0 2.7 12.3 350.0 
Mons 2007 8 18 230 8.7 21.6 18.4 3.4 8.2 2.9 12.9 350.0 
Mons 2007 8 19 231 14.3 21.1 10.9 2.9 0.0 3.8 15.7 350.0 
Mons 2007 8 20 232 13.1 15.5 4.6 0.9 6.9 3.2 15.7 350.0 
Mons 2007 8 21 233 13.1 20.7 15.9 2.9 8.2 2.4 16.2 350.0 
Mons 2007 8 22 234 15.6 19.4 5.2 1.5 11.6 4.9 18.0 350.0 
Mons 2007 8 23 235 15.1 19.1 6.1 1.4 2.6 2.8 18.0 350.0 
Mons 2007 8 24 236 15.2 22.2 13.1 2.5 0.4 1.7 18.3 350.0 
Mons 2007 8 25 237 15.4 21.9 15.4 2.7 0.0 1.4 18.4 350.0 
Mons 2007 8 26 238 11.6 23.3 20.7 3.4 0.4 2.2 17.2 350.0 
Mons 2007 8 27 239 10.5 21.0 24.7 4.2 0.0 3.4 13.0 350.0 
Mons 2007 8 28 240 10.5 19.5 16.9 3.2 0.0 3.9 13.0 350.0 
Mons 2007 8 29 241 10.0 19.5 24.7 4.6 0.0 4.4 10.7 350.0 
Mons 2007 8 30 242 8.6 20.3 16.7 2.8 0.0 2.6 13.1 350.0 
Mons 2007 8 31 243 14.6 20.2 11.6 2.8 0.0 3.1 14.9 350.0 
Mons 2007 9 1 244 13.9 22.0 13.9 2.9 0.0 2.7 15.7 350.0 
Mons 2007 9 2 245 12.2 20.3 13.5 2.6 0.0 3.0 14.8 350.0 
Mons 2007 9 3 246 12.9 18.0 11.6 2.9 1.5 4.4 13.3 350.0 
Mons 2007 9 4 247 8.0 18.1 19.1 3.4 0.0 3.8 10.4 350.0 
Mons 2007 9 5 248 4.9 18.0 13.1 1.7 0.0 1.2 12.4 350.0 
Mons 2007 9 6 249 13.0 21.3 8.6 1.8 0.0 3.1 17.3 350.0 
Mons 2007 9 7 250 14.7 19.6 9.8 2.4 0.0 3.4 15.5 350.0 
Mons 2007 9 8 251 9.9 22.8 19.8 3.0 0.0 2.1 14.8 350.0 
Mons 2007 9 9 252 12.7 20.5 12.0 2.7 0.0 2.8 13.7 350.0 
Mons 2007 9 10 253 10.0 19.8 9.8 2.1 0.0 3.4 13.7 350.0 
Mons 2007 9 11 254 7.9 18.5 10.6 2.0 0.0 3.1 12.5 350.0 
Mons 2007 9 12 255 6.5 20.0 20.3 2.8 0.0 2.4 11.6 350.0 
Mons 2007 9 13 256 9.3 21.3 20.5 3.2 0.0 3.0 12.4 350.0 
Mons 2007 9 14 257 6.5 22.4 18.5 2.6 0.0 2.4 13.2 350.0 
Mons 2007 9 15 258 10.3 21.7 19.3 2.9 0.0 1.6 12.2 350.0 
Mons 2007 9 16 259 10.1 24.0 15.1 2.7 0.0 2.5 14.1 350.0 
Mons 2007 9 17 260 10.8 19.6 10.5 2.0 3.1 2.8 14.2 350.0 
Mons 2007 9 18 261 8.1 14.2 13.1 1.8 2.6 3.1 11.2 350.0 
Mons 2007 9 19 262 4.6 15.9 11.4 1.6 0.0 2.7 10.4 350.0 
Mons 2007 9 20 263 7.5 19.5 16.6 2.6 0.0 3.1 11.2 350.0 
Mons 2007 9 21 264 8.2 21.9 16.7 2.6 0.0 2.2 11.4 350.0 
Mons 2007 9 22 265 6.1 22.8 17.6 2.1 0.0 0.9 11.9 350.0 
Mons 2007 9 23 266 9.2 22.1 13.6 2.1 0.0 2.1 14.1 350.0 
Mons 2007 9 24 267 12.1 18.2 7.3 2.3 0.5 4.3 12.9 350.0 
Mons 2007 9 25 268 8.0 17.0 12.5 2.0 4.6 3.1 11.1 350.0 
Mons 2007 9 26 269 6.5 13.7 8.2 1.2 1.0 4.1 11.2 350.0 
Mons 2007 9 27 270 8.2 16.1 11.3 2.1 1.0 5.5 11.5 350.0 
Mons 2007 9 28 271 11.1 13.9 4.1 0.9 2.6 2.8 13.3 350.0 
Mons 2007 9 29 272 8.0 15.9 6.4 0.7 2.6 2.2 14.1 350.0 
Mons 2007 9 30 273 8.1 15.5 5.9 0.7 1.0 2.1 13.8 350.0 
Mons 2007 10 1 274 12.3 16.2 2.8 0.5 11.3 2.6 15.5 350.0 
Mons 2007 10 2 275 13.3 17.2 3.8 0.6 1.0 2.7 17.1 350.0 
Mons 2007 10 3 276 14.7 18.8 5.2 0.9 0.5 1.4 18.2 350.0 
Mons 2007 10 4 277 13.8 18.8 9.2 1.4 0.0 1.4 15.6 350.0 
Mons 2007 10 5 278 10.4 17.3 14.3 1.8 0.0 3.7 13.1 350.0 
Mons 2007 10 6 279 6.8 18.0 15.4 1.6 0.0 3.1 12.3 350.0 
Mons 2007 10 7 280 5.7 19.8 15.2 1.4 0.5 1.5 11.8 350.0 
Mons 2007 10 8 281 8.3 15.8 8.3 0.9 0.0 1.7 12.9 350.0 
Mons 2007 10 9 282 8.1 16.0 7.3 0.8 13.4 2.0 13.2 350.0 
Mons 2007 10 10 283 6.9 15.0 9.1 0.7 0.5 1.9 12.8 350.0 
Mons 2007 10 11 284 9.6 15.7 6.9 0.9 0.0 1.8 13.1 350.0 
Mons 2007 10 12 285 7.5 14.8 4.2 0.4 0.0 1.3 13.9 350.0 
Mons 2007 10 13 286 11.5 16.8 11.5 1.3 0.0 1.9 13.2 350.0 
Mons 2007 10 14 287 6.5 17.0 13.6 1.2 0.0 2.4 11.4 350.0 
Mons 2007 10 15 288 6.6 16.3 9.8 0.8 0.5 2.7 12.6 350.0 
Mons 2007 10 16 289 7.1 19.4 9.3 1.1 0.0 2.9 13.0 350.0 
Mons 2007 10 17 290 9.5 14.5 2.6 0.9 0.0 3.6 12.3 350.0 
Mons 2007 10 18 291 3.3 13.6 7.7 0.7 0.0 2.2 9.7 350.0 
Mons 2007 10 19 292 4.0 12.5 5.2 0.5 0.0 1.4 9.9 350.0 
Mons 2007 10 20 293 2.5 11.2 11.4 0.8 0.0 2.1 7.5 350.0 
Mons 2007 10 21 294 0.7 12.3 11.0 0.7 0.0 1.8 7.6 350.0 
Mons 2007 10 22 295 4.9 10.5 10.6 1.0 0.0 3.1 7.7 350.0 
Mons 2007 10 23 296 -0.3 10.6 10.7 0.8 0.0 3.5 6.9 350.0 
Mons 2007 10 24 297 0.3 8.4 6.4 0.5 0.0 4.2 7.7 350.0 
Mons 2007 10 25 298 4.5 9.9 3.0 0.6 1.0 3.4 9.3 350.0 
Mons 2007 10 26 299 7.9 9.3 1.6 0.5 0.0 2.0 9.5 350.0 
Mons 2007 10 27 300 7.5 10.9 3.6 0.7 0.0 1.7 9.4 350.0 
Mons 2007 10 28 301 6.1 12.2 5.6 0.9 5.7 3.4 9.4 350.0 
Mons 2007 10 29 302 7.8 10.5 0.9 0.1 18.0 2.8 11.1 350.0 
Mons 2007 10 30 303 5.1 12.4 7.2 0.5 0.0 2.4 9.5 350.0 
Mons 2007 10 31 304 1.2 14.7 8.4 0.2 0.5 0.7 9.1 350.0 
Mons 2007 11 1 305 3.6 13.1 3.2 0.2 0.0 1.1 11.2 350.0 
Mons 2007 11 2 306 9.7 14.3 2.8 0.4 0.0 0.6 13.1 350.0 
Mons 2007 11 3 307 11.8 13.7 2.8 0.5 0.0 1.9 13.4 350.0 
Mons 2007 11 4 308 9.7 12.5 4.9 0.7 0.0 2.1 10.5 350.0 
Mons 2007 11 5 309 5.0 12.9 7.8 0.2 0.5 2.0 9.9 350.0 
Mons 2007 11 6 310 4.3 11.1 7.7 0.4 0.0 2.9 8.5 350.0 
Mons 2007 11 7 311 1.5 11.9 2.7 0.1 0.0 3.6 10.0 350.0 
Mons 2007 11 8 312 6.3 11.6 1.9 0.4 5.6 3.9 10.9 350.0 
Mons 2007 11 9 313 1.9 7.9 6.4 0.9 0.0 5.0 6.4 350.0 
Mons 2007 11 10 314 0.7 11.6 1.7 0.0 1.0 4.7 10.7 350.0 
Mons 2007 11 11 315 8.0 13.5 5.2 1.0 0.5 5.4 10.5 350.0 
Mons 2007 11 12 316 1.8 9.1 5.7 0.3 0.0 2.5 7.5 350.0 
Mons 2007 11 13 317 0.3 7.7 1.8 0.1 1.5 3.5 8.1 350.0 
Mons 2007 11 14 318 2.0 7.0 5.9 0.3 0.0 3.4 7.0 350.0 
Mons 2007 11 15 319 0.2 5.0 7.1 0.0 0.0 2.4 5.9 350.0 
Mons 2007 11 16 320 -3.6 6.3 7.6 0.0 0.5 0.5 5.3 350.0 
Mons 2007 11 17 321 -4.7 8.0 7.8 0.0 0.0 0.8 5.6 350.0 
Mons 2007 11 18 322 -2.6 2.6 1.6 0.1 1.0 4.0 6.1 350.0 
Mons 2007 11 19 323 1.2 6.8 1.2 0.0 3.6 4.0 8.2 350.0 
Mons 2007 11 20 324 5.3 10.2 1.6 0.2 10.2 4.4 10.3 350.0 
Mons 2007 11 21 325 8.4 12.9 4.2 0.4 0.5 3.3 11.0 350.0 
Mons 2007 11 22 326 4.6 11.5 4.2 0.0 0.0 2.3 10.2 350.0 
Mons 2007 11 23 327 3.9 8.5 3.1 0.4 0.5 3.1 8.1 350.0 
Mons 2007 11 24 328 -0.5 9.5 5.9 0.0 0.5 2.3 7.2 350.0 
Mons 2007 11 25 329 4.1 9.4 4.3 0.0 0.0 3.0 9.0 350.0 
Mons 2007 11 26 330 1.4 7.8 5.0 0.0 0.5 2.1 7.3 350.0 
Mons 2007 11 27 331 -1.4 8.6 3.7 0.0 0.0 0.7 6.9 350.0 
Mons 2007 11 28 332 0.6 6.8 3.4 0.1 0.0 2.1 7.0 350.0 
Mons 2007 11 29 333 2.3 7.4 1.6 0.1 1.0 3.6 8.6 350.0 
Mons 2007 11 30 334 3.7 10.0 2.8 0.0 10.7 3.9 9.5 350.0 
Mons 2007 12 1 335 7.7 10.6 4.6 0.5 1.6 6.2 9.8 350.0 
Mons 2007 12 2 336 5.4 11.8 0.8 0.4 8.4 8.0 10.5 350.0 
Mons 2007 12 3 337 5.3 9.9 4.8 0.2 2.1 5.4 9.0 350.0 
Mons 2007 12 4 338 5.0 11.0 2.0 0.2 0.0 3.5 10.1 350.0 
Mons 2007 12 5 339 9.4 12.1 1.6 1.1 1.3 7.7 11.2 350.0 
Mons 2007 12 6 340 8.0 13.6 0.4 0.6 18.5 8.4 12.0 350.0 
Mons 2007 12 7 341 6.6 12.3 3.1 1.0 2.9 8.3 10.0 350.0 
Mons 2007 12 8 342 2.3 10.2 1.0 0.5 4.7 5.4 8.6 350.0 
Mons 2007 12 9 343 6.4 8.5 2.9 0.4 4.2 6.9 9.3 350.0 
Mons 2007 12 10 344 5.9 7.6 0.8 0.4 1.0 5.2 9.0 350.0 
Mons 2007 12 11 345 2.1 7.0 3.7 0.0 0.0 4.0 7.6 350.0 
Mons 2007 12 12 346 -1.2 5.6 4.7 0.0 0.5 1.2 6.9 350.0 
Mons 2007 12 13 347 -0.2 4.6 3.7 0.0 0.0 3.3 6.9 350.0 
Mons 2007 12 14 348 0.0 2.0 1.1 0.2 0.0 3.6 6.0 350.0 
Mons 2007 12 15 349 0.0 2.5 4.8 0.0 0.0 3.3 5.2 350.0 
Mons 2007 12 16 350 -2.7 1.0 4.5 0.0 0.0 3.8 5.0 350.0 
Mons 2007 12 17 351 -3.7 -0.1 3.3 0.0 0.0 3.6 4.8 350.0 
Mons 2007 12 18 352 -4.3 1.0 4.6 0.0 0.0 2.9 4.8 350.0 
Mons 2007 12 19 353 -3.2 1.3 4.3 0.0 0.0 2.6 4.8 350.0 
Mons 2007 12 20 354 -4.4 2.6 4.7 0.0 0.5 1.9 4.9 350.0 
Mons 2007 12 21 355 -5.0 1.7 5.2 0.0 0.0 2.7 4.8 350.0 
Mons 2007 12 22 356 -4.9 2.9 4.9 0.0 0.0 2.1 5.0 350.0 
Mons 2007 12 23 357 -5.2 1.2 1.6 0.0 0.0 0.8 5.6 350.0 
Mons 2007 12 24 358 -3.0 4.2 5.3 0.0 0.0 2.3 6.0 350.0 
Mons 2007 12 25 359 -1.7 3.6 2.4 0.2 1.0 3.3 5.7 350.0 
Mons 2007 12 26 360 -0.4 3.1 1.2 0.0 0.0 1.9 6.9 350.0 
Mons 2007 12 27 361 1.2 5.7 1.2 0.0 0.0 2.5 7.8 350.0 
Mons 2007 12 28 362 3.9 6.8 3.3 0.0 0.0 4.5 8.8 350.0 
Mons 2007 12 29 363 3.2 9.4 2.4 0.2 4.2 5.7 8.8 350.0 
Mons 2007 12 30 364 2.2 8.3 4.2 0.0 0.0 2.1 8.3 350.0 
Mons 2007 12 31 365 3.1 6.4 1.6 0.0 0.0 0.7 8.3 350.0 
