Mons 2012 1 1 1 11.0 13.7 1.1 0.7 7.0 5.8 12.8 350.0 
Mons 2012 1 2 2 4.2 8.4 2.5 0.3 2.3 3.8 8.5 350.0 
Mons 2012 1 3 3 3.8 11.9 1.0 1.0 2.3 7.6 9.1 350.0 
Mons 2012 1 4 4 3.7 9.6 3.4 0.7 5.6 5.6 7.8 350.0 
Mons 2012 1 5 5 6.7 11.5 2.5 1.6 4.7 7.1 8.5 350.0 
Mons 2012 1 6 6 2.0 7.5 4.4 0.1 0.0 2.8 6.5 350.0 
Mons 2012 1 7 7 1.6 11.2 3.2 0.1 1.9 3.6 8.8 350.0 
Mons 2012 1 8 8 4.6 8.2 2.0 0.3 0.9 1.7 8.2 350.0 
Mons 2012 1 9 9 5.8 10.7 3.1 0.1 0.0 2.7 9.8 350.0 
Mons 2012 1 10 10 7.2 10.0 1.7 0.2 0.0 1.4 10.5 350.0 
Mons 2012 1 11 11 6.9 10.9 4.5 0.0 0.0 1.4 9.1 350.0 
Mons 2012 1 12 12 3.2 9.2 3.4 0.1 0.0 3.0 8.6 350.0 
Mons 2012 1 13 13 -0.5 7.0 4.9 0.0 0.0 1.0 6.8 350.0 
Mons 2012 1 14 14 -1.5 5.3 5.9 0.0 0.0 1.1 5.9 350.0 
Mons 2012 1 15 15 -1.1 5.1 5.8 0.0 0.0 2.5 5.2 350.0 
Mons 2012 1 16 16 -2.2 4.8 5.8 0.1 0.0 2.1 4.6 350.0 
Mons 2012 1 17 17 -3.1 3.1 5.3 0.0 0.0 1.6 4.6 350.0 
Mons 2012 1 18 18 -3.4 9.2 1.8 0.5 0.5 3.3 6.6 350.0 
Mons 2012 1 19 19 3.9 11.4 0.7 0.0 5.6 5.1 11.0 350.0 
Mons 2012 1 20 20 5.4 8.5 1.7 0.7 2.8 4.4 8.5 350.0 
Mons 2012 1 21 21 7.2 11.2 1.3 0.8 0.9 5.6 10.0 350.0 
Mons 2012 1 22 22 4.5 10.1 2.1 0.8 0.0 4.2 8.3 350.0 
Mons 2012 1 23 23 2.2 8.5 4.3 0.1 0.0 1.8 7.8 350.0 
Mons 2012 1 24 24 0.2 5.5 2.0 0.2 3.3 2.1 7.2 350.0 
Mons 2012 1 25 25 3.5 8.1 1.6 0.2 0.9 2.7 9.0 350.0 
Mons 2012 1 26 26 5.5 9.8 2.4 0.5 1.4 3.4 9.3 350.0 
Mons 2012 1 27 27 -0.6 8.1 6.9 0.0 1.4 1.9 7.0 350.0 
Mons 2012 1 28 28 2.0 3.5 1.3 0.1 0.5 1.4 7.0 350.0 
Mons 2012 1 29 29 -0.3 0.7 1.6 0.5 0.0 2.8 5.1 350.0 
Mons 2012 1 30 30 -1.9 -0.9 0.9 0.3 0.0 1.5 4.4 350.0 
Mons 2012 1 31 31 -1.7 1.1 2.8 0.6 0.0 2.4 4.5 350.0 
Mons 2012 2 1 32 -6.2 -2.4 7.3 0.7 0.0 5.1 2.9 350.0 
Mons 2012 2 2 33 -8.4 -2.6 8.3 1.1 0.0 5.8 2.1 350.0 
Mons 2012 2 3 34 -10.0 -3.1 5.6 0.5 0.0 2.7 2.5 350.0 
Mons 2012 2 4 35 -11.3 -3.7 9.7 0.1 0.0 1.8 2.5 350.0 
Mons 2012 2 5 36 -8.5 -3.5 4.6 0.7 0.0 3.1 2.4 350.0 
Mons 2012 2 6 37 -6.8 -0.4 6.4 0.5 0.0 1.4 2.5 350.0 
Mons 2012 2 7 38 -10.3 -4.4 8.7 0.5 0.0 3.8 2.2 350.0 
Mons 2012 2 8 39 -7.2 -1.3 7.9 0.6 0.0 3.8 3.0 350.0 
Mons 2012 2 9 40 -8.9 -1.5 8.4 0.2 0.0 2.1 3.3 350.0 
Mons 2012 2 10 41 -8.5 -0.1 10.4 0.3 0.0 2.9 3.2 350.0 
Mons 2012 2 11 42 -9.5 -1.3 10.2 0.6 0.0 3.1 2.4 350.0 
Mons 2012 2 12 43 -10.2 0.2 6.9 0.2 0.0 1.3 3.7 350.0 
Mons 2012 2 13 44 -1.5 4.3 3.2 0.2 2.7 1.7 6.7 350.0 
Mons 2012 2 14 45 2.0 6.0 4.5 0.5 2.0 3.6 7.3 350.0 
Mons 2012 2 15 46 2.6 8.1 3.8 0.7 2.0 4.3 7.9 350.0 
Mons 2012 2 16 47 3.7 6.4 2.8 0.5 0.0 2.0 8.0 350.0 
Mons 2012 2 17 48 0.8 8.0 2.7 0.1 0.7 2.6 8.7 350.0 
Mons 2012 2 18 49 5.9 9.4 3.6 0.7 2.7 4.4 9.4 350.0 
Mons 2012 2 19 50 0.4 5.8 9.8 0.7 0.0 2.0 5.4 350.0 
Mons 2012 2 20 51 -4.6 5.3 11.8 0.4 0.0 1.1 4.6 350.0 
Mons 2012 2 21 52 -1.5 5.4 4.5 0.6 0.0 1.6 5.5 350.0 
Mons 2012 2 22 53 -1.7 7.6 9.3 0.7 0.0 2.8 6.0 350.0 
Mons 2012 2 23 54 4.8 10.6 2.2 0.2 1.4 3.1 10.7 350.0 
Mons 2012 2 24 55 8.3 10.6 3.1 0.5 0.0 2.8 11.3 350.0 
Mons 2012 2 25 56 7.4 8.9 2.5 0.4 0.0 1.5 9.9 350.0 
Mons 2012 2 26 57 3.3 8.0 5.2 0.5 0.0 1.0 8.0 350.0 
Mons 2012 2 27 58 -0.6 9.3 5.8 0.3 0.0 2.2 8.5 350.0 
Mons 2012 2 28 59 6.9 9.7 2.1 0.2 0.0 2.4 11.0 350.0 
Mons 2012 2 29 60 7.2 10.1 2.6 0.3 0.0 0.8 11.1 350.0 
Mons 2012 3 1 61 6.1 14.0 10.2 0.9 0.6 2.0 11.0 350.0 
Mons 2012 3 2 62 6.6 10.1 2.1 0.2 0.0 1.8 11.0 350.0 
Mons 2012 3 3 63 7.1 11.7 5.0 0.7 0.0 2.6 11.0 350.0 
Mons 2012 3 4 64 5.9 10.5 3.9 0.6 9.1 3.8 10.4 350.0 
Mons 2012 3 5 65 2.1 3.5 1.6 0.0 20.6 7.3 7.6 350.0 
Mons 2012 3 6 66 2.4 5.8 5.2 0.6 0.0 1.3 7.3 350.0 
Mons 2012 3 7 67 -0.9 6.8 3.5 0.3 9.1 3.8 7.8 350.0 
Mons 2012 3 8 68 0.5 9.3 10.8 0.9 0.0 1.4 7.1 350.0 
Mons 2012 3 9 69 0.8 12.0 11.6 0.9 0.0 1.5 8.8 350.0 
Mons 2012 3 10 70 6.9 11.8 5.2 0.7 0.0 1.8 11.3 350.0 
Mons 2012 3 11 71 7.7 13.2 8.9 1.2 0.0 1.6 10.5 350.0 
Mons 2012 3 12 72 1.2 15.3 13.9 1.1 0.0 1.3 10.3 350.0 
Mons 2012 3 13 73 6.6 11.3 7.2 1.0 0.0 2.1 10.2 350.0 
Mons 2012 3 14 74 2.8 10.9 8.2 0.8 0.0 1.4 9.0 350.0 
Mons 2012 3 15 75 1.9 19.3 16.1 1.7 0.0 1.9 10.1 350.0 
Mons 2012 3 16 76 5.7 18.5 10.5 1.4 0.0 1.6 11.9 350.0 
Mons 2012 3 17 77 5.1 10.4 4.2 0.4 0.0 2.7 11.1 350.0 
Mons 2012 3 18 78 5.4 10.1 6.7 0.9 0.6 2.0 9.8 350.0 
Mons 2012 3 19 79 3.3 11.4 14.2 1.5 0.0 1.7 7.8 350.0 
Mons 2012 3 20 80 -0.8 13.0 12.8 1.2 0.0 1.0 7.6 350.0 
Mons 2012 3 21 81 3.5 16.3 17.0 2.3 0.0 2.3 7.5 350.0 
Mons 2012 3 22 82 5.3 19.2 15.9 2.7 0.0 2.4 7.7 350.0 
Mons 2012 3 23 83 5.4 20.0 17.1 2.2 0.0 1.0 8.2 350.0 
Mons 2012 3 24 84 7.4 19.7 16.8 2.5 0.0 1.9 10.2 350.0 
Mons 2012 3 25 85 6.6 18.0 17.0 2.3 0.0 2.4 10.7 350.0 
Mons 2012 3 26 86 5.6 19.5 18.9 3.2 0.0 3.0 7.9 350.0 
Mons 2012 3 27 87 5.5 19.5 18.6 3.1 0.0 3.0 8.4 350.0 
Mons 2012 3 28 88 6.5 19.4 18.2 2.7 0.0 2.0 9.5 350.0 
Mons 2012 3 29 89 3.8 19.2 18.5 2.6 0.0 1.8 8.3 350.0 
Mons 2012 3 30 90 3.9 14.3 17.3 2.0 0.0 1.9 9.0 350.0 
Mons 2012 3 31 91 7.4 11.0 4.3 1.4 0.0 2.1 8.2 350.0 
Mons 2012 4 1 92 0.0 11.4 19.0 2.1 0.0 1.6 6.0 350.0 
Mons 2012 4 2 93 1.1 15.2 19.4 2.3 0.0 1.5 6.8 350.0 
Mons 2012 4 3 94 3.1 16.7 18.0 2.4 0.0 1.3 7.6 350.0 
Mons 2012 4 4 95 1.2 13.1 11.5 1.5 0.0 1.5 8.0 350.0 
Mons 2012 4 5 96 5.2 8.6 5.0 1.2 0.0 3.0 8.4 350.0 
Mons 2012 4 6 97 2.3 12.0 19.6 2.4 0.0 1.8 6.4 350.0 
Mons 2012 4 7 98 4.7 11.5 9.9 2.0 2.2 2.3 7.1 350.0 
Mons 2012 4 8 99 -0.6 9.3 11.8 1.4 0.5 2.2 7.0 350.0 
Mons 2012 4 9 100 6.5 11.1 5.6 1.1 10.8 4.3 10.6 350.0 
Mons 2012 4 10 101 7.9 9.7 4.7 1.1 17.2 2.8 9.7 350.0 
Mons 2012 4 11 102 3.0 12.7 14.1 1.9 0.5 2.3 8.6 350.0 
Mons 2012 4 12 103 0.0 12.4 12.6 1.5 2.2 1.0 8.1 350.0 
Mons 2012 4 13 104 -0.6 13.4 17.5 1.9 0.0 1.0 8.0 350.0 
Mons 2012 4 14 105 3.4 12.8 18.3 2.4 0.0 2.2 8.0 350.0 
Mons 2012 4 15 106 3.5 9.8 12.5 2.4 0.0 3.5 6.6 350.0 
Mons 2012 4 16 107 1.2 10.5 16.6 2.4 0.0 2.2 5.7 350.0 
Mons 2012 4 17 108 -1.3 8.7 7.3 1.2 4.3 3.5 7.1 350.0 
Mons 2012 4 18 109 4.1 11.2 10.7 1.9 2.7 4.2 8.8 350.0 
Mons 2012 4 19 110 4.5 13.7 15.2 2.7 0.0 3.3 8.2 350.0 
Mons 2012 4 20 111 3.8 11.7 12.1 1.8 5.4 2.4 8.8 350.0 
Mons 2012 4 21 112 5.1 12.6 16.7 2.7 0.5 3.1 8.3 350.0 
Mons 2012 4 22 113 3.7 12.1 15.8 2.3 2.7 2.7 8.5 350.0 
Mons 2012 4 23 114 3.3 10.4 10.9 1.7 6.5 3.6 8.6 350.0 
Mons 2012 4 24 115 5.5 11.8 10.9 1.8 3.2 2.1 9.0 350.0 
Mons 2012 4 25 116 2.5 12.2 6.9 1.3 2.2 4.9 9.4 350.0 
Mons 2012 4 26 117 8.4 15.3 12.5 2.8 9.2 4.2 10.5 350.0 
Mons 2012 4 27 118 9.5 14.5 13.2 2.5 4.9 2.5 10.7 350.0 
Mons 2012 4 28 119 9.8 16.0 3.5 0.9 2.7 2.4 13.1 350.0 
Mons 2012 4 29 120 12.5 17.5 13.3 3.3 1.6 3.6 12.0 350.0 
Mons 2012 4 30 121 7.3 18.8 14.5 2.6 3.8 2.0 11.6 350.0 
Mons 2012 5 1 122 9.4 18.2 19.7 3.1 0.5 1.5 12.3 350.0 
Mons 2012 5 2 123 8.8 12.0 4.7 0.9 7.2 1.7 11.4 350.0 
Mons 2012 5 3 124 9.3 15.4 7.8 1.7 0.5 1.5 11.9 350.0 
Mons 2012 5 4 125 4.4 15.6 14.7 1.9 6.2 1.2 11.9 350.0 
Mons 2012 5 5 126 7.5 10.0 5.0 1.0 0.5 2.5 10.2 350.0 
Mons 2012 5 6 127 6.9 10.2 4.9 1.0 0.5 1.6 9.7 350.0 
Mons 2012 5 7 128 3.0 16.7 20.1 2.7 0.0 1.5 10.1 350.0 
Mons 2012 5 8 129 9.7 19.1 11.9 2.4 1.0 2.3 13.4 350.0 
Mons 2012 5 9 130 13.5 20.3 13.4 2.8 3.8 2.4 15.9 350.0 
Mons 2012 5 10 131 13.8 24.9 12.1 3.1 0.0 2.8 17.5 350.0 
Mons 2012 5 11 132 11.9 17.2 12.1 2.5 0.0 1.9 13.1 350.0 
Mons 2012 5 12 133 6.8 15.0 19.8 3.3 0.0 1.9 8.7 350.0 
Mons 2012 5 13 134 1.6 14.5 27.8 3.5 0.0 1.2 7.7 350.0 
Mons 2012 5 14 135 1.6 18.1 27.8 3.8 0.5 1.7 8.8 350.0 
Mons 2012 5 15 136 5.4 12.1 13.4 2.3 7.2 2.4 8.9 350.0 
Mons 2012 5 16 137 3.1 14.0 25.1 3.5 0.5 1.6 7.3 350.0 
Mons 2012 5 17 138 1.7 15.2 19.5 3.0 0.0 2.4 8.2 350.0 
Mons 2012 5 18 139 8.5 16.3 10.6 2.3 0.0 2.4 11.3 350.0 
Mons 2012 5 19 140 8.2 20.0 23.4 3.8 1.9 1.4 11.8 350.0 
Mons 2012 5 20 141 10.2 22.2 15.5 3.1 0.5 2.0 14.4 350.0 
Mons 2012 5 21 142 10.2 12.5 4.7 0.8 1.4 3.2 12.9 350.0 
Mons 2012 5 22 143 10.5 18.8 7.0 1.8 0.0 2.8 14.5 350.0 
Mons 2012 5 23 144 9.8 24.6 19.9 3.5 0.0 1.0 16.7 350.0 
Mons 2012 5 24 145 12.6 27.2 25.6 4.8 0.0 1.6 18.5 350.0 
Mons 2012 5 25 146 15.7 26.1 29.0 6.1 0.0 2.4 14.3 350.0 
Mons 2012 5 26 147 10.8 25.8 29.5 5.7 0.0 2.0 11.7 350.0 
Mons 2012 5 27 148 13.1 26.8 29.0 5.7 0.0 1.6 12.8 350.0 
Mons 2012 5 28 149 10.9 26.3 23.9 4.6 0.0 1.4 14.7 350.0 
Mons 2012 5 29 150 9.2 24.9 28.1 4.8 0.5 1.4 14.8 350.0 
Mons 2012 5 30 151 11.1 23.5 23.1 4.1 0.0 0.9 14.9 350.0 
Mons 2012 5 31 152 12.0 20.9 19.2 3.8 0.0 2.3 13.7 350.0 
Mons 2012 6 1 153 13.2 21.2 13.0 2.8 0.0 1.1 14.9 350.0 
Mons 2012 6 2 154 12.3 22.5 20.7 4.0 1.4 1.9 14.8 350.0 
Mons 2012 6 3 155 14.3 18.3 12.4 2.9 0.5 2.8 14.4 350.0 
Mons 2012 6 4 156 9.1 13.3 6.0 1.5 0.5 2.5 11.3 350.0 
Mons 2012 6 5 157 1.5 16.4 22.0 3.0 14.4 1.6 9.7 350.0 
Mons 2012 6 6 158 11.4 19.1 13.6 2.8 4.3 2.6 14.3 350.0 
Mons 2012 6 7 159 12.5 20.8 12.7 2.8 12.0 2.3 15.7 350.0 
Mons 2012 6 8 160 12.2 18.9 21.1 4.5 3.4 3.6 12.0 350.0 
Mons 2012 6 9 161 7.7 17.2 20.9 3.7 0.0 2.8 10.6 350.0 
Mons 2012 6 10 162 7.3 18.4 13.6 2.3 10.5 1.3 13.3 350.0 
Mons 2012 6 11 163 12.6 17.7 10.5 2.3 2.9 1.9 14.1 350.0 
Mons 2012 6 12 164 7.1 16.9 8.3 1.5 16.3 1.4 13.1 350.0 
Mons 2012 6 13 165 9.5 15.3 10.7 2.1 0.5 1.4 11.5 350.0 
Mons 2012 6 14 166 6.5 19.5 25.4 4.0 12.0 1.8 12.0 350.0 
Mons 2012 6 15 167 13.2 20.0 10.5 2.5 8.6 2.3 15.6 350.0 
Mons 2012 6 16 168 14.2 18.8 13.3 3.1 0.0 2.8 14.6 350.0 
Mons 2012 6 17 169 9.9 21.0 22.9 4.1 13.4 1.9 13.0 350.0 
Mons 2012 6 18 170 12.5 18.9 14.1 2.9 0.5 1.7 13.7 350.0 
Mons 2012 6 19 171 7.3 19.0 16.5 2.7 0.0 0.8 12.8 350.0 
Mons 2012 6 20 172 11.1 23.2 25.8 4.5 1.0 1.3 15.1 350.0 
Mons 2012 6 21 173 14.7 23.2 11.5 2.9 6.2 2.5 17.5 350.0 
Mons 2012 6 22 174 11.3 19.9 20.2 4.3 0.0 3.2 12.4 350.0 
Mons 2012 6 23 175 11.0 19.8 22.1 4.0 0.0 1.7 12.5 350.0 
Mons 2012 6 24 176 9.6 15.3 6.5 1.3 12.9 2.2 13.5 350.0 
Mons 2012 6 25 177 9.5 21.4 21.2 3.8 0.0 1.6 13.6 350.0 
Mons 2012 6 26 178 10.8 20.3 14.4 2.5 0.5 0.9 16.0 350.0 
Mons 2012 6 27 179 15.8 24.8 13.9 2.9 0.0 1.2 20.5 350.0 
Mons 2012 6 28 180 18.0 28.7 17.5 4.2 3.4 2.0 22.2 350.0 
Mons 2012 6 29 181 15.0 21.3 14.4 3.2 0.5 1.8 16.0 350.0 
Mons 2012 6 30 182 11.7 23.4 22.7 4.2 0.5 1.7 15.5 350.0 
Mons 2012 7 1 183 12.1 19.4 25.0 4.6 0.0 2.2 12.5 350.0 
Mons 2012 7 2 184 8.8 23.4 26.9 4.6 0.0 1.4 13.4 350.0 
Mons 2012 7 3 185 12.1 22.0 14.8 2.8 0.0 1.2 16.9 350.0 
Mons 2012 7 4 186 15.7 27.2 18.9 4.2 12.2 1.5 18.8 350.0 
Mons 2012 7 5 187 15.1 24.3 16.2 3.3 4.8 1.0 18.8 350.0 
Mons 2012 7 6 188 13.8 22.4 20.4 4.0 5.9 2.0 15.9 350.0 
Mons 2012 7 7 189 12.7 22.3 18.8 3.6 10.1 2.2 16.7 350.0 
Mons 2012 7 8 190 15.3 18.8 12.3 2.8 2.1 2.7 16.0 350.0 
Mons 2012 7 9 191 9.8 20.3 13.9 2.5 0.5 1.1 15.2 350.0 
Mons 2012 7 10 192 11.7 19.5 10.1 2.2 2.7 1.2 14.5 350.0 
Mons 2012 7 11 193 11.9 17.8 14.4 2.9 20.8 2.4 13.7 350.0 
Mons 2012 7 12 194 10.5 19.7 16.9 3.2 17.6 2.3 13.7 350.0 
Mons 2012 7 13 195 12.4 18.1 12.1 2.4 12.2 2.2 15.1 350.0 
Mons 2012 7 14 196 12.4 20.4 18.1 3.7 3.7 2.9 14.3 350.0 
Mons 2012 7 15 197 11.8 18.4 13.4 2.9 8.5 2.2 13.0 350.0 
Mons 2012 7 16 198 8.2 19.6 15.2 2.9 0.0 2.8 13.1 350.0 
Mons 2012 7 17 199 14.6 23.1 16.9 3.8 0.0 2.4 15.7 350.0 
Mons 2012 7 18 200 12.1 23.7 20.2 3.9 0.0 2.0 15.9 350.0 
Mons 2012 7 19 201 14.1 21.5 16.2 3.9 0.0 2.6 13.4 350.0 
Mons 2012 7 20 202 8.4 21.4 18.9 3.3 0.0 1.4 12.9 350.0 
Mons 2012 7 21 203 11.1 21.1 18.8 3.5 0.5 1.3 12.8 350.0 
Mons 2012 7 22 204 8.8 24.1 28.0 4.7 0.0 0.9 11.2 350.0 
Mons 2012 7 23 205 10.1 26.6 28.1 5.0 0.0 1.2 12.4 350.0 
Mons 2012 7 24 206 11.8 29.3 27.9 5.3 0.0 1.1 13.7 350.0 
Mons 2012 7 25 207 13.7 30.5 27.0 5.4 0.0 1.1 14.0 350.0 
Mons 2012 7 26 208 14.1 30.0 26.8 5.5 0.0 1.5 16.1 350.0 
Mons 2012 7 27 209 16.7 29.3 16.7 4.1 2.7 1.9 19.6 350.0 
Mons 2012 7 28 210 18.0 23.9 13.2 3.4 0.0 1.8 17.6 350.0 
Mons 2012 7 29 211 9.6 21.0 20.8 4.1 2.7 3.0 11.9 350.0 
Mons 2012 7 30 212 9.5 20.7 21.9 4.1 0.0 2.5 11.7 350.0 
Mons 2012 7 31 213 11.0 23.5 14.2 3.4 0.0 2.5 13.7 350.0 
Mons 2012 8 1 214 12.2 28.8 18.1 4.1 0.0 2.2 16.8 350.0 
Mons 2012 8 2 215 14.3 24.3 20.0 4.5 0.0 2.5 14.4 350.0 
Mons 2012 8 3 216 12.0 23.5 18.9 3.9 5.0 2.6 14.8 350.0 
Mons 2012 8 4 217 12.3 24.0 19.3 4.0 0.9 2.6 15.0 350.0 
Mons 2012 8 5 218 11.9 23.6 16.8 3.4 0.9 2.4 15.6 350.0 
Mons 2012 8 6 219 13.4 21.7 15.4 3.7 0.5 3.8 14.5 350.0 
Mons 2012 8 7 220 11.6 21.0 17.2 3.5 0.0 2.3 12.8 350.0 
Mons 2012 8 8 221 11.2 24.0 14.9 3.0 0.0 1.5 15.0 350.0 
Mons 2012 8 9 222 14.8 25.2 21.5 4.4 0.0 1.8 14.9 350.0 
Mons 2012 8 10 223 11.8 24.6 25.5 4.9 0.0 2.3 12.0 350.0 
Mons 2012 8 11 224 11.4 25.7 25.2 5.0 0.0 2.6 12.5 350.0 
Mons 2012 8 12 225 13.2 27.7 23.3 4.9 0.0 2.4 15.4 350.0 
Mons 2012 8 13 226 13.0 26.5 16.6 3.6 0.0 1.8 15.8 350.0 
Mons 2012 8 14 227 13.3 24.6 13.0 2.9 0.0 1.7 16.4 350.0 
Mons 2012 8 15 228 17.4 29.5 15.6 5.2 0.0 3.9 16.4 350.0 
Mons 2012 8 16 229 10.5 26.0 18.5 3.9 0.0 2.4 13.6 350.0 
Mons 2012 8 17 230 16.3 31.1 22.7 6.0 0.0 3.2 14.2 350.0 
Mons 2012 8 18 231 18.3 35.9 23.2 6.5 0.0 3.0 16.9 350.0 
Mons 2012 8 19 232 16.1 35.3 19.9 5.1 0.0 2.1 19.4 350.0 
Mons 2012 8 20 233 14.6 26.9 13.0 2.9 0.9 1.5 18.4 350.0 
Mons 2012 8 21 234 16.3 28.5 19.7 4.5 0.0 2.2 16.7 350.0 
Mons 2012 8 22 235 13.3 23.2 19.8 4.1 0.0 2.4 13.0 350.0 
Mons 2012 8 23 236 7.3 24.5 21.9 3.5 0.5 1.2 12.3 350.0 
Mons 2012 8 24 237 13.5 23.7 13.1 3.1 2.3 2.4 15.2 350.0 
Mons 2012 8 25 238 14.5 23.9 18.8 5.5 2.3 6.4 14.2 350.0 
Mons 2012 8 26 239 14.5 21.2 17.9 4.1 0.0 3.9 13.5 350.0 
Mons 2012 8 27 240 10.2 26.0 21.2 4.4 0.0 3.0 12.1 350.0 
Mons 2012 8 28 241 15.5 24.4 14.6 3.8 0.0 2.5 13.7 350.0 
Mons 2012 8 29 242 9.7 26.4 19.8 4.2 0.0 3.1 12.7 350.0 
Mons 2012 8 30 243 10.8 22.8 15.1 3.6 0.5 3.8 12.9 350.0 
Mons 2012 8 31 244 11.2 18.3 17.5 4.2 0.0 4.7 10.0 350.0 
Mons 2012 9 1 245 4.5 20.9 21.6 3.0 0.0 1.1 8.9 350.0 
Mons 2012 9 2 246 9.2 22.6 13.1 2.5 0.0 1.8 13.5 350.0 
Mons 2012 9 3 247 15.2 22.1 8.4 2.1 0.5 1.5 16.2 350.0 
Mons 2012 9 4 248 11.9 25.3 18.9 3.5 0.0 1.9 14.4 350.0 
Mons 2012 9 5 249 14.1 22.0 11.2 2.7 0.0 2.3 14.6 350.0 
Mons 2012 9 6 250 9.2 20.9 20.4 3.2 0.0 1.8 10.5 350.0 
Mons 2012 9 7 251 5.1 25.5 20.2 3.0 0.0 1.0 10.0 350.0 
Mons 2012 9 8 252 6.2 28.4 19.9 3.0 0.0 0.6 8.9 350.0 
Mons 2012 9 9 253 9.7 30.0 19.5 3.9 0.5 1.9 10.8 350.0 
Mons 2012 9 10 254 11.8 26.3 16.5 3.3 0.0 2.4 15.4 350.0 
Mons 2012 9 11 255 14.7 18.3 5.3 1.9 3.4 2.7 14.3 350.0 
Mons 2012 9 12 256 9.8 18.0 12.6 2.6 4.9 3.0 10.8 350.0 
Mons 2012 9 13 257 10.2 17.8 10.6 2.1 0.0 2.4 11.9 350.0 
Mons 2012 9 14 258 7.0 17.6 5.2 1.1 0.0 3.8 13.3 350.0 
Mons 2012 9 15 259 11.1 20.9 16.7 2.5 0.0 1.1 11.9 350.0 
Mons 2012 9 16 260 6.8 23.2 17.3 2.5 0.0 1.7 12.3 350.0 
Mons 2012 9 17 261 7.9 18.8 7.3 1.2 0.0 1.4 14.0 350.0 
Mons 2012 9 18 262 11.1 17.6 8.1 1.9 0.5 2.1 12.1 350.0 
Mons 2012 9 19 263 5.1 16.6 15.5 2.2 0.0 1.8 8.1 350.0 
Mons 2012 9 20 264 2.7 17.2 11.9 1.8 0.0 1.4 7.9 350.0 
Mons 2012 9 21 265 5.8 18.2 8.9 1.7 0.0 1.4 9.4 350.0 
Mons 2012 9 22 266 5.7 17.7 14.2 2.1 0.0 2.0 9.0 350.0 
Mons 2012 9 23 267 10.5 19.2 8.4 2.5 5.4 3.8 11.7 350.0 
Mons 2012 9 24 268 13.5 18.4 7.0 2.4 2.9 6.6 14.8 350.0 
Mons 2012 9 25 269 11.3 16.1 9.1 2.3 0.0 5.5 12.3 350.0 
Mons 2012 9 26 270 11.6 16.0 8.0 2.1 0.5 5.1 12.5 350.0 
Mons 2012 9 27 271 11.7 17.5 10.4 2.0 0.5 2.9 12.5 350.0 
Mons 2012 9 28 272 7.6 17.9 13.2 2.0 0.0 2.8 10.7 350.0 
Mons 2012 9 29 273 8.5 17.8 12.8 1.9 0.0 1.9 10.5 350.0 
Mons 2012 9 30 274 1.1 17.6 14.8 1.4 0.0 1.1 8.7 350.0 
Mons 2012 10 1 275 3.6 20.3 12.7 2.0 2.1 3.2 10.1 350.0 
Mons 2012 10 2 276 12.1 17.8 9.0 1.9 1.6 3.4 13.1 350.0 
Mons 2012 10 3 277 12.0 16.1 3.6 1.4 14.3 5.0 13.7 350.0 
Mons 2012 10 4 278 9.7 16.0 9.4 1.6 3.2 3.6 11.9 350.0 
Mons 2012 10 5 279 8.4 19.7 4.2 0.8 0.0 5.5 15.5 350.0 
Mons 2012 10 6 280 11.2 15.0 1.9 0.5 18.6 3.5 13.9 350.0 
Mons 2012 10 7 281 6.4 14.7 11.9 1.2 0.5 1.6 10.2 350.0 
Mons 2012 10 8 282 7.2 14.1 3.5 0.7 4.8 2.7 12.0 350.0 
Mons 2012 10 9 283 10.9 14.6 9.9 1.2 0.5 2.1 12.1 350.0 
Mons 2012 10 10 284 9.5 14.5 11.3 1.5 0.0 2.2 9.9 350.0 
Mons 2012 10 11 285 7.8 15.4 5.5 0.6 5.3 3.5 13.6 350.0 
Mons 2012 10 12 286 9.8 14.5 9.5 1.7 0.5 4.4 11.1 350.0 
Mons 2012 10 13 287 7.0 10.7 3.1 0.8 5.3 3.8 10.2 350.0 
Mons 2012 10 14 288 2.8 9.0 4.9 0.4 3.7 1.4 9.0 350.0 
Mons 2012 10 15 289 3.9 13.2 10.0 0.9 1.1 3.6 9.6 350.0 
Mons 2012 10 16 290 7.8 14.4 7.6 1.3 2.1 4.2 10.8 350.0 
Mons 2012 10 17 291 6.6 14.6 2.4 0.2 4.2 4.2 13.1 350.0 
Mons 2012 10 18 292 12.8 19.1 3.8 1.0 0.5 2.5 15.4 350.0 
Mons 2012 10 19 293 13.6 18.2 3.2 1.0 2.1 2.3 15.4 350.0 
Mons 2012 10 20 294 13.3 14.4 2.2 0.4 2.7 1.7 15.2 350.0 
Mons 2012 10 21 295 12.6 21.6 8.4 1.1 0.0 2.2 16.7 350.0 
Mons 2012 10 22 296 14.6 23.5 9.3 1.2 0.0 1.2 16.6 350.0 
Mons 2012 10 23 297 11.0 20.2 7.6 0.8 0.5 0.8 14.4 350.0 
Mons 2012 10 24 298 8.4 13.3 5.9 0.6 0.0 1.6 11.4 350.0 
Mons 2012 10 25 299 8.0 14.2 7.7 0.5 0.0 2.8 12.3 350.0 
Mons 2012 10 26 300 4.7 8.5 2.0 0.7 0.0 4.2 8.5 350.0 
Mons 2012 10 27 301 0.7 7.2 8.2 0.7 0.0 3.1 6.1 350.0 
Mons 2012 10 28 302 -1.1 10.1 9.3 0.4 2.7 1.6 6.6 350.0 
Mons 2012 10 29 303 4.5 9.1 3.7 0.5 2.7 3.7 9.1 350.0 
Mons 2012 10 30 304 6.5 12.1 5.0 0.6 0.5 2.4 10.0 350.0 
Mons 2012 10 31 305 4.7 11.5 8.7 0.6 0.0 2.9 8.6 350.0 
Mons 2012 11 1 306 5.0 11.2 4.0 0.7 5.0 5.3 9.4 350.0 
Mons 2012 11 2 307 3.8 8.8 2.6 0.7 7.8 4.5 8.4 350.0 
Mons 2012 11 3 308 4.8 11.3 5.6 0.5 2.2 3.0 9.2 350.0 
Mons 2012 11 4 309 3.6 11.3 4.2 0.7 2.8 4.3 8.8 350.0 
Mons 2012 11 5 310 4.5 9.6 3.8 0.5 0.0 2.2 8.7 350.0 
Mons 2012 11 6 311 1.2 10.0 6.2 0.2 0.0 2.0 7.9 350.0 
Mons 2012 11 7 312 6.5 12.3 3.0 0.6 0.0 3.2 10.3 350.0 
Mons 2012 11 8 313 7.9 10.2 3.2 0.7 0.0 2.9 9.4 350.0 
Mons 2012 11 9 314 5.9 10.6 5.2 0.3 6.1 2.6 9.6 350.0 
Mons 2012 11 10 315 7.5 12.3 3.0 0.3 5.6 3.6 11.7 350.0 
Mons 2012 11 11 316 2.0 7.1 1.6 0.1 0.0 1.6 8.4 350.0 
Mons 2012 11 12 317 1.0 7.8 2.8 0.0 1.7 2.9 8.7 350.0 
Mons 2012 11 13 318 6.2 8.4 2.1 0.2 0.0 2.4 10.1 350.0 
Mons 2012 11 14 319 2.7 6.6 3.4 0.1 0.6 2.4 8.0 350.0 
Mons 2012 11 15 320 4.0 5.4 1.2 0.2 0.0 1.6 7.6 350.0 
Mons 2012 11 16 321 2.1 4.8 2.4 0.3 0.0 2.5 7.1 350.0 
Mons 2012 11 17 322 0.8 8.6 1.6 0.0 7.8 2.5 9.7 350.0 
Mons 2012 11 18 323 5.3 9.1 2.5 0.1 3.3 1.5 9.9 350.0 
Mons 2012 11 19 324 3.6 10.5 1.8 0.0 0.0 2.0 10.6 350.0 
Mons 2012 11 20 325 7.1 11.8 5.2 0.1 0.6 3.5 10.6 350.0 
Mons 2012 11 21 326 3.7 10.3 1.5 0.5 1.7 4.6 9.1 350.0 
Mons 2012 11 22 327 2.4 8.7 4.2 0.0 0.6 3.8 8.8 350.0 
Mons 2012 11 23 328 5.3 8.4 1.0 0.0 10.0 2.9 10.0 350.0 
Mons 2012 11 24 329 7.7 13.5 1.7 0.7 0.0 2.9 10.8 350.0 
Mons 2012 11 25 330 7.4 10.8 5.4 0.6 0.6 6.2 9.3 350.0 
Mons 2012 11 26 331 4.7 11.8 2.8 0.6 0.0 4.3 9.1 350.0 
Mons 2012 11 27 332 6.1 8.7 2.1 0.4 0.0 2.4 9.0 350.0 
Mons 2012 11 28 333 3.3 7.7 2.6 0.1 0.0 2.5 8.5 350.0 
Mons 2012 11 29 334 3.5 6.8 3.3 0.3 0.6 3.1 7.4 350.0 
Mons 2012 11 30 335 -0.2 3.8 2.0 0.0 0.6 1.4 6.8 350.0 
Mons 2012 12 1 336 1.1 3.3 1.9 0.1 1.7 2.1 6.9 350.0 
Mons 2012 12 2 337 -0.5 4.6 5.7 0.0 1.1 1.5 5.6 350.0 
Mons 2012 12 3 338 -2.7 10.2 1.4 0.1 9.1 3.8 8.1 350.0 
Mons 2012 12 4 339 1.6 6.6 3.2 0.0 0.0 3.2 7.5 350.0 
Mons 2012 12 5 340 -0.6 3.2 1.3 0.1 1.7 2.5 6.6 350.0 
Mons 2012 12 6 341 -0.5 2.7 4.3 0.0 1.7 2.7 5.7 350.0 
Mons 2012 12 7 342 0.1 2.6 2.0 0.1 3.4 4.6 6.4 350.0 
Mons 2012 12 8 343 -1.4 1.6 1.9 0.1 0.0 1.5 5.7 350.0 
Mons 2012 12 9 344 -2.1 6.8 0.9 0.0 1.7 4.0 7.3 350.0 
Mons 2012 12 10 345 2.1 5.5 2.9 0.2 0.0 2.8 6.7 350.0 
Mons 2012 12 11 346 -1.4 2.6 4.8 0.0 0.0 1.3 5.3 350.0 
Mons 2012 12 12 347 -5.3 0.6 5.8 0.0 0.0 1.6 4.5 350.0 
Mons 2012 12 13 348 -4.2 2.8 1.8 0.2 0.0 3.3 5.3 350.0 
Mons 2012 12 14 349 0.8 10.5 0.6 0.0 7.4 5.7 9.2 350.0 
Mons 2012 12 15 350 5.9 10.2 3.2 0.3 2.8 5.5 9.5 350.0 
Mons 2012 12 16 351 6.4 9.5 3.1 0.3 2.3 4.8 9.2 350.0 
Mons 2012 12 17 352 5.7 9.0 2.3 0.3 4.5 4.0 9.0 350.0 
Mons 2012 12 18 353 1.4 7.2 1.6 0.0 1.1 1.4 8.4 350.0 
Mons 2012 12 19 354 3.8 7.2 2.8 0.0 4.0 2.6 8.6 350.0 
Mons 2012 12 20 355 3.9 8.2 0.6 0.1 7.9 4.7 8.9 350.0 
Mons 2012 12 21 356 6.3 9.1 1.9 0.1 0.0 3.0 9.9 350.0 
Mons 2012 12 22 357 4.1 13.0 0.4 0.1 21.5 4.5 10.8 350.0 
Mons 2012 12 23 358 10.0 13.6 0.7 0.4 6.8 5.6 12.8 350.0 
Mons 2012 12 24 359 9.6 11.7 1.9 0.6 3.4 5.0 11.3 350.0 
Mons 2012 12 25 360 8.6 11.5 3.2 0.8 1.1 6.2 10.0 350.0 
Mons 2012 12 26 361 6.3 9.8 1.9 0.5 6.2 6.4 9.7 350.0 
Mons 2012 12 27 362 7.2 10.0 1.6 0.7 6.8 4.9 9.4 350.0 
Mons 2012 12 28 363 5.5 10.8 0.8 0.1 2.8 4.0 10.4 350.0 
Mons 2012 12 29 364 8.2 12.3 3.3 0.6 0.0 5.7 10.3 350.0 
Mons 2012 12 30 365 5.5 8.5 2.3 0.7 0.6 6.3 8.5 350.0 
Mons 2012 12 31 366 6.9 9.9 1.1 0.7 7.4 6.7 9.7 350.0 
