statio5 1995  1  1   1     5.3   10.4    6.0    1.1    0.0 -999.9 -999.9  330.0
statio5 1995  1  2   2    -2.9    4.0    5.8    1.0    0.5 -999.9 -999.9  330.0
statio5 1995  1  3   3     0.7    5.7    7.1    1.4    0.0 -999.9 -999.9  330.0
statio5 1995  1  4   4    -0.8    2.8    7.0    1.3    0.0 -999.9 -999.9  330.0
statio5 1995  1  5   5    -4.1    3.1    6.8    0.6    0.0 -999.9 -999.9  330.0
statio5 1995  1  6   6    -4.2    2.6    1.2    0.3    3.5 -999.9 -999.9  330.0
statio5 1995  1  7   7    -0.7    5.6    7.1    0.9    1.0 -999.9 -999.9  330.0
statio5 1995  1  8   8     2.5    5.1    6.7    1.5    0.0 -999.9 -999.9  330.0
statio5 1995  1  9   9    -1.3    8.6    5.8    0.9    0.0 -999.9 -999.9  330.0
statio5 1995  1 10  10     4.9   13.1    7.3    1.3    0.0 -999.9 -999.9  330.0
statio5 1995  1 11  11     2.0   17.4    7.1    1.1    0.0 -999.9 -999.9  330.0
statio5 1995  1 12  12     1.1    6.6    7.3    1.4    1.0 -999.9 -999.9  330.0
statio5 1995  1 13  13     0.9    4.5    7.6    2.1    0.0 -999.9 -999.9  330.0
statio5 1995  1 14  14     0.9    5.9    7.8    2.2    0.0 -999.9 -999.9  330.0
statio5 1995  1 15  15     3.1    8.6    7.9    1.3    0.0 -999.9 -999.9  330.0
statio5 1995  1 16  16    -4.5   12.5    7.1    0.3    0.0 -999.9 -999.9  330.0
statio5 1995  1 17  17     1.1   10.2    1.5    0.8    3.0 -999.9 -999.9  330.0
statio5 1995  1 18  18     7.1    9.2    0.4    0.4   41.0 -999.9 -999.9  330.0
statio5 1995  1 19  19    -1.1   11.2    6.8    0.2    0.5 -999.9 -999.9  330.0
statio5 1995  1 20  20     4.4   11.3    0.6    0.3    1.0 -999.9 -999.9  330.0
statio5 1995  1 21  21    -0.9   13.6    7.9    0.2    0.5 -999.9 -999.9  330.0
statio5 1995  1 22  22     3.9   11.1    3.8    0.5    0.0 -999.9 -999.9  330.0
statio5 1995  1 23  23     3.3   15.0    4.3    0.4    0.0 -999.9 -999.9  330.0
statio5 1995  1 24  24     3.3   12.5    7.1    0.6    0.0 -999.9 -999.9  330.0
statio5 1995  1 25  25     6.2   18.6    7.1    0.7    0.0 -999.9 -999.9  330.0
statio5 1995  1 26  26     4.7   15.0    4.5    0.7    0.0 -999.9 -999.9  330.0
statio5 1995  1 27  27     2.5   10.8    8.8    0.8    0.0 -999.9 -999.9  330.0
statio5 1995  1 28  28     3.5   13.9    4.1    0.9    0.0 -999.9 -999.9  330.0
statio5 1995  1 29  29     4.9   15.7    6.1    0.7    0.0 -999.9 -999.9  330.0
statio5 1995  1 30  30     8.2   15.1    5.9    1.0    0.0 -999.9 -999.9  330.0
statio5 1995  1 31  31     5.8   12.1    9.5    1.6    0.0 -999.9 -999.9  330.0
statio5 1995  2  1  32    -1.3   16.7    8.9    0.6    0.5 -999.9 -999.9  330.0
statio5 1995  2  2  33     1.2   11.1    2.9    0.6    2.5 -999.9 -999.9  330.0
statio5 1995  2  3  34     0.6   13.1    8.3    0.5    0.0 -999.9 -999.9  330.0
statio5 1995  2  4  35     1.6   16.7    8.6    1.3    0.0 -999.9 -999.9  330.0
statio5 1995  2  5  36     9.8   16.7    9.4    2.4    0.0 -999.9 -999.9  330.0
statio5 1995  2  6  37    10.7   16.7    9.7    2.3    0.0 -999.9 -999.9  330.0
statio5 1995  2  7  38     2.8   15.2    9.1    0.6    0.0 -999.9 -999.9  330.0
statio5 1995  2  8  39     3.0   17.3    8.6    0.7    1.0 -999.9 -999.9  330.0
statio5 1995  2  9  40     5.5   14.9    5.5    0.8    0.0 -999.9 -999.9  330.0
statio5 1995  2 10  41     0.2   15.0    8.2    0.6    4.5 -999.9 -999.9  330.0
statio5 1995  2 11  42     5.5   15.5    8.9    0.8    0.5 -999.9 -999.9  330.0
statio5 1995  2 12  43     7.3   14.4    5.6    0.8    0.5 -999.9 -999.9  330.0
statio5 1995  2 13  44     9.1   13.7    2.7    0.8   18.0 -999.9 -999.9  330.0
statio5 1995  2 14  45     5.2   13.9   11.4    1.1    0.0 -999.9 -999.9  330.0
statio5 1995  2 15  46     5.0   12.7    4.3    0.7    1.0 -999.9 -999.9  330.0
statio5 1995  2 16  47     7.2   15.5   11.2    1.4    0.0 -999.9 -999.9  330.0
statio5 1995  2 17  48     6.8   17.9   10.1    1.2    0.5 -999.9 -999.9  330.0
statio5 1995  2 18  49     5.6   12.0   11.7    1.5    0.0 -999.9 -999.9  330.0
statio5 1995  2 19  50     1.9   15.3   11.1    1.1    0.0 -999.9 -999.9  330.0
statio5 1995  2 20  51     0.9   19.0   11.7    1.1    0.0 -999.9 -999.9  330.0
statio5 1995  2 21  52     5.4   15.2    6.0    1.1    0.5 -999.9 -999.9  330.0
statio5 1995  2 22  53     6.7    9.0    2.9    1.4    1.0 -999.9 -999.9  330.0
statio5 1995  2 23  54    -0.3   13.2    9.8    0.9    1.0 -999.9 -999.9  330.0
statio5 1995  2 24  55     6.5   17.1    4.9    1.2    2.5 -999.9 -999.9  330.0
statio5 1995  2 25  56     7.5   19.2    7.4    1.5    6.0 -999.9 -999.9  330.0
statio5 1995  2 26  57     6.7   12.8    6.3    1.8    3.5 -999.9 -999.9  330.0
statio5 1995  2 27  58     4.7    9.6   13.9    3.2    0.0 -999.9 -999.9  330.0
statio5 1995  2 28  59     1.6   14.5   14.0    1.7    0.0 -999.9 -999.9  330.0
statio5 1995  3  1  60    -1.4   16.1   13.1    1.3    0.0 -999.9 -999.9  330.0
statio5 1995  3  2  61     4.5   15.2   13.8    2.5    0.0 -999.9 -999.9  330.0
statio5 1995  3  3  62     3.4   10.1    2.9    0.7    1.5 -999.9 -999.9  330.0
statio5 1995  3  4  63     0.0    9.9   13.9    2.0    0.0 -999.9 -999.9  330.0
statio5 1995  3  5  64     1.6    7.9    5.5    1.2    5.0 -999.9 -999.9  330.0
statio5 1995  3  6  65     1.3   12.5   15.0    1.7    0.0 -999.9 -999.9  330.0
statio5 1995  3  7  66     2.2   12.4   15.5    1.8    0.0 -999.9 -999.9  330.0
statio5 1995  3  8  67     3.3   13.3    7.5    1.8    0.0 -999.9 -999.9  330.0
statio5 1995  3  9  68    -1.2   14.4   15.7    1.6    0.0 -999.9 -999.9  330.0
statio5 1995  3 10  69     0.4   16.6   15.5    1.9    0.0 -999.9 -999.9  330.0
statio5 1995  3 11  70     0.1   18.4   14.8    1.7    0.0 -999.9 -999.9  330.0
statio5 1995  3 12  71     1.5   19.3   15.0    1.7    0.0 -999.9 -999.9  330.0
statio5 1995  3 13  72     1.9   17.7   13.3    1.7    0.0 -999.9 -999.9  330.0
statio5 1995  3 14  73     4.3   14.4   13.6    2.4    0.0 -999.9 -999.9  330.0
statio5 1995  3 15  74     6.0   14.8    8.5    1.8    1.0 -999.9 -999.9  330.0
statio5 1995  3 16  75     1.1   13.9   17.1    2.1    0.0 -999.9 -999.9  330.0
statio5 1995  3 17  76    -0.7   15.4    9.9    1.4    0.0 -999.9 -999.9  330.0
statio5 1995  3 18  77     5.8   19.7   14.8    2.2    0.0 -999.9 -999.9  330.0
statio5 1995  3 19  78     6.3   20.8   15.2    2.4    0.0 -999.9 -999.9  330.0
statio5 1995  3 20  79     6.7   11.6   17.8    4.3    0.0 -999.9 -999.9  330.0
statio5 1995  3 21  80     5.2    8.9    3.1    1.7    0.0 -999.9 -999.9  330.0
statio5 1995  3 22  81     3.6   15.6   18.1    2.9    0.0 -999.9 -999.9  330.0
statio5 1995  3 23  82    -1.6   16.8   17.2    1.9    0.0 -999.9 -999.9  330.0
statio5 1995  3 24  83     1.5   20.7   17.5    2.2    0.0 -999.9 -999.9  330.0
statio5 1995  3 25  84     2.9   20.9   16.7    2.8    0.0 -999.9 -999.9  330.0
statio5 1995  3 26  85     9.8   17.8   19.1    5.0    0.0 -999.9 -999.9  330.0
statio5 1995  3 27  86     5.7   15.3    5.8    2.3    3.0 -999.9 -999.9  330.0
statio5 1995  3 28  87     2.8   10.3   18.0    3.9    0.0 -999.9 -999.9  330.0
statio5 1995  3 29  88     4.9   17.1   15.8    4.0    0.5 -999.9 -999.9  330.0
statio5 1995  3 30  89     3.2   10.0   20.1    4.7    0.0 -999.9 -999.9  330.0
statio5 1995  3 31  90     2.3   12.2   15.1    4.1    0.0 -999.9 -999.9  330.0
statio5 1995  4  1  91     7.2   16.6   18.0    4.6    0.0 -999.9 -999.9  330.0
statio5 1995  4  2  92    12.3   23.5   19.8    4.5    0.0 -999.9 -999.9  330.0
statio5 1995  4  3  93     7.1   19.8   17.5    2.6    0.0 -999.9 -999.9  330.0
statio5 1995  4  4  94     5.1   20.4   19.2    2.6    0.0 -999.9 -999.9  330.0
statio5 1995  4  5  95     6.7   20.8   18.6    2.7    1.0 -999.9 -999.9  330.0
statio5 1995  4  6  96     6.2   21.6   16.8    3.2    0.0 -999.9 -999.9  330.0
statio5 1995  4  7  97    13.5   22.2   19.7    5.4    0.0 -999.9 -999.9  330.0
statio5 1995  4  8  98    14.0   19.8   21.1    7.7    0.0 -999.9 -999.9  330.0
statio5 1995  4  9  99     7.6   19.0   22.0    6.7    0.0 -999.9 -999.9  330.0
statio5 1995  4 10 100     6.9   19.8   19.2    3.6    0.0 -999.9 -999.9  330.0
statio5 1995  4 11 101     5.0   21.3   20.0    3.7    0.0 -999.9 -999.9  330.0
statio5 1995  4 12 102    10.6   23.1   21.1    5.3    0.0 -999.9 -999.9  330.0
statio5 1995  4 13 103    11.5   19.2   16.8    5.4    0.0 -999.9 -999.9  330.0
statio5 1995  4 14 104     8.0   17.3   21.7    5.0    0.0 -999.9 -999.9  330.0
statio5 1995  4 15 105     1.6   18.0   19.9    3.9    0.0 -999.9 -999.9  330.0
statio5 1995  4 16 106    10.5   14.3   19.6    5.4    0.0 -999.9 -999.9  330.0
statio5 1995  4 17 107     7.8   17.5   21.4    5.0    0.0 -999.9 -999.9  330.0
statio5 1995  4 18 108     4.2   21.0   22.5    3.4    0.0 -999.9 -999.9  330.0
statio5 1995  4 19 109     8.4   17.7    9.6    2.3   10.0 -999.9 -999.9  330.0
statio5 1995  4 20 110     6.1   16.5   14.7    3.0    1.5 -999.9 -999.9  330.0
statio5 1995  4 21 111     8.4   19.4    7.0    2.0   18.0 -999.9 -999.9  330.0
statio5 1995  4 22 112    11.1   19.1   17.6    3.3    3.0 -999.9 -999.9  330.0
statio5 1995  4 23 113     8.7    9.8    2.3    0.3   37.0 -999.9 -999.9  330.0
statio5 1995  4 24 114     8.7   11.7    4.2    0.6   12.0 -999.9 -999.9  330.0
statio5 1995  4 25 115    10.5   13.6    6.8    1.8    0.0 -999.9 -999.9  330.0
statio5 1995  4 26 116     9.6   17.7   18.2    3.3    0.0 -999.9 -999.9  330.0
statio5 1995  4 27 117     5.6   21.3   20.6    3.3    0.0 -999.9 -999.9  330.0
statio5 1995  4 28 118     6.7   20.0   14.4    2.5    0.0 -999.9 -999.9  330.0
statio5 1995  4 29 119     6.5   20.5   17.0    2.8    5.0 -999.9 -999.9  330.0
statio5 1995  4 30 120     8.5   20.3   24.6    4.5    0.0 -999.9 -999.9  330.0
statio5 1995  5  1 121    11.4   24.3   24.5    4.6    0.0 -999.9 -999.9  330.0
statio5 1995  5  2 122     7.7   26.0   24.5    4.2    0.0 -999.9 -999.9  330.0
statio5 1995  5  3 123     8.5   25.3   23.8    4.1    0.0 -999.9 -999.9  330.0
statio5 1995  5  4 124     8.7   26.0   24.5    4.2    0.0 -999.9 -999.9  330.0
statio5 1995  5  5 125     8.1   26.2   24.8    4.3    0.0 -999.9 -999.9  330.0
statio5 1995  5  6 126     6.9   25.8   25.6    4.4    0.0 -999.9 -999.9  330.0
statio5 1995  5  7 127     9.4   24.5   20.2    3.7    0.0 -999.9 -999.9  330.0
statio5 1995  5  8 128     7.7   26.0   24.9    4.3    0.0 -999.9 -999.9  330.0
statio5 1995  5  9 129    10.5   28.6   23.5    4.7    0.0 -999.9 -999.9  330.0
statio5 1995  5 10 130    14.2   24.6   22.2    5.7    0.0 -999.9 -999.9  330.0
statio5 1995  5 11 131    12.3   20.8   11.8    2.8    3.5 -999.9 -999.9  330.0
statio5 1995  5 12 132    11.7   17.4    8.3    1.7    7.5 -999.9 -999.9  330.0
statio5 1995  5 13 133     9.4   14.1   20.8    4.5    0.0 -999.9 -999.9  330.0
statio5 1995  5 14 134     7.0   15.3   26.4    5.7    0.0 -999.9 -999.9  330.0
statio5 1995  5 15 135     5.2   17.4   11.5    2.4    6.0 -999.9 -999.9  330.0
statio5 1995  5 16 136    11.1   15.7    6.6    1.6    2.0 -999.9 -999.9  330.0
statio5 1995  5 17 137    10.7   23.0   17.2    3.4    0.0 -999.9 -999.9  330.0
statio5 1995  5 18 138    13.8   20.2    8.7    2.3    5.0 -999.9 -999.9  330.0
statio5 1995  5 19 139     9.4   18.0   23.7    5.7    0.0 -999.9 -999.9  330.0
statio5 1995  5 20 140    10.4   19.7   27.1    7.2    0.0 -999.9 -999.9  330.0
statio5 1995  5 21 141    11.2   21.9   27.1    6.2    0.0 -999.9 -999.9  330.0
statio5 1995  5 22 142     6.4   23.7   26.6    4.5    0.0 -999.9 -999.9  330.0
statio5 1995  5 23 143     9.9   23.5   24.0    4.7    0.0 -999.9 -999.9  330.0
statio5 1995  5 24 144     7.7   24.6   21.3    4.0    0.0 -999.9 -999.9  330.0
statio5 1995  5 25 145    10.2   23.4   12.0    2.6    2.0 -999.9 -999.9  330.0
statio5 1995  5 26 146    14.5   19.0    7.7    1.8   24.0 -999.9 -999.9  330.0
statio5 1995  5 27 147     9.6   25.8   22.9    4.0    0.0 -999.9 -999.9  330.0
statio5 1995  5 28 148    12.9   26.3   25.0    4.7    0.0 -999.9 -999.9  330.0
statio5 1995  5 29 149    11.6   26.9   21.0    4.3    0.0 -999.9 -999.9  330.0
statio5 1995  5 30 150    15.3   23.2   18.0    5.0    0.0 -999.9 -999.9  330.0
statio5 1995  5 31 151    14.0   18.6   12.1    4.3    2.0 -999.9 -999.9  330.0
statio5 1995  6  1 152    14.5   21.6   23.9    6.7    0.0 -999.9 -999.9  330.0
statio5 1995  6  2 153    13.3   24.2   24.7    5.9    0.0 -999.9 -999.9  330.0
statio5 1995  6  3 154    14.0   26.3   24.6    5.2    0.0 -999.9 -999.9  330.0
statio5 1995  6  4 155    14.6   26.3   27.3    5.7    0.0 -999.9 -999.9  330.0
statio5 1995  6  5 156    15.9   24.0   26.3    6.8    0.0 -999.9 -999.9  330.0
statio5 1995  6  6 157    14.3   23.9   28.0    7.6    0.0 -999.9 -999.9  330.0
statio5 1995  6  7 158    14.6   25.9   27.7    7.0    0.0 -999.9 -999.9  330.0
statio5 1995  6  8 159    13.6   28.1   24.4    5.4    0.0 -999.9 -999.9  330.0
statio5 1995  6  9 160    13.8   26.6   24.7    5.6    0.0 -999.9 -999.9  330.0
statio5 1995  6 10 161    15.4   22.5   14.7    4.2    0.0 -999.9 -999.9  330.0
statio5 1995  6 11 162    11.8   22.1   20.3    4.5    0.0 -999.9 -999.9  330.0
statio5 1995  6 12 163    10.9   23.3   27.7    5.7    0.0 -999.9 -999.9  330.0
statio5 1995  6 13 164    12.2   22.7   19.8    4.9    0.0 -999.9 -999.9  330.0
statio5 1995  6 14 165    11.8   23.1   27.9    6.3    0.0 -999.9 -999.9  330.0
statio5 1995  6 15 166    12.2   25.1   27.9    6.1    0.0 -999.9 -999.9  330.0
statio5 1995  6 16 167    15.1   25.6   27.3    6.3    0.0 -999.9 -999.9  330.0
statio5 1995  6 17 168    11.3   29.4   25.4    5.3    0.0 -999.9 -999.9  330.0
statio5 1995  6 18 169    14.5   29.9   26.3    6.0    0.0 -999.9 -999.9  330.0
statio5 1995  6 19 170    19.3   31.7   27.1    6.7    0.0 -999.9 -999.9  330.0
statio5 1995  6 20 171    14.7   30.1   25.4    5.4    0.0 -999.9 -999.9  330.0
statio5 1995  6 21 172    15.0   25.1    9.3    2.2    0.0 -999.9 -999.9  330.0
statio5 1995  6 22 173    17.3   30.1   25.8    7.3    0.0 -999.9 -999.9  330.0
statio5 1995  6 23 174    15.6   22.7   28.2    8.8    0.0 -999.9 -999.9  330.0
statio5 1995  6 24 175    14.2   23.9   27.7    7.4    0.0 -999.9 -999.9  330.0
statio5 1995  6 25 176    10.3   28.3   26.6    5.2    0.0 -999.9 -999.9  330.0
statio5 1995  6 26 177    11.9   33.0   26.7    5.9    0.0 -999.9 -999.9  330.0
statio5 1995  6 27 178    16.1   32.3   23.2    5.4    0.0 -999.9 -999.9  330.0
statio5 1995  6 28 179    17.5   29.7   15.3    3.9    8.5 -999.9 -999.9  330.0
statio5 1995  6 29 180    16.4   32.3   23.7    5.4    0.0 -999.9 -999.9  330.0
statio5 1995  6 30 181    18.1   31.8   25.3    5.7    0.0 -999.9 -999.9  330.0
statio5 1995  7  1 182    16.7   32.1   25.9    5.9    0.0 -999.9 -999.9  330.0
statio5 1995  7  2 183    15.6   31.3   26.3    5.9    0.0 -999.9 -999.9  330.0
statio5 1995  7  3 184    19.5   28.7   22.5    5.4    0.0 -999.9 -999.9  330.0
statio5 1995  7  4 185    16.0   28.2   23.9    5.6    0.0 -999.9 -999.9  330.0
statio5 1995  7  5 186    17.2   26.5   15.2    4.3    1.0 -999.9 -999.9  330.0
statio5 1995  7  6 187    19.0   29.9   26.3    6.8    0.0 -999.9 -999.9  330.0
statio5 1995  7  7 188    15.9   31.7   24.0    5.3    0.0 -999.9 -999.9  330.0
statio5 1995  7  8 189    14.0   31.7   26.3    5.6    0.0 -999.9 -999.9  330.0
statio5 1995  7  9 190    16.1   32.9   23.1    5.3    0.0 -999.9 -999.9  330.0
statio5 1995  7 10 191    18.3   34.0   23.8    5.7    0.0 -999.9 -999.9  330.0
statio5 1995  7 11 192    18.5   31.4   13.2    3.6   35.0 -999.9 -999.9  330.0
statio5 1995  7 12 193    16.6   31.7   26.4    5.7    0.0 -999.9 -999.9  330.0
statio5 1995  7 13 194    17.9   30.6   24.8    5.5    0.0 -999.9 -999.9  330.0
statio5 1995  7 14 195    19.5   30.8   25.1    5.6    0.0 -999.9 -999.9  330.0
statio5 1995  7 15 196    20.1   32.8   25.6    6.1    0.0 -999.9 -999.9  330.0
statio5 1995  7 16 197    18.4   31.8   25.4    6.2    0.0 -999.9 -999.9  330.0
statio5 1995  7 17 198    19.1   31.7   26.2    7.0    0.0 -999.9 -999.9  330.0
statio5 1995  7 18 199    21.4   31.6   23.0    7.4    0.0 -999.9 -999.9  330.0
statio5 1995  7 19 200    22.3   35.3   25.5    6.7    0.0 -999.9 -999.9  330.0
statio5 1995  7 20 201    18.1   34.1   25.3    5.9    0.0 -999.9 -999.9  330.0
statio5 1995  7 21 202    17.3   33.3   24.4    5.5    0.0 -999.9 -999.9  330.0
statio5 1995  7 22 203    17.5   34.6   24.2    6.3    0.0 -999.9 -999.9  330.0
statio5 1995  7 23 204    19.5   29.1   26.3    8.3    0.0 -999.9 -999.9  330.0
statio5 1995  7 24 205    20.7   34.4   24.0    6.3    0.0 -999.9 -999.9  330.0
statio5 1995  7 25 206    20.3   33.4   24.2    5.7    0.5 -999.9 -999.9  330.0
statio5 1995  7 26 207    20.8   32.8   24.0    5.9    0.0 -999.9 -999.9  330.0
statio5 1995  7 27 208    19.8   33.5   22.5    5.8    0.0 -999.9 -999.9  330.0
statio5 1995  7 28 209    22.5   32.8   25.2    8.9    0.0 -999.9 -999.9  330.0
statio5 1995  7 29 210    22.2   33.9   25.1    8.2    0.0 -999.9 -999.9  330.0
statio5 1995  7 30 211    21.5   33.8   22.6    5.9    0.0 -999.9 -999.9  330.0
statio5 1995  7 31 212    19.9   30.9   19.5    4.8    0.0 -999.9 -999.9  330.0
statio5 1995  8  1 213    19.5   31.9   20.0    4.9    0.0 -999.9 -999.9  330.0
statio5 1995  8  2 214    18.4   34.4   23.4    5.4    0.0 -999.9 -999.9  330.0
statio5 1995  8  3 215    17.8   34.7   21.8    5.1    0.0 -999.9 -999.9  330.0
statio5 1995  8  4 216    20.0   33.4   20.0    4.8    0.0 -999.9 -999.9  330.0
statio5 1995  8  5 217    22.5   32.7   18.2    4.7    0.5 -999.9 -999.9  330.0
statio5 1995  8  6 218    20.8   31.5   17.6    4.5    7.0 -999.9 -999.9  330.0
statio5 1995  8  7 219    17.9   29.4   15.0    3.5    0.5 -999.9 -999.9  330.0
statio5 1995  8  8 220    18.4   28.2   18.0    4.4    0.5 -999.9 -999.9  330.0
statio5 1995  8  9 221    17.7   28.9   24.3    5.8    0.0 -999.9 -999.9  330.0
statio5 1995  8 10 222    17.5   30.3   16.5    3.9    0.0 -999.9 -999.9  330.0
statio5 1995  8 11 223    18.9   25.5    6.7    1.9   11.5 -999.9 -999.9  330.0
statio5 1995  8 12 224    17.7   32.8   23.1    5.7    0.0 -999.9 -999.9  330.0
statio5 1995  8 13 225    21.9   30.5   22.3    6.9    0.0 -999.9 -999.9  330.0
statio5 1995  8 14 226    21.1   30.7   23.8    7.7    0.0 -999.9 -999.9  330.0
statio5 1995  8 15 227    19.8   29.3   22.0    6.7    0.0 -999.9 -999.9  330.0
statio5 1995  8 16 228    19.8   30.9   21.8    6.3    0.0 -999.9 -999.9  330.0
statio5 1995  8 17 229    21.2   30.1   19.2    5.8    0.0 -999.9 -999.9  330.0
statio5 1995  8 18 230    17.2   28.7   16.6    4.0    0.0 -999.9 -999.9  330.0
statio5 1995  8 19 231    15.1   31.1   19.3    4.1    0.0 -999.9 -999.9  330.0
statio5 1995  8 20 232    16.7   33.0   19.3    4.8    0.0 -999.9 -999.9  330.0
statio5 1995  8 21 233    20.2   31.7   18.4    5.1    0.0 -999.9 -999.9  330.0
statio5 1995  8 22 234    19.2   27.6    8.7    2.6    0.0 -999.9 -999.9  330.0
statio5 1995  8 23 235    15.5   29.0   16.3    3.4    1.0 -999.9 -999.9  330.0
statio5 1995  8 24 236    17.0   29.5   18.7    4.5    0.0 -999.9 -999.9  330.0
statio5 1995  8 25 237    19.8   29.1   21.3    7.0    0.0 -999.9 -999.9  330.0
statio5 1995  8 26 238    20.7   30.0   21.9    7.1    0.0 -999.9 -999.9  330.0
statio5 1995  8 27 239    19.7   29.6   21.7    6.6    0.0 -999.9 -999.9  330.0
statio5 1995  8 28 240    17.6   22.3   20.6    6.4    0.0 -999.9 -999.9  330.0
statio5 1995  8 29 241    15.1   22.9   21.0    6.6    0.0 -999.9 -999.9  330.0
statio5 1995  8 30 242    15.6   22.9   20.1    6.6    0.0 -999.9 -999.9  330.0
statio5 1995  8 31 243    13.5   24.1   20.4    6.0    0.0 -999.9 -999.9  330.0
statio5 1995  9  1 244    13.3   24.0   20.0    5.4    0.0 -999.9 -999.9  330.0
statio5 1995  9  2 245    14.8   25.9   20.0    5.1    0.0 -999.9 -999.9  330.0
statio5 1995  9  3 246    10.5   27.9   18.6    3.9    0.0 -999.9 -999.9  330.0
statio5 1995  9  4 247    14.8   23.7   19.7    4.5    0.0 -999.9 -999.9  330.0
statio5 1995  9  5 248    11.6   25.9   17.0    3.6    0.0 -999.9 -999.9  330.0
statio5 1995  9  6 249    11.3   26.1   16.2    3.2    0.0 -999.9 -999.9  330.0
statio5 1995  9  7 250    16.7   27.9   14.2    3.6    2.5 -999.9 -999.9  330.0
statio5 1995  9  8 251    15.9   25.5   14.8    3.5    0.0 -999.9 -999.9  330.0
statio5 1995  9  9 252    10.6   26.5   19.6    3.6    0.0 -999.9 -999.9  330.0
statio5 1995  9 10 253    12.9   27.3   17.3    3.6   16.0 -999.9 -999.9  330.0
statio5 1995  9 11 254    15.5   25.2   11.4    2.5    2.0 -999.9 -999.9  330.0
statio5 1995  9 12 255    17.4   25.1    7.8    2.2   13.0 -999.9 -999.9  330.0
statio5 1995  9 13 256    15.1   17.8    8.6    2.3    0.0 -999.9 -999.9  330.0
statio5 1995  9 14 257    12.4   23.1   18.4    3.6    0.0 -999.9 -999.9  330.0
statio5 1995  9 15 258     9.2   23.5   18.2    3.0    0.0 -999.9 -999.9  330.0
statio5 1995  9 16 259    10.3   23.8   17.0    2.7    0.0 -999.9 -999.9  330.0
statio5 1995  9 17 260    10.4   24.3   13.4    2.4    0.0 -999.9 -999.9  330.0
statio5 1995  9 18 261    12.0   25.9    8.4    2.4  122.5 -999.9 -999.9  330.0
statio5 1995  9 19 262    14.3   20.5    9.6    1.8    7.0 -999.9 -999.9  330.0
statio5 1995  9 20 263    13.8   19.4    5.8    1.3    3.5 -999.9 -999.9  330.0
statio5 1995  9 21 264    12.9   19.3   16.7    3.5    0.0 -999.9 -999.9  330.0
statio5 1995  9 22 265    13.4   21.2   17.1    3.5    0.0 -999.9 -999.9  330.0
statio5 1995  9 23 266    12.9   22.9   16.5    3.1    0.0 -999.9 -999.9  330.0
statio5 1995  9 24 267    13.5   24.0   12.5    2.4    1.0 -999.9 -999.9  330.0
statio5 1995  9 25 268    11.8   16.3   15.8    3.1    0.0 -999.9 -999.9  330.0
statio5 1995  9 26 269    10.8   20.9   16.6    3.4    0.0 -999.9 -999.9  330.0
statio5 1995  9 27 270     8.6   24.3   16.1    2.5    0.0 -999.9 -999.9  330.0
statio5 1995  9 28 271    15.4   20.0   16.2    4.7    0.0 -999.9 -999.9  330.0
statio5 1995  9 29 272    10.9   17.8   15.8    4.0    0.0 -999.9 -999.9  330.0
statio5 1995  9 30 273     6.2   21.2   14.9    2.1    0.0 -999.9 -999.9  330.0
statio5 1995 10  1 274     7.5   25.2   14.1    2.2    0.0 -999.9 -999.9  330.0
statio5 1995 10  2 275    10.3   23.8   11.1    1.8    0.0 -999.9 -999.9  330.0
statio5 1995 10  3 276    13.3   24.4    9.6    1.7    0.5 -999.9 -999.9  330.0
statio5 1995 10  4 277    17.1   24.4    6.8    1.9    0.0 -999.9 -999.9  330.0
statio5 1995 10  5 278    15.6   23.2    3.8    1.3   42.5 -999.9 -999.9  330.0
statio5 1995 10  6 279    14.4   17.8    3.3    0.5    7.5 -999.9 -999.9  330.0
statio5 1995 10  7 280    14.8   24.9   10.9    1.8    0.5 -999.9 -999.9  330.0
statio5 1995 10  8 281    13.7   25.5   11.2    1.8    0.0 -999.9 -999.9  330.0
statio5 1995 10  9 282    12.6   26.0   13.1    1.9    0.5 -999.9 -999.9  330.0
statio5 1995 10 10 283    14.2   25.9   11.1    1.8    0.0 -999.9 -999.9  330.0
statio5 1995 10 11 284    14.8   25.3   11.1    1.8    0.0 -999.9 -999.9  330.0
statio5 1995 10 12 285    12.6   25.6   11.1    1.7    0.5 -999.9 -999.9  330.0
statio5 1995 10 13 286    12.1   23.3    6.3    1.3    0.0 -999.9 -999.9  330.0
statio5 1995 10 14 287    14.4   23.6    6.3    1.5   13.0 -999.9 -999.9  330.0
statio5 1995 10 15 288    15.3   21.8    8.5    1.5    0.0 -999.9 -999.9  330.0
statio5 1995 10 16 289    11.0   24.9   12.0    1.6    0.0 -999.9 -999.9  330.0
statio5 1995 10 17 290    11.2   25.5   11.2    1.5    0.5 -999.9 -999.9  330.0
statio5 1995 10 18 291     8.9   23.3   10.2    1.4    0.0 -999.9 -999.9  330.0
statio5 1995 10 19 292    13.2   23.8   11.7    2.1    0.0 -999.9 -999.9  330.0
statio5 1995 10 20 293    13.5   20.4   11.9    2.5    0.0 -999.9 -999.9  330.0
statio5 1995 10 21 294    11.0   16.0    6.1    1.7    0.0 -999.9 -999.9  330.0
statio5 1995 10 22 295     9.4   20.0    7.9    1.1    0.0 -999.9 -999.9  330.0
statio5 1995 10 23 296     7.8   22.2    9.7    1.3    0.0 -999.9 -999.9  330.0
statio5 1995 10 24 297    12.2   21.5    9.6    1.8    0.0 -999.9 -999.9  330.0
statio5 1995 10 25 298    15.1   22.0    7.4    1.6    0.0 -999.9 -999.9  330.0
statio5 1995 10 26 299    11.2   22.4    5.5    1.0    1.0 -999.9 -999.9  330.0
statio5 1995 10 27 300    14.1   24.1    9.3    1.4    0.0 -999.9 -999.9  330.0
statio5 1995 10 28 301    10.4   24.4   10.1    1.1    0.0 -999.9 -999.9  330.0
statio5 1995 10 29 302    15.4   22.7    7.7    1.3    0.0 -999.9 -999.9  330.0
statio5 1995 10 30 303     8.4   22.2    9.7    1.0    0.0 -999.9 -999.9  330.0
statio5 1995 10 31 304     7.3   20.9   10.0    0.9    0.0 -999.9 -999.9  330.0
statio5 1995 11  1 305     6.1   19.3    8.9    0.9    0.0 -999.9 -999.9  330.0
statio5 1995 11  2 306    10.6   13.6    7.2    3.4    0.0 -999.9 -999.9  330.0
statio5 1995 11  3 307     8.4   14.3   10.4    3.1    0.0 -999.9 -999.9  330.0
statio5 1995 11  4 308     5.8    9.4    8.4    3.6    0.0 -999.9 -999.9  330.0
statio5 1995 11  5 309     0.9    9.3   10.0    1.9    0.0 -999.9 -999.9  330.0
statio5 1995 11  6 310     1.0   10.7    9.8    1.9    0.0 -999.9 -999.9  330.0
statio5 1995 11  7 311     6.3   15.6    9.6    3.7    0.0 -999.9 -999.9  330.0
statio5 1995 11  8 312     7.9   15.0    9.7    3.4    0.0 -999.9 -999.9  330.0
statio5 1995 11  9 313     1.2   14.2    6.3    0.6    0.0 -999.9 -999.9  330.0
statio5 1995 11 10 314     9.0   17.5    3.5    1.0    0.0 -999.9 -999.9  330.0
statio5 1995 11 11 315    15.7   21.6    5.3    2.3    0.0 -999.9 -999.9  330.0
statio5 1995 11 12 316    15.4   22.0    4.7    2.1   27.0 -999.9 -999.9  330.0
statio5 1995 11 13 317     9.7   15.3    5.9    1.0    0.0 -999.9 -999.9  330.0
statio5 1995 11 14 318    11.4   15.1    5.9    1.5    0.0 -999.9 -999.9  330.0
statio5 1995 11 15 319     4.0   16.7    6.5    0.4    0.0 -999.9 -999.9  330.0
statio5 1995 11 16 320    11.0   18.3    2.9    0.5    0.5 -999.9 -999.9  330.0
statio5 1995 11 17 321    10.6   19.0    5.9    1.0    0.0 -999.9 -999.9  330.0
statio5 1995 11 18 322     5.1    7.7    8.6    2.2    0.0 -999.9 -999.9  330.0
statio5 1995 11 19 323     2.2    8.0    8.7    1.8    0.0 -999.9 -999.9  330.0
statio5 1995 11 20 324     3.9   11.4    8.3    1.8    0.0 -999.9 -999.9  330.0
statio5 1995 11 21 325     0.2   11.7    2.1    0.6    9.5 -999.9 -999.9  330.0
statio5 1995 11 22 326     6.3    8.5    1.0    0.1   28.5 -999.9 -999.9  330.0
statio5 1995 11 23 327     6.1   13.0    5.1    0.3    0.5 -999.9 -999.9  330.0
statio5 1995 11 24 328     4.2   12.3    2.0    0.2    0.0 -999.9 -999.9  330.0
statio5 1995 11 25 329     9.7   15.0    4.0    1.7    0.0 -999.9 -999.9  330.0
statio5 1995 11 26 330    12.1   15.3    2.4    1.7   33.5 -999.9 -999.9  330.0
statio5 1995 11 27 331     5.2    9.9    3.4    0.3    1.0 -999.9 -999.9  330.0
statio5 1995 11 28 332     0.7    6.4    2.3    0.1    0.0 -999.9 -999.9  330.0
statio5 1995 11 29 333     2.3    9.7    3.9    0.3    0.0 -999.9 -999.9  330.0
statio5 1995 11 30 334     2.2   12.7    6.8    0.2    0.5 -999.9 -999.9  330.0
statio5 1995 12  1 335     0.2    8.0    3.4    0.2    0.0 -999.9 -999.9  330.0
statio5 1995 12  2 336    -0.7   10.4    4.7    0.1    1.0 -999.9 -999.9  330.0
statio5 1995 12  3 337     5.7   13.9    6.2    0.3    0.0 -999.9 -999.9  330.0
statio5 1995 12  4 338     6.9   12.7    5.6    0.8    0.0 -999.9 -999.9  330.0
statio5 1995 12  5 339     2.7    4.6    1.1    0.5    4.0 -999.9 -999.9  330.0
statio5 1995 12  6 340     1.0    5.5    2.5    0.4    5.0 -999.9 -999.9  330.0
statio5 1995 12  7 341     0.9   10.2    1.3    0.1   18.0 -999.9 -999.9  330.0
statio5 1995 12  8 342     6.2   13.7    2.1    1.2    0.5 -999.9 -999.9  330.0
statio5 1995 12  9 343     6.9   13.5    3.4    0.7    0.0 -999.9 -999.9  330.0
statio5 1995 12 10 344     1.9   11.6    6.2    0.1    0.0 -999.9 -999.9  330.0
statio5 1995 12 11 345     0.0    8.7    5.9    0.1    0.0 -999.9 -999.9  330.0
statio5 1995 12 12 346     0.6    5.4    5.8    0.7    0.0 -999.9 -999.9  330.0
statio5 1995 12 13 347     1.7    4.3    6.4    1.8    0.0 -999.9 -999.9  330.0
statio5 1995 12 14 348     0.5    4.4    3.0    0.8    0.0 -999.9 -999.9  330.0
statio5 1995 12 15 349    -1.2    4.2    1.0    0.2    3.5 -999.9 -999.9  330.0
statio5 1995 12 16 350     2.2   16.4    1.7    0.9   22.0 -999.9 -999.9  330.0
statio5 1995 12 17 351     6.8    9.0    0.8    0.0    5.5 -999.9 -999.9  330.0
statio5 1995 12 18 352     5.5   12.8    5.8    0.5    0.0 -999.9 -999.9  330.0
statio5 1995 12 19 353     5.1    9.7    6.4    0.5    0.0 -999.9 -999.9  330.0
statio5 1995 12 20 354    -1.6   11.5    6.2    0.0    0.5 -999.9 -999.9  330.0
statio5 1995 12 21 355    -0.8   12.3    4.7    0.2    0.0 -999.9 -999.9  330.0
statio5 1995 12 22 356     1.0   15.2    1.0    0.0    0.0 -999.9 -999.9  330.0
statio5 1995 12 23 357    10.7   18.1    4.7    0.7    0.0 -999.9 -999.9  330.0
statio5 1995 12 24 358     6.2   16.3    4.2    0.3    1.5 -999.9 -999.9  330.0
statio5 1995 12 25 359     9.4   17.1    4.0    0.3    2.0 -999.9 -999.9  330.0
statio5 1995 12 26 360     5.4   12.6    1.1    0.2    2.0 -999.9 -999.9  330.0
statio5 1995 12 27 361     1.7    4.3    6.2    1.1    0.0 -999.9 -999.9  330.0
statio5 1995 12 28 362    -0.7    6.9    1.9    0.3    4.0 -999.9 -999.9  330.0
statio5 1995 12 29 363     3.4   13.4    4.3    0.2    0.5 -999.9 -999.9  330.0
statio5 1995 12 30 364     8.5   10.8    0.8    0.3   15.5 -999.9 -999.9  330.0
statio5 1995 12 31 365     7.3   16.0    4.6    0.3    0.0 -999.9 -999.9  330.0
