statio5 1996  1  1   1     2.0   11.3    3.4    0.1    3.0 -999.9 -999.9  330.0
statio5 1996  1  2   2     7.3   12.4    1.9    0.5    2.0 -999.9 -999.9  330.0
statio5 1996  1  3   3     6.8   10.4    6.8    1.0    0.0 -999.9 -999.9  330.0
statio5 1996  1  4   4     0.0   10.1    4.9    0.2    0.5 -999.9 -999.9  330.0
statio5 1996  1  5   5     1.9   10.6    0.6    0.0   17.5 -999.9 -999.9  330.0
statio5 1996  1  6   6     8.4   13.3    3.5    0.4    4.0 -999.9 -999.9  330.0
statio5 1996  1  7   7     7.7   13.3    2.4    0.6    6.5 -999.9 -999.9  330.0
statio5 1996  1  8   8     1.4   14.1    6.8    0.1    0.5 -999.9 -999.9  330.0
statio5 1996  1  9   9     5.5   15.4    2.6    1.1    1.0 -999.9 -999.9  330.0
statio5 1996  1 10  10    10.7   14.0    1.9    1.1    3.0 -999.9 -999.9  330.0
statio5 1996  1 11  11     7.9   13.8    2.2    0.4    0.5 -999.9 -999.9  330.0
statio5 1996  1 12  12     9.4   11.7    0.8    0.2   30.0 -999.9 -999.9  330.0
statio5 1996  1 13  13     8.7   13.9    3.0    0.6    0.0 -999.9 -999.9  330.0
statio5 1996  1 14  14     6.9   15.5    3.9    0.6    0.0 -999.9 -999.9  330.0
statio5 1996  1 15  15     5.7   17.1    6.7    0.3    0.0 -999.9 -999.9  330.0
statio5 1996  1 16  16     5.7   10.1    2.3    0.3    0.0 -999.9 -999.9  330.0
statio5 1996  1 17  17     3.8   10.0    4.5    0.3    0.5 -999.9 -999.9  330.0
statio5 1996  1 18  18    -0.9   12.6    6.9    0.3    0.0 -999.9 -999.9  330.0
statio5 1996  1 19  19    -1.9    7.4    5.0    0.2    0.5 -999.9 -999.9  330.0
statio5 1996  1 20  20     0.3   12.8    2.2    0.4    6.5 -999.9 -999.9  330.0
statio5 1996  1 21  21     8.3   13.0    4.1    1.2    0.0 -999.9 -999.9  330.0
statio5 1996  1 22  22     9.8   13.5    1.3    1.4    0.5 -999.9 -999.9  330.0
statio5 1996  1 23  23    10.1   12.7    1.0    0.6   36.0 -999.9 -999.9  330.0
statio5 1996  1 24  24     7.8   13.6    5.0    0.7    7.0 -999.9 -999.9  330.0
statio5 1996  1 25  25     8.7   12.2    4.5    0.8    1.0 -999.9 -999.9  330.0
statio5 1996  1 26  26     3.5   13.2    5.7    0.4    0.0 -999.9 -999.9  330.0
statio5 1996  1 27  27     2.3   14.6    5.2    0.5    0.0 -999.9 -999.9  330.0
statio5 1996  1 28  28     7.8   12.1    2.2    1.0   19.0 -999.9 -999.9  330.0
statio5 1996  1 29  29     7.1   10.3    3.4    0.7    1.0 -999.9 -999.9  330.0
statio5 1996  1 30  30     4.8   11.5    7.9    0.8    0.0 -999.9 -999.9  330.0
statio5 1996  1 31  31     1.0    5.6    1.0    0.1    2.5 -999.9 -999.9  330.0
statio5 1996  2  1  32    -0.4   10.5    2.7    0.5    6.0 -999.9 -999.9  330.0
statio5 1996  2  2  33     5.2    6.7    1.4    0.1   12.5 -999.9 -999.9  330.0
statio5 1996  2  3  34     4.4   11.1    4.0    0.5    0.0 -999.9 -999.9  330.0
statio5 1996  2  4  35     3.6    7.8    9.6    1.6    0.0 -999.9 -999.9  330.0
statio5 1996  2  5  36     0.6    3.8    9.9    1.9    0.0 -999.9 -999.9  330.0
statio5 1996  2  6  37    -3.5    3.3    1.7    0.1    3.0 -999.9 -999.9  330.0
statio5 1996  2  7  38     0.7    6.6    4.0    0.5    1.5 -999.9 -999.9  330.0
statio5 1996  2  8  39     2.4    7.6    7.8    1.7    0.0 -999.9 -999.9  330.0
statio5 1996  2  9  40     1.9    8.7    9.8    1.6    0.0 -999.9 -999.9  330.0
statio5 1996  2 10  41     0.0   13.2    7.5    0.7    0.0 -999.9 -999.9  330.0
statio5 1996  2 11  42    -0.8   14.3   10.1    0.7    0.0 -999.9 -999.9  330.0
statio5 1996  2 12  43    -1.1   11.5    4.4    0.5    2.5 -999.9 -999.9  330.0
statio5 1996  2 13  44     4.6   13.5    8.5    1.5    0.0 -999.9 -999.9  330.0
statio5 1996  2 14  45     3.3    7.0   10.7    2.0    0.0 -999.9 -999.9  330.0
statio5 1996  2 15  46     2.2    7.0   11.3    2.1    0.0 -999.9 -999.9  330.0
statio5 1996  2 16  47     1.9    8.4   11.3    2.4    0.0 -999.9 -999.9  330.0
statio5 1996  2 17  48     6.0   11.9   11.1    2.7    0.0 -999.9 -999.9  330.0
statio5 1996  2 18  49     1.8   13.7   10.5    1.2    0.0 -999.9 -999.9  330.0
statio5 1996  2 19  50     4.9   12.8    8.5    1.6    0.0 -999.9 -999.9  330.0
statio5 1996  2 20  51     0.3    4.3   12.0    2.3    0.0 -999.9 -999.9  330.0
statio5 1996  2 21  52    -0.4    5.2    8.3    1.8    0.0 -999.9 -999.9  330.0
statio5 1996  2 22  53    -1.8    1.9   12.7    2.6    0.0 -999.9 -999.9  330.0
statio5 1996  2 23  54    -2.6    9.0   12.8    1.6    0.0 -999.9 -999.9  330.0
statio5 1996  2 24  55    -0.1   11.9   12.9    1.4    0.0 -999.9 -999.9  330.0
statio5 1996  2 25  56    -0.9   13.3    8.7    1.1    0.0 -999.9 -999.9  330.0
statio5 1996  2 26  57     5.3   12.9    5.9    1.6    9.0 -999.9 -999.9  330.0
statio5 1996  2 27  58     6.9    8.7    2.9    0.5   16.0 -999.9 -999.9  330.0
statio5 1996  2 28  59     2.2   15.9   12.6    1.4    0.0 -999.9 -999.9  330.0
statio5 1996  2 29  60     0.9   14.4   12.4    1.5    0.0 -999.9 -999.9  330.0
statio5 1996  3  1  61     6.6   12.0   13.7    4.1    0.0 -999.9 -999.9  330.0
statio5 1996  3  2  62     4.4    9.2   12.1    3.5    0.0 -999.9 -999.9  330.0
statio5 1996  3  3  63     2.4    9.3   13.9    3.2    0.0 -999.9 -999.9  330.0
statio5 1996  3  4  64     1.0    8.7   15.0    3.0    0.0 -999.9 -999.9  330.0
statio5 1996  3  5  65     1.0   12.7   11.6    1.8    0.0 -999.9 -999.9  330.0
statio5 1996  3  6  66     0.0   12.8   13.9    1.7    0.0 -999.9 -999.9  330.0
statio5 1996  3  7  67    -0.5   11.0    6.7    1.2    0.0 -999.9 -999.9  330.0
statio5 1996  3  8  68     1.9   16.1   13.6    2.0    0.0 -999.9 -999.9  330.0
statio5 1996  3  9  69     4.5   16.3   10.7    1.9    0.0 -999.9 -999.9  330.0
statio5 1996  3 10  70     5.1   16.8   14.1    2.1    0.0 -999.9 -999.9  330.0
statio5 1996  3 11  71     3.4   13.7   15.0    2.8    0.0 -999.9 -999.9  330.0
statio5 1996  3 12  72     4.0   14.3   16.6    3.1    0.0 -999.9 -999.9  330.0
statio5 1996  3 13  73    -0.8   15.4    9.3    1.8    4.5 -999.9 -999.9  330.0
statio5 1996  3 14  74     7.4   10.8    1.6    0.4   49.0 -999.9 -999.9  330.0
statio5 1996  3 15  75     7.3    9.2    2.3    0.3   17.5 -999.9 -999.9  330.0
statio5 1996  3 16  76     6.8   14.2    9.5    2.1    0.0 -999.9 -999.9  330.0
statio5 1996  3 17  77     7.7   10.2    6.1    2.1    1.0 -999.9 -999.9  330.0
statio5 1996  3 18  78     7.4   12.9   12.2    2.4    0.0 -999.9 -999.9  330.0
statio5 1996  3 19  79     1.0   16.6   15.5    1.8    0.0 -999.9 -999.9  330.0
statio5 1996  3 20  80     4.2   12.6    3.5    0.7    0.0 -999.9 -999.9  330.0
statio5 1996  3 21  81     2.3   17.2   13.7    1.6    0.0 -999.9 -999.9  330.0
statio5 1996  3 22  82     6.5   19.5   10.4    1.6    0.0 -999.9 -999.9  330.0
statio5 1996  3 23  83     7.8   17.5   10.5    1.6    0.0 -999.9 -999.9  330.0
statio5 1996  3 24  84     6.8   18.9   13.7    1.8    0.0 -999.9 -999.9  330.0
statio5 1996  3 25  85     7.8   20.5   14.6    2.2    0.5 -999.9 -999.9  330.0
statio5 1996  3 26  86    10.0   14.4    3.6    0.6    1.5 -999.9 -999.9  330.0
statio5 1996  3 27  87     8.6   16.2   19.3    3.4    0.5 -999.9 -999.9  330.0
statio5 1996  3 28  88     5.5   13.6   21.3    4.2    0.0 -999.9 -999.9  330.0
statio5 1996  3 29  89     5.5   13.4   20.2    3.9    0.0 -999.9 -999.9  330.0
statio5 1996  3 30  90     4.7   13.7   21.2    4.3    0.0 -999.9 -999.9  330.0
statio5 1996  3 31  91     3.8   14.8   20.0    3.6    0.0 -999.9 -999.9  330.0
statio5 1996  4  1  92     3.9   12.1    2.8    0.9    1.5 -999.9 -999.9  330.0
statio5 1996  4  2  93     5.2   10.7   20.6    4.1    0.0 -999.9 -999.9  330.0
statio5 1996  4  3  94     3.7    8.5   14.9    4.4    0.0 -999.9 -999.9  330.0
statio5 1996  4  4  95     3.5   10.7   21.1    4.4    0.0 -999.9 -999.9  330.0
statio5 1996  4  5  96     0.4   18.1   21.3    3.0    0.0 -999.9 -999.9  330.0
statio5 1996  4  6  97     2.7   18.3   19.7    2.7    0.0 -999.9 -999.9  330.0
statio5 1996  4  7  98     2.0   22.7   21.4    3.0    0.0 -999.9 -999.9  330.0
statio5 1996  4  8  99     8.1   20.9   21.5    4.8    0.0 -999.9 -999.9  330.0
statio5 1996  4  9 100     9.3   19.2   21.2    4.0    0.0 -999.9 -999.9  330.0
statio5 1996  4 10 101     3.9   22.5   18.7    2.8    0.0 -999.9 -999.9  330.0
statio5 1996  4 11 102     9.6   21.9   22.2    4.5    0.0 -999.9 -999.9  330.0
statio5 1996  4 12 103    10.9   21.6   21.4    4.4    0.0 -999.9 -999.9  330.0
statio5 1996  4 13 104     7.3   22.7   18.2    4.0    0.0 -999.9 -999.9  330.0
statio5 1996  4 14 105    11.9   19.4   21.0    5.3    0.0 -999.9 -999.9  330.0
statio5 1996  4 15 106    10.9   20.1   24.3    6.0    0.0 -999.9 -999.9  330.0
statio5 1996  4 16 107     4.0   21.6   23.2    3.9    0.0 -999.9 -999.9  330.0
statio5 1996  4 17 108    11.1   18.4    6.1    2.2    8.5 -999.9 -999.9  330.0
statio5 1996  4 18 109    10.9   22.3   23.9    4.5    0.0 -999.9 -999.9  330.0
statio5 1996  4 19 110     5.8   21.6   23.9    3.6    0.0 -999.9 -999.9  330.0
statio5 1996  4 20 111     3.8   23.5   23.8    3.9    0.0 -999.9 -999.9  330.0
statio5 1996  4 21 112     9.3   24.2   14.8    3.7    0.0 -999.9 -999.9  330.0
statio5 1996  4 22 113    14.3   20.3    7.4    3.4    2.0 -999.9 -999.9  330.0
statio5 1996  4 23 114    11.7   18.9    6.2    2.3   19.5 -999.9 -999.9  330.0
statio5 1996  4 24 115     7.2   20.7   25.4    4.5    0.0 -999.9 -999.9  330.0
statio5 1996  4 25 116    11.6   21.4   22.3    5.2    0.0 -999.9 -999.9  330.0
statio5 1996  4 26 117    11.7   18.6    8.6    2.3    2.5 -999.9 -999.9  330.0
statio5 1996  4 27 118    12.0   18.2    7.8    1.5    4.0 -999.9 -999.9  330.0
statio5 1996  4 28 119    12.7   14.0    3.2    0.5   20.0 -999.9 -999.9  330.0
statio5 1996  4 29 120    12.1   19.9    9.0    1.8    6.0 -999.9 -999.9  330.0
statio5 1996  4 30 121    12.0   20.6   19.4    3.3    0.0 -999.9 -999.9  330.0
statio5 1996  5  1 122    10.1   19.3   15.7    2.8   10.5 -999.9 -999.9  330.0
statio5 1996  5  2 123     8.9   18.8   16.3    2.9    1.5 -999.9 -999.9  330.0
statio5 1996  5  3 124     5.1   18.2   19.2    2.9    0.0 -999.9 -999.9  330.0
statio5 1996  5  4 125     6.5   22.5   26.7    4.1    0.0 -999.9 -999.9  330.0
statio5 1996  5  5 126     7.5   21.6   24.8    3.8    0.0 -999.9 -999.9  330.0
statio5 1996  5  6 127     9.0   22.2   21.6    3.6    0.5 -999.9 -999.9  330.0
statio5 1996  5  7 128    10.2   22.0   17.0    3.1    0.0 -999.9 -999.9  330.0
statio5 1996  5  8 129    12.4   21.0   13.5    2.6    2.5 -999.9 -999.9  330.0
statio5 1996  5  9 130     9.6   21.2   21.6    4.0    0.0 -999.9 -999.9  330.0
statio5 1996  5 10 131     9.8   18.9   25.3    4.6    0.0 -999.9 -999.9  330.0
statio5 1996  5 11 132     9.0   22.8   24.3    4.3    0.0 -999.9 -999.9  330.0
statio5 1996  5 12 133    13.1   17.6   20.4    5.1    0.0 -999.9 -999.9  330.0
statio5 1996  5 13 134    12.0   16.4   26.0    6.0    0.0 -999.9 -999.9  330.0
statio5 1996  5 14 135    10.3   22.4   27.7    5.4    0.0 -999.9 -999.9  330.0
statio5 1996  5 15 136     9.7   25.0   26.7    4.7    0.0 -999.9 -999.9  330.0
statio5 1996  5 16 137     8.3   22.2   27.4    4.4    0.0 -999.9 -999.9  330.0
statio5 1996  5 17 138    11.0   24.5   22.5    4.5    0.0 -999.9 -999.9  330.0
statio5 1996  5 18 139    16.4   24.8   21.4    5.5    0.0 -999.9 -999.9  330.0
statio5 1996  5 19 140    14.3   20.1   11.9    3.0   27.0 -999.9 -999.9  330.0
statio5 1996  5 20 141     7.8   22.3   29.4    4.7    0.0 -999.9 -999.9  330.0
statio5 1996  5 21 142     7.0   23.1   25.6    4.4    0.0 -999.9 -999.9  330.0
statio5 1996  5 22 143    11.4   23.1   28.5    5.6    0.0 -999.9 -999.9  330.0
statio5 1996  5 23 144     8.0   26.9   27.3    4.9    0.0 -999.9 -999.9  330.0
statio5 1996  5 24 145    10.5   25.4   28.4    5.0    0.0 -999.9 -999.9  330.0
statio5 1996  5 25 146    12.8   23.8   20.1    3.8    0.0 -999.9 -999.9  330.0
statio5 1996  5 26 147    14.6   26.5   27.3    5.4    0.0 -999.9 -999.9  330.0
statio5 1996  5 27 148    13.5   25.4   25.1    5.8    0.0 -999.9 -999.9  330.0
statio5 1996  5 28 149    14.8   22.1   29.6    8.0    0.0 -999.9 -999.9  330.0
statio5 1996  5 29 150    13.8   27.4   30.0    6.8    0.0 -999.9 -999.9  330.0
statio5 1996  5 30 151     9.3   26.9   29.6    5.4    0.0 -999.9 -999.9  330.0
statio5 1996  5 31 152     8.4   27.7   29.7    5.3    0.0 -999.9 -999.9  330.0
statio5 1996  6  1 153    11.5   27.6   24.7    4.9    0.0 -999.9 -999.9  330.0
statio5 1996  6  2 154    14.1   16.2    3.5    0.6   37.5 -999.9 -999.9  330.0
statio5 1996  6  3 155    13.9   21.1   14.5    3.4    0.0 -999.9 -999.9  330.0
statio5 1996  6  4 156    17.0   26.3   27.8    6.4    0.0 -999.9 -999.9  330.0
statio5 1996  6  5 157    14.3   30.8   29.0    5.9    0.0 -999.9 -999.9  330.0
statio5 1996  6  6 158    14.6   31.3   27.6    5.6    0.0 -999.9 -999.9  330.0
statio5 1996  6  7 159    16.5   29.4   28.0    5.8    0.0 -999.9 -999.9  330.0
statio5 1996  6  8 160    15.0   27.9   28.3    5.5    0.0 -999.9 -999.9  330.0
statio5 1996  6  9 161    14.8   29.6   28.6    5.7    0.0 -999.9 -999.9  330.0
statio5 1996  6 10 162    15.1   31.4   28.6    5.8    0.0 -999.9 -999.9  330.0
statio5 1996  6 11 163    16.1   34.0   28.8    6.2    0.0 -999.9 -999.9  330.0
statio5 1996  6 12 164    17.7   34.4   29.3    7.4    0.0 -999.9 -999.9  330.0
statio5 1996  6 13 165    20.8   27.7   29.4    8.6    0.0 -999.9 -999.9  330.0
statio5 1996  6 14 166    18.0   29.9   27.7    7.2    0.0 -999.9 -999.9  330.0
statio5 1996  6 15 167    17.5   30.7   27.9    6.3    3.5 -999.9 -999.9  330.0
statio5 1996  6 16 168    14.4   29.4   24.8    5.1    0.0 -999.9 -999.9  330.0
statio5 1996  6 17 169    15.2   27.6   27.3    5.6    0.0 -999.9 -999.9  330.0
statio5 1996  6 18 170    14.2   27.0   21.6    4.3    0.0 -999.9 -999.9  330.0
statio5 1996  6 19 171    16.1   32.5   26.8    5.9    0.0 -999.9 -999.9  330.0
statio5 1996  6 20 172    16.7   31.9   26.1    5.8    0.0 -999.9 -999.9  330.0
statio5 1996  6 21 173    18.6   29.2   18.1    4.8    1.0 -999.9 -999.9  330.0
statio5 1996  6 22 174    15.1   20.1   29.5    7.0    0.0 -999.9 -999.9  330.0
statio5 1996  6 23 175    12.8   22.0   29.7    7.0    0.0 -999.9 -999.9  330.0
statio5 1996  6 24 176    13.0   22.9   30.1    7.1    0.0 -999.9 -999.9  330.0
statio5 1996  6 25 177    13.1   22.8   29.7    6.7    0.0 -999.9 -999.9  330.0
statio5 1996  6 26 178    15.4   24.3   29.4    7.5    0.0 -999.9 -999.9  330.0
statio5 1996  6 27 179    15.9   27.7   30.3    7.1    0.0 -999.9 -999.9  330.0
statio5 1996  6 28 180    12.4   30.3   28.4    5.7    0.0 -999.9 -999.9  330.0
statio5 1996  6 29 181    13.6   30.5   25.9    5.6    0.0 -999.9 -999.9  330.0
statio5 1996  6 30 182    17.7   27.7   30.6    7.7    0.0 -999.9 -999.9  330.0
statio5 1996  7  1 183    14.5   28.9   26.9    5.9    0.0 -999.9 -999.9  330.0
statio5 1996  7  2 184    14.9   23.2   13.2    3.4    9.5 -999.9 -999.9  330.0
statio5 1996  7  3 185    11.6   27.6   30.1    5.8    0.0 -999.9 -999.9  330.0
statio5 1996  7  4 186    14.8   27.5   22.0    4.6    3.0 -999.9 -999.9  330.0
statio5 1996  7  5 187    16.7   27.2   20.0    4.6   11.5 -999.9 -999.9  330.0
statio5 1996  7  6 188    16.2   26.8   24.2    5.0    0.0 -999.9 -999.9  330.0
statio5 1996  7  7 189    14.1   23.6    7.9    2.4   28.0 -999.9 -999.9  330.0
statio5 1996  7  8 190    13.0   21.0   21.7    5.0    0.0 -999.9 -999.9  330.0
statio5 1996  7  9 191    13.7   24.0   30.0    7.1    0.0 -999.9 -999.9  330.0
statio5 1996  7 10 192    16.2   25.4   30.0    7.4    0.0 -999.9 -999.9  330.0
statio5 1996  7 11 193    17.9   26.4   29.2    7.2    0.0 -999.9 -999.9  330.0
statio5 1996  7 12 194    15.9   29.1   28.9    6.3    0.0 -999.9 -999.9  330.0
statio5 1996  7 13 195    14.2   30.5   27.5    5.6    0.0 -999.9 -999.9  330.0
statio5 1996  7 14 196    15.4   32.2   23.3    5.0    0.0 -999.9 -999.9  330.0
statio5 1996  7 15 197    20.0   32.9   22.2    5.4    0.0 -999.9 -999.9  330.0
statio5 1996  7 16 198    17.3   32.9   27.6    6.2    0.0 -999.9 -999.9  330.0
statio5 1996  7 17 199    21.5   32.2   25.2    6.4    0.0 -999.9 -999.9  330.0
statio5 1996  7 18 200    19.3   32.0   27.6    6.9    0.0 -999.9 -999.9  330.0
statio5 1996  7 19 201    20.1   30.5   29.8    8.7    0.0 -999.9 -999.9  330.0
statio5 1996  7 20 202    19.5   29.9   28.1    7.6    0.0 -999.9 -999.9  330.0
statio5 1996  7 21 203    14.6   29.8   27.2    5.6    0.0 -999.9 -999.9  330.0
statio5 1996  7 22 204    15.8   29.7   27.2    5.7    0.0 -999.9 -999.9  330.0
statio5 1996  7 23 205    14.7   29.5   22.6    4.8    0.0 -999.9 -999.9  330.0
statio5 1996  7 24 206    18.7   31.0   25.0    5.6    1.5 -999.9 -999.9  330.0
statio5 1996  7 25 207    21.7   31.4   24.6    7.2    0.5 -999.9 -999.9  330.0
statio5 1996  7 26 208    20.0   32.8   23.0    6.1    0.0 -999.9 -999.9  330.0
statio5 1996  7 27 209    19.9   27.0    6.6    2.2    2.0 -999.9 -999.9  330.0
statio5 1996  7 28 210    17.8   32.1   25.9    5.6    0.0 -999.9 -999.9  330.0
statio5 1996  7 29 211    16.4   33.6   26.8    6.1    0.0 -999.9 -999.9  330.0
statio5 1996  7 30 212    19.9   29.9   27.7    7.6    0.0 -999.9 -999.9  330.0
statio5 1996  7 31 213    21.4   32.5   26.9    6.9    0.0 -999.9 -999.9  330.0
statio5 1996  8  1 214    16.4   32.4   26.4    5.7    0.0 -999.9 -999.9  330.0
statio5 1996  8  2 215    16.8   31.8   22.9    5.2    0.0 -999.9 -999.9  330.0
statio5 1996  8  3 216    18.8   30.4   26.3    7.2    0.0 -999.9 -999.9  330.0
statio5 1996  8  4 217    18.7   31.0   27.0    6.3   25.5 -999.9 -999.9  330.0
statio5 1996  8  5 218    16.7   27.8   15.8    3.5    2.0 -999.9 -999.9  330.0
statio5 1996  8  6 219    18.6   29.1   20.0    4.3    1.5 -999.9 -999.9  330.0
statio5 1996  8  7 220    20.1   29.8   20.8    4.5    0.0 -999.9 -999.9  330.0
statio5 1996  8  8 221    19.4   25.9    9.6    2.4   11.0 -999.9 -999.9  330.0
statio5 1996  8  9 222    16.5   30.9   25.3    5.1    0.0 -999.9 -999.9  330.0
statio5 1996  8 10 223    17.0   29.8   23.3    5.0   19.0 -999.9 -999.9  330.0
statio5 1996  8 11 224    18.0   23.4   11.1    2.4    2.5 -999.9 -999.9  330.0
statio5 1996  8 12 225    14.1   26.2   25.1    4.8    0.0 -999.9 -999.9  330.0
statio5 1996  8 13 226    12.3   26.6   24.9    4.8    0.0 -999.9 -999.9  330.0
statio5 1996  8 14 227    14.8   25.6   20.9    4.9    0.0 -999.9 -999.9  330.0
statio5 1996  8 15 228    17.7   27.1   24.9    6.2    0.0 -999.9 -999.9  330.0
statio5 1996  8 16 229    17.9   29.7   25.0    5.8    0.0 -999.9 -999.9  330.0
statio5 1996  8 17 230    14.7   31.2   25.0    5.0    0.0 -999.9 -999.9  330.0
statio5 1996  8 18 231    14.9   31.0   24.3    4.9    0.0 -999.9 -999.9  330.0
statio5 1996  8 19 232    15.2   29.5   23.4    4.6    0.0 -999.9 -999.9  330.0
statio5 1996  8 20 233    15.1   30.4   22.0    4.5    0.0 -999.9 -999.9  330.0
statio5 1996  8 21 234    15.4   28.9   14.7    3.3   39.0 -999.9 -999.9  330.0
statio5 1996  8 22 235    14.4   25.3   23.3    4.3    0.0 -999.9 -999.9  330.0
statio5 1996  8 23 236    14.1   29.3   23.5    4.4    0.0 -999.9 -999.9  330.0
statio5 1996  8 24 237    17.1   26.6   15.3    3.5    5.5 -999.9 -999.9  330.0
statio5 1996  8 25 238    13.3   26.5   22.6    4.2    0.0 -999.9 -999.9  330.0
statio5 1996  8 26 239    13.9   23.6   12.5    2.6    0.0 -999.9 -999.9  330.0
statio5 1996  8 27 240    16.0   19.2    4.5    1.0   11.5 -999.9 -999.9  330.0
statio5 1996  8 28 241    14.0   23.1   23.2    4.5    0.0 -999.9 -999.9  330.0
statio5 1996  8 29 242    11.1   24.7   23.0    4.2    0.0 -999.9 -999.9  330.0
statio5 1996  8 30 243    12.5   24.1   21.0    4.9    0.0 -999.9 -999.9  330.0
statio5 1996  8 31 244    15.6   24.4   22.3    6.3    0.0 -999.9 -999.9  330.0
statio5 1996  9  1 245    14.6   23.2   22.0    6.0    0.0 -999.9 -999.9  330.0
statio5 1996  9  2 246    13.0   21.2   18.0    4.4    0.0 -999.9 -999.9  330.0
statio5 1996  9  3 247     9.9   17.2    5.2    1.1   15.5 -999.9 -999.9  330.0
statio5 1996  9  4 248    11.0   25.6   20.4    3.3    0.0 -999.9 -999.9  330.0
statio5 1996  9  5 249    11.2   26.5   20.4    3.6    0.0 -999.9 -999.9  330.0
statio5 1996  9  6 250    17.3   26.1   21.8    5.9    0.0 -999.9 -999.9  330.0
statio5 1996  9  7 251    15.7   23.9   22.3    6.5    0.0 -999.9 -999.9  330.0
statio5 1996  9  8 252    12.8   23.4   21.4    5.0    0.0 -999.9 -999.9  330.0
statio5 1996  9  9 253    11.8   23.1   17.0    3.4    0.0 -999.9 -999.9  330.0
statio5 1996  9 10 254     7.6   24.8   20.4    3.3    0.0 -999.9 -999.9  330.0
statio5 1996  9 11 255     7.1   25.2   18.9    3.0    0.0 -999.9 -999.9  330.0
statio5 1996  9 12 256    12.1   24.1   18.7    4.4    0.0 -999.9 -999.9  330.0
statio5 1996  9 13 257    14.4   20.3   19.5    5.3    0.0 -999.9 -999.9  330.0
statio5 1996  9 14 258    12.5   21.8   20.5    5.2    0.0 -999.9 -999.9  330.0
statio5 1996  9 15 259    12.0   24.2   19.7    4.1    0.0 -999.9 -999.9  330.0
statio5 1996  9 16 260    12.2   24.6   19.3    3.3    0.0 -999.9 -999.9  330.0
statio5 1996  9 17 261     9.6   18.0    4.5    0.8   28.5 -999.9 -999.9  330.0
statio5 1996  9 18 262    14.1   18.6    4.8    1.0    1.0 -999.9 -999.9  330.0
statio5 1996  9 19 263    14.1   18.5    3.5    0.9   14.5 -999.9 -999.9  330.0
statio5 1996  9 20 264    12.4   19.7    9.5    1.7   24.5 -999.9 -999.9  330.0
statio5 1996  9 21 265    12.6   22.0    9.0    1.6   15.5 -999.9 -999.9  330.0
statio5 1996  9 22 266    14.7   16.6    4.5    1.4   12.0 -999.9 -999.9  330.0
statio5 1996  9 23 267    11.3   16.5   16.6    3.4    0.0 -999.9 -999.9  330.0
statio5 1996  9 24 268    10.9   20.3   17.6    3.3    0.0 -999.9 -999.9  330.0
statio5 1996  9 25 269     9.5   22.1   10.8    1.8    1.0 -999.9 -999.9  330.0
statio5 1996  9 26 270    12.0   21.7   17.4    3.1    0.0 -999.9 -999.9  330.0
statio5 1996  9 27 271    10.4   24.0   13.2    2.1    0.0 -999.9 -999.9  330.0
statio5 1996  9 28 272    14.1   22.2   17.4    3.8    0.0 -999.9 -999.9  330.0
statio5 1996  9 29 273     7.3   24.4   15.8    2.1    0.0 -999.9 -999.9  330.0
statio5 1996  9 30 274     7.8   23.1   16.0    2.0    0.0 -999.9 -999.9  330.0
statio5 1996 10  1 275    12.9   19.2    2.2    0.8   16.0 -999.9 -999.9  330.0
statio5 1996 10  2 276    10.0   18.2   13.7    2.6    0.0 -999.9 -999.9  330.0
statio5 1996 10  3 277    11.4   18.6   16.4    3.8    0.0 -999.9 -999.9  330.0
statio5 1996 10  4 278     6.4   20.8   15.6    2.2    0.0 -999.9 -999.9  330.0
statio5 1996 10  5 279    12.0   18.0   15.2    3.4    0.0 -999.9 -999.9  330.0
statio5 1996 10  6 280     9.7   13.9    7.7    2.5    0.0 -999.9 -999.9  330.0
statio5 1996 10  7 281    12.0   15.8    4.8    2.7    0.0 -999.9 -999.9  330.0
statio5 1996 10  8 282    12.9   15.2    4.9    2.6    0.0 -999.9 -999.9  330.0
statio5 1996 10  9 283    14.2   19.4   13.7    3.6    0.0 -999.9 -999.9  330.0
statio5 1996 10 10 284    13.2   19.6   13.8    3.1    0.0 -999.9 -999.9  330.0
statio5 1996 10 11 285    10.4   21.2   10.9    1.6    0.0 -999.9 -999.9  330.0
statio5 1996 10 12 286     8.4   21.9   10.5    1.4    0.0 -999.9 -999.9  330.0
statio5 1996 10 13 287     7.8   21.5    9.7    1.9    0.0 -999.9 -999.9  330.0
statio5 1996 10 14 288    16.7   19.6    3.7    2.1   12.5 -999.9 -999.9  330.0
statio5 1996 10 15 289    13.9   16.8    4.0    1.4   16.5 -999.9 -999.9  330.0
statio5 1996 10 16 290    11.7   14.9    7.8    2.4    0.0 -999.9 -999.9  330.0
statio5 1996 10 17 291     6.8   18.6   12.0    1.5    0.0 -999.9 -999.9  330.0
statio5 1996 10 18 292     7.5   18.7   13.4    1.6    0.0 -999.9 -999.9  330.0
statio5 1996 10 19 293     5.3   19.2   10.1    1.3    0.0 -999.9 -999.9  330.0
statio5 1996 10 20 294    12.2   21.0   12.8    2.6    0.0 -999.9 -999.9  330.0
statio5 1996 10 21 295     7.4   23.5   12.1    1.6    0.0 -999.9 -999.9  330.0
statio5 1996 10 22 296    15.3   21.1   12.6    2.9    0.0 -999.9 -999.9  330.0
statio5 1996 10 23 297     6.8   21.3   11.4    1.1    0.0 -999.9 -999.9  330.0
statio5 1996 10 24 298     9.1   20.0    7.1    0.9    0.0 -999.9 -999.9  330.0
statio5 1996 10 25 299    10.7   19.8    5.7    0.8    0.0 -999.9 -999.9  330.0
statio5 1996 10 26 300     7.6   21.1    9.9    1.1    0.0 -999.9 -999.9  330.0
statio5 1996 10 27 301    10.6   19.8    8.1    1.0    0.0 -999.9 -999.9  330.0
statio5 1996 10 28 302    10.2   20.2    6.2    0.9    0.5 -999.9 -999.9  330.0
statio5 1996 10 29 303    11.0   18.9    5.1    1.1    0.0 -999.9 -999.9  330.0
statio5 1996 10 30 304    11.2   15.1   11.5    3.1    0.0 -999.9 -999.9  330.0
statio5 1996 10 31 305     3.2   19.6   10.7    1.1    0.0 -999.9 -999.9  330.0
statio5 1996 11  1 306     3.7   19.3    9.2    1.2    0.0 -999.9 -999.9  330.0
statio5 1996 11  2 307    12.3   20.0   10.6    2.0    0.0 -999.9 -999.9  330.0
statio5 1996 11  3 308     3.2   20.0    9.8    0.6    0.0 -999.9 -999.9  330.0
statio5 1996 11  4 309     8.2   16.7    2.1    0.4    4.0 -999.9 -999.9  330.0
statio5 1996 11  5 310    11.0   16.9    5.6    1.2   19.0 -999.9 -999.9  330.0
statio5 1996 11  6 311     7.8   17.1   11.2    1.1    0.0 -999.9 -999.9  330.0
statio5 1996 11  7 312     3.5   20.5   10.7    0.6    0.0 -999.9 -999.9  330.0
statio5 1996 11  8 313     9.7   16.0   11.3    1.6    0.0 -999.9 -999.9  330.0
statio5 1996 11  9 314     7.7   15.3    8.8    0.9    0.0 -999.9 -999.9  330.0
statio5 1996 11 10 315     8.0   15.1    1.1    0.1   12.0 -999.9 -999.9  330.0
statio5 1996 11 11 316    13.2   17.3    1.3    0.7   36.5 -999.9 -999.9  330.0
statio5 1996 11 12 317    14.5   18.2    1.0    0.7   15.0 -999.9 -999.9  330.0
statio5 1996 11 13 318    10.4   15.3    1.5    0.6    3.5 -999.9 -999.9  330.0
statio5 1996 11 14 319     6.8   11.0    6.6    1.3    0.0 -999.9 -999.9  330.0
statio5 1996 11 15 320     3.7    7.9    2.1    0.3    9.0 -999.9 -999.9  330.0
statio5 1996 11 16 321     6.5   10.5    2.9    0.4   13.5 -999.9 -999.9  330.0
statio5 1996 11 17 322     6.5    9.4    2.0    0.2   47.5 -999.9 -999.9  330.0
statio5 1996 11 18 323     3.6    7.8    2.9    0.3   16.0 -999.9 -999.9  330.0
statio5 1996 11 19 324     3.1    9.3    6.5    0.5    0.5 -999.9 -999.9  330.0
statio5 1996 11 20 325     7.3   13.4    7.8    0.9    0.0 -999.9 -999.9  330.0
statio5 1996 11 21 326    -0.7   11.3    7.4    0.3    2.0 -999.9 -999.9  330.0
statio5 1996 11 22 327     4.1    8.5    9.1    0.8    3.5 -999.9 -999.9  330.0
statio5 1996 11 23 328    -0.8   10.2    6.7    0.2    2.0 -999.9 -999.9  330.0
statio5 1996 11 24 329     2.8    8.4    9.1    0.7    0.0 -999.9 -999.9  330.0
statio5 1996 11 25 330     0.5    6.0    0.6    0.0    6.0 -999.9 -999.9  330.0
statio5 1996 11 26 331     1.4   12.1    7.9    0.3    0.0 -999.9 -999.9  330.0
statio5 1996 11 27 332     4.5    8.1    4.1    0.6    1.0 -999.9 -999.9  330.0
statio5 1996 11 28 333     1.1    6.4    7.3    1.0    0.0 -999.9 -999.9  330.0
statio5 1996 11 29 334     1.6   11.5    6.1    0.7    0.0 -999.9 -999.9  330.0
statio5 1996 11 30 335     4.9   11.6    2.5    0.6    0.0 -999.9 -999.9  330.0
statio5 1996 12  1 336     5.0   10.0    8.7    1.3    0.0 -999.9 -999.9  330.0
statio5 1996 12  2 337     5.8   13.3    7.3    1.0    0.0 -999.9 -999.9  330.0
statio5 1996 12  3 338     1.9   12.8    7.7    0.2    0.5 -999.9 -999.9  330.0
statio5 1996 12  4 339     4.1   12.7    1.9    0.7    0.0 -999.9 -999.9  330.0
statio5 1996 12  5 340     9.7   15.4    5.3    1.8    0.0 -999.9 -999.9  330.0
statio5 1996 12  6 341     9.5   15.4    2.2    1.4    4.0 -999.9 -999.9  330.0
statio5 1996 12  7 342     8.7   14.2    4.6    0.5    0.5 -999.9 -999.9  330.0
statio5 1996 12  8 343     5.6    8.0    1.4    0.4    8.0 -999.9 -999.9  330.0
statio5 1996 12  9 344     3.7    5.9    1.6    0.4    0.5 -999.9 -999.9  330.0
statio5 1996 12 10 345     2.8    6.0    1.7    0.3    3.0 -999.9 -999.9  330.0
statio5 1996 12 11 346    -1.6   10.9    6.9    0.0    0.5 -999.9 -999.9  330.0
statio5 1996 12 12 347     1.3   12.6    1.2    0.1    8.0 -999.9 -999.9  330.0
statio5 1996 12 13 348    10.1   13.4    0.6    0.2    0.5 -999.9 -999.9  330.0
statio5 1996 12 14 349     7.9   13.6    3.9    0.6    0.0 -999.9 -999.9  330.0
statio5 1996 12 15 350     5.0    9.5    7.3    0.5    0.0 -999.9 -999.9  330.0
statio5 1996 12 16 351    -0.7   11.8    5.9    0.0    0.0 -999.9 -999.9  330.0
statio5 1996 12 17 352     4.0   14.8    4.4    0.2    0.0 -999.9 -999.9  330.0
statio5 1996 12 18 353     5.1   13.8    2.2    0.4    4.5 -999.9 -999.9  330.0
statio5 1996 12 19 354    10.1   11.9    1.5    0.3    9.5 -999.9 -999.9  330.0
statio5 1996 12 20 355     7.3   12.6    2.8    0.1    0.0 -999.9 -999.9  330.0
statio5 1996 12 21 356     7.8   16.0    2.9    0.5    0.5 -999.9 -999.9  330.0
statio5 1996 12 22 357    11.6   17.4    3.7    1.1    6.0 -999.9 -999.9  330.0
statio5 1996 12 23 358     9.6   16.1    3.5    0.4    0.0 -999.9 -999.9  330.0
statio5 1996 12 24 359     7.8   14.7    2.5    0.3   20.5 -999.9 -999.9  330.0
statio5 1996 12 25 360     4.2    9.7    7.2    0.6    0.0 -999.9 -999.9  330.0
statio5 1996 12 26 361    -1.4    0.8    5.5    1.4    0.0 -999.9 -999.9  330.0
statio5 1996 12 27 362    -3.3    4.0    4.6    0.6    0.0 -999.9 -999.9  330.0
statio5 1996 12 28 363    -2.3    4.1    1.3    0.4    1.5 -999.9 -999.9  330.0
statio5 1996 12 29 364    -4.8   -0.4    6.9    0.4    0.5 -999.9 -999.9  330.0
statio5 1996 12 30 365    -4.8    3.1    7.5    0.3    0.0 -999.9 -999.9  330.0
statio5 1996 12 31 366    -4.6    1.6    3.4    0.3   12.5 -999.9 -999.9  330.0
