statio5 1993  1  1   1    -0.5    4.3    6.5    0.5    0.0 -999.9 -999.9  330.0
statio5 1993  1  2   2    -2.7    2.7    2.3    0.6    0.0 -999.9 -999.9  330.0
statio5 1993  1  3   3    -4.4    1.4    6.0    0.5    0.0 -999.9 -999.9  330.0
statio5 1993  1  4   4    -8.7    2.8    6.0    0.1    0.0 -999.9 -999.9  330.0
statio5 1993  1  5   5    -7.6    6.7    7.4    0.0    0.0 -999.9 -999.9  330.0
statio5 1993  1  6   6    -5.7    8.7    6.6    0.1    0.0 -999.9 -999.9  330.0
statio5 1993  1  7   7    -3.4   15.1    5.8    0.3    0.0 -999.9 -999.9  330.0
statio5 1993  1  8   8    10.5   14.8    6.8    1.4    0.0 -999.9 -999.9  330.0
statio5 1993  1  9   9     0.0   13.7    6.4    0.1    0.0 -999.9 -999.9  330.0
statio5 1993  1 10  10     0.4    6.9    2.6    0.1    0.0 -999.9 -999.9  330.0
statio5 1993  1 11  11     3.6   14.5    4.8    0.2    0.0 -999.9 -999.9  330.0
statio5 1993  1 12  12     2.2   14.9    5.0    0.2    0.0 -999.9 -999.9  330.0
statio5 1993  1 13  13     1.5   14.4    5.7    0.1    0.0 -999.9 -999.9  330.0
statio5 1993  1 14  14     5.8   15.6    6.3    0.3    0.0 -999.9 -999.9  330.0
statio5 1993  1 15  15     4.3   12.7    1.4    0.1    0.0 -999.9 -999.9  330.0
statio5 1993  1 16  16     7.1   12.9    2.2    0.4    0.0 -999.9 -999.9  330.0
statio5 1993  1 17  17     9.8   11.5    0.9    0.4    0.0 -999.9 -999.9  330.0
statio5 1993  1 18  18     7.4   15.0    4.2    0.5    0.0 -999.9 -999.9  330.0
statio5 1993  1 19  19    -0.2   13.1    6.8    0.2    0.0 -999.9 -999.9  330.0
statio5 1993  1 20  20     0.7   15.5    7.9    0.4    0.0 -999.9 -999.9  330.0
statio5 1993  1 21  21     3.3   14.8    7.6    0.6    0.0 -999.9 -999.9  330.0
statio5 1993  1 22  22    -1.5   13.9    7.6    0.2    0.0 -999.9 -999.9  330.0
statio5 1993  1 23  23    -0.7   17.2    8.3    0.4    0.0 -999.9 -999.9  330.0
statio5 1993  1 24  24     1.6   17.1    8.4    0.4    0.0 -999.9 -999.9  330.0
statio5 1993  1 25  25     7.9   16.3    7.9    1.8    0.0 -999.9 -999.9  330.0
statio5 1993  1 26  26     4.4    8.3    8.8    2.3    0.0 -999.9 -999.9  330.0
statio5 1993  1 27  27     2.8   12.4    6.4    1.1    0.0 -999.9 -999.9  330.0
statio5 1993  1 28  28     7.1   14.1    8.4    1.0    0.0 -999.9 -999.9  330.0
statio5 1993  1 29  29    -0.6   13.5    7.3    0.3    0.0 -999.9 -999.9  330.0
statio5 1993  1 30  30    -1.6   12.8    6.0    0.3    0.0 -999.9 -999.9  330.0
statio5 1993  1 31  31     4.3   15.4    7.4    0.7    0.0 -999.9 -999.9  330.0
statio5 1993  2  1  32    -1.5   12.6    8.6    0.4    0.0 -999.9 -999.9  330.0
statio5 1993  2  2  33    -1.2   11.3    8.8    0.4    0.0 -999.9 -999.9  330.0
statio5 1993  2  3  34    -0.9   12.3    9.0    0.5    0.0 -999.9 -999.9  330.0
statio5 1993  2  4  35    -1.6   12.5    6.6    0.6    0.0 -999.9 -999.9  330.0
statio5 1993  2  5  36    -0.5    7.9    2.8    0.4    2.5 -999.9 -999.9  330.0
statio5 1993  2  6  37     3.7   15.2    9.1    0.7    0.0 -999.9 -999.9  330.0
statio5 1993  2  7  38    -1.9   14.3    9.7    0.6    0.0 -999.9 -999.9  330.0
statio5 1993  2  8  39     0.3   10.6    3.7    0.5    3.5 -999.9 -999.9  330.0
statio5 1993  2  9  40     5.4    8.5    2.7    0.4    2.5 -999.9 -999.9  330.0
statio5 1993  2 10  41     5.8   13.9    7.1    0.7    0.0 -999.9 -999.9  330.0
statio5 1993  2 11  42     4.2   14.7    9.5    0.8    0.0 -999.9 -999.9  330.0
statio5 1993  2 12  43     0.2   15.3    9.1    0.7    0.0 -999.9 -999.9  330.0
statio5 1993  2 13  44    -1.3   14.4    9.5    0.7    0.0 -999.9 -999.9  330.0
statio5 1993  2 14  45    -1.3   15.4   10.7    0.7    0.0 -999.9 -999.9  330.0
statio5 1993  2 15  46    -1.2   12.5   11.4    1.4    0.0 -999.9 -999.9  330.0
statio5 1993  2 16  47     1.5    9.0   10.4    1.6    0.0 -999.9 -999.9  330.0
statio5 1993  2 17  48     2.4    8.2    9.4    1.7    0.0 -999.9 -999.9  330.0
statio5 1993  2 18  49     5.8   13.2   11.8    2.1    0.0 -999.9 -999.9  330.0
statio5 1993  2 19  50    -1.3   11.9   12.1    1.4    0.0 -999.9 -999.9  330.0
statio5 1993  2 20  51     5.5   10.5   12.7    3.4    0.0 -999.9 -999.9  330.0
statio5 1993  2 21  52     4.8   11.8    7.9    2.5    0.0 -999.9 -999.9  330.0
statio5 1993  2 22  53     2.5    7.1   11.7    2.8    0.0 -999.9 -999.9  330.0
statio5 1993  2 23  54     1.2    6.5   13.7    3.1    0.0 -999.9 -999.9  330.0
statio5 1993  2 24  55    -3.2    3.1   12.8    2.2    0.0 -999.9 -999.9  330.0
statio5 1993  2 25  56    -2.2    5.7   12.6    2.3    0.0 -999.9 -999.9  330.0
statio5 1993  2 26  57    -0.2    9.6   12.8    1.8    0.0 -999.9 -999.9  330.0
statio5 1993  2 27  58    -2.3    4.3    2.3    0.3    7.5 -999.9 -999.9  330.0
statio5 1993  2 28  59     0.2    3.4    1.9    0.2    8.5 -999.9 -999.9  330.0
statio5 1993  3  1  60     1.1    3.2    2.9    1.0    1.5 -999.9 -999.9  330.0
statio5 1993  3  2  61     1.9    8.6    4.2    1.0    0.5 -999.9 -999.9  330.0
statio5 1993  3  3  62    -1.4    8.7    5.5    0.8    0.0 -999.9 -999.9  330.0
statio5 1993  3  4  63     2.8    7.3   13.0    2.5    0.0 -999.9 -999.9  330.0
statio5 1993  3  5  64    -0.1    8.0   13.8    2.9    0.0 -999.9 -999.9  330.0
statio5 1993  3  6  65     1.5   10.6   15.0    3.2    0.0 -999.9 -999.9  330.0
statio5 1993  3  7  66     4.9   13.9   15.6    3.2    0.0 -999.9 -999.9  330.0
statio5 1993  3  8  67     4.0    9.6    4.0    0.9    3.0 -999.9 -999.9  330.0
statio5 1993  3  9  68    -0.7   14.4   14.2    1.4    0.0 -999.9 -999.9  330.0
statio5 1993  3 10  69    -1.7   15.1   14.8    1.5    0.0 -999.9 -999.9  330.0
statio5 1993  3 11  70     2.1   15.5   10.9    1.4    0.0 -999.9 -999.9  330.0
statio5 1993  3 12  71     2.6   14.7   10.9    1.5    0.0 -999.9 -999.9  330.0
statio5 1993  3 13  72     3.9   15.7    9.3    1.7    0.0 -999.9 -999.9  330.0
statio5 1993  3 14  73     8.8   18.1   12.1    2.3    0.0 -999.9 -999.9  330.0
statio5 1993  3 15  74     5.4   10.5    2.9    0.3   15.5 -999.9 -999.9  330.0
statio5 1993  3 16  75     7.4   19.7   15.5    2.1    0.0 -999.9 -999.9  330.0
statio5 1993  3 17  76     8.2   21.9   15.9    3.2    0.0 -999.9 -999.9  330.0
statio5 1993  3 18  77     6.2   24.0   16.8    2.4    0.5 -999.9 -999.9  330.0
statio5 1993  3 19  78     6.3   22.1   15.4    2.6    0.0 -999.9 -999.9  330.0
statio5 1993  3 20  79     7.2   16.8   12.7    1.6    0.0 -999.9 -999.9  330.0
statio5 1993  3 21  80    10.3   19.5   10.8    2.0    3.0 -999.9 -999.9  330.0
statio5 1993  3 22  81    11.2   19.3   10.7    1.8    0.5 -999.9 -999.9  330.0
statio5 1993  3 23  82     8.5   16.5    7.6    1.5    6.0 -999.9 -999.9  330.0
statio5 1993  3 24  83     7.8   11.4   10.0    2.1    2.0 -999.9 -999.9  330.0
statio5 1993  3 25  84     6.3   12.1   18.7    5.4    0.0 -999.9 -999.9  330.0
statio5 1993  3 26  85     4.3   10.1   19.4    4.8    0.0 -999.9 -999.9  330.0
statio5 1993  3 27  86     2.9   11.9   20.0    4.5    0.0 -999.9 -999.9  330.0
statio5 1993  3 28  87     4.4   13.9   19.2    4.7    0.0 -999.9 -999.9  330.0
statio5 1993  3 29  88     4.5   15.7   19.9    4.3    0.0 -999.9 -999.9  330.0
statio5 1993  3 30  89     2.6   19.9   19.5    3.1    0.0 -999.9 -999.9  330.0
statio5 1993  3 31  90     2.3   20.0   19.2    2.5    0.0 -999.9 -999.9  330.0
statio5 1993  4  1  91     7.1   15.8    7.3    1.9   41.5 -999.9 -999.9  330.0
statio5 1993  4  2  92     5.5    9.1    6.4    2.2    0.0 -999.9 -999.9  330.0
statio5 1993  4  3  93     7.0   14.8   19.1    4.1    1.0 -999.9 -999.9  330.0
statio5 1993  4  4  94     7.2   15.5   14.5    2.5    3.5 -999.9 -999.9  330.0
statio5 1993  4  5  95     2.5   15.7   14.1    2.1    0.0 -999.9 -999.9  330.0
statio5 1993  4  6  96     8.1   21.8   16.4    2.7    0.0 -999.9 -999.9  330.0
statio5 1993  4  7  97     9.8   22.2   21.1    3.6    0.0 -999.9 -999.9  330.0
statio5 1993  4  8  98    13.1   21.4   21.4    4.8    0.0 -999.9 -999.9  330.0
statio5 1993  4  9  99     7.4   19.9   14.0    2.2    3.8 -999.9 -999.9  330.0
statio5 1993  4 10 100    11.9   16.2    6.8    1.3   14.7 -999.9 -999.9  330.0
statio5 1993  4 11 101     6.3   16.6   12.2    2.1    0.0 -999.9 -999.9  330.0
statio5 1993  4 12 102     2.3   17.4   16.6    2.3    4.0 -999.9 -999.9  330.0
statio5 1993  4 13 103     4.6   16.7   15.3    2.2    0.0 -999.9 -999.9  330.0
statio5 1993  4 14 104     4.9   17.8   14.0    2.2    0.0 -999.9 -999.9  330.0
statio5 1993  4 15 105     6.0   18.7   16.2    2.9    0.0 -999.9 -999.9  330.0
statio5 1993  4 16 106    10.3   18.1   21.6    5.0    0.0 -999.9 -999.9  330.0
statio5 1993  4 17 107    10.0   19.0   22.2    5.2    0.0 -999.9 -999.9  330.0
statio5 1993  4 18 108    10.2   22.1   22.8    4.4    0.0 -999.9 -999.9  330.0
statio5 1993  4 19 109     5.7   24.8   23.1    3.7    0.0 -999.9 -999.9  330.0
statio5 1993  4 20 110     7.3   21.0   23.4    3.8    0.0 -999.9 -999.9  330.0
statio5 1993  4 21 111     4.8   23.1   19.0    3.5    0.0 -999.9 -999.9  330.0
statio5 1993  4 22 112     7.1   22.5   16.0    3.1    0.0 -999.9 -999.9  330.0
statio5 1993  4 23 113     6.1   22.7   22.8    3.9    0.0 -999.9 -999.9  330.0
statio5 1993  4 24 114    11.8   18.1    5.8    2.2   37.0 -999.9 -999.9  330.0
statio5 1993  4 25 115     9.3   16.6    6.0    1.5   14.0 -999.9 -999.9  330.0
statio5 1993  4 26 116    10.1   16.3    7.9    1.7   22.5 -999.9 -999.9  330.0
statio5 1993  4 27 117    10.4   20.1   11.0    2.2   11.5 -999.9 -999.9  330.0
statio5 1993  4 28 118    11.3   15.6    6.8    1.4   20.5 -999.9 -999.9  330.0
statio5 1993  4 29 119     6.0   17.6   10.2    1.6    0.5 -999.9 -999.9  330.0
statio5 1993  4 30 120    10.3   18.9    9.9    2.0    5.5 -999.9 -999.9  330.0
statio5 1993  5  1 121     9.3   19.4   17.8    2.9    2.5 -999.9 -999.9  330.0
statio5 1993  5  2 122    11.3   19.5   13.4    2.4    0.5 -999.9 -999.9  330.0
statio5 1993  5  3 123    11.7   23.1   24.5    4.5    0.0 -999.9 -999.9  330.0
statio5 1993  5  4 124    12.3   23.4   23.9    4.4    3.5 -999.9 -999.9  330.0
statio5 1993  5  5 125     8.9   25.3   23.7    4.1    2.5 -999.9 -999.9  330.0
statio5 1993  5  6 126    12.4   23.1   24.0    4.9    0.0 -999.9 -999.9  330.0
statio5 1993  5  7 127    11.5   23.7   22.5    4.2    0.0 -999.9 -999.9  330.0
statio5 1993  5  8 128    10.1   23.4   18.4    3.3    0.0 -999.9 -999.9  330.0
statio5 1993  5  9 129    12.8   22.8   15.2    3.1    1.0 -999.9 -999.9  330.0
statio5 1993  5 10 130    11.4   21.9    8.7    2.3    0.0 -999.9 -999.9  330.0
statio5 1993  5 11 131    16.0   22.7   21.5    4.4    0.0 -999.9 -999.9  330.0
statio5 1993  5 12 132    12.9   24.2   18.6    3.7   10.5 -999.9 -999.9  330.0
statio5 1993  5 13 133    12.3   22.5   16.8    3.2    0.5 -999.9 -999.9  330.0
statio5 1993  5 14 134     9.6   23.9   23.0    4.0    0.0 -999.9 -999.9  330.0
statio5 1993  5 15 135    10.2   24.4   21.1    4.0    0.0 -999.9 -999.9  330.0
statio5 1993  5 16 136    10.9   24.0   26.5    4.9    0.0 -999.9 -999.9  330.0
statio5 1993  5 17 137    10.5   23.8   21.8    4.2    0.0 -999.9 -999.9  330.0
statio5 1993  5 18 138    10.0   24.4   23.1    4.2    0.0 -999.9 -999.9  330.0
statio5 1993  5 19 139    12.9   22.3   11.9    2.8   22.0 -999.9 -999.9  330.0
statio5 1993  5 20 140    15.1   21.9   19.6    4.0   13.5 -999.9 -999.9  330.0
statio5 1993  5 21 141     9.4   20.0   27.6    4.8    0.0 -999.9 -999.9  330.0
statio5 1993  5 22 142     6.8   22.1   24.7    4.0    0.0 -999.9 -999.9  330.0
statio5 1993  5 23 143     8.5   24.7   24.6    4.3    0.0 -999.9 -999.9  330.0
statio5 1993  5 24 144    10.4   26.2   21.0    4.0    0.0 -999.9 -999.9  330.0
statio5 1993  5 25 145    12.0   29.1   25.7    4.9    0.0 -999.9 -999.9  330.0
statio5 1993  5 26 146    12.5   28.7   15.4    3.9    0.0 -999.9 -999.9  330.0
statio5 1993  5 27 147    17.4   25.3   19.9    4.8    0.0 -999.9 -999.9  330.0
statio5 1993  5 28 148    12.2   24.3   25.5    5.0    0.0 -999.9 -999.9  330.0
statio5 1993  5 29 149    11.5   25.0   26.8    5.0    0.0 -999.9 -999.9  330.0
statio5 1993  5 30 150    13.1   24.9   21.9    4.3    0.0 -999.9 -999.9  330.0
statio5 1993  5 31 151    14.8   25.5   28.7    6.5    0.0 -999.9 -999.9  330.0
statio5 1993  6  1 152    10.6   27.5   27.1    5.1    0.0 -999.9 -999.9  330.0
statio5 1993  6  2 153    15.2   24.9   22.3    5.0    0.0 -999.9 -999.9  330.0
statio5 1993  6  3 154    12.7   22.5   28.7    6.5    0.0 -999.9 -999.9  330.0
statio5 1993  6  4 155    14.9   26.0   26.2    5.9    0.0 -999.9 -999.9  330.0
statio5 1993  6  5 156    11.2   30.2   25.2    5.0    0.0 -999.9 -999.9  330.0
statio5 1993  6  6 157    12.4   31.8   23.3    4.9    0.0 -999.9 -999.9  330.0
statio5 1993  6  7 158    16.2   28.8   19.0    4.3    0.5 -999.9 -999.9  330.0
statio5 1993  6  8 159    15.3   31.5   26.4    5.7    0.0 -999.9 -999.9  330.0
statio5 1993  6  9 160    14.4   28.3   19.6    4.3    1.5 -999.9 -999.9  330.0
statio5 1993  6 10 161    18.6   25.2   17.3    4.1    5.5 -999.9 -999.9  330.0
statio5 1993  6 11 162    16.4   24.6   21.7    4.7    1.0 -999.9 -999.9  330.0
statio5 1993  6 12 163    11.1   22.3   23.1    4.7    0.5 -999.9 -999.9  330.0
statio5 1993  6 13 164    11.0   21.3   15.5    3.2    0.0 -999.9 -999.9  330.0
statio5 1993  6 14 165    12.9   23.8   25.5    5.3    0.0 -999.9 -999.9  330.0
statio5 1993  6 15 166    15.0   25.7   27.0    6.2    0.5 -999.9 -999.9  330.0
statio5 1993  6 16 167    17.7   29.5   28.5    6.6    0.0 -999.9 -999.9  330.0
statio5 1993  6 17 168    13.9   28.8   27.3    6.1    0.0 -999.9 -999.9  330.0
statio5 1993  6 18 169    17.9   29.2   27.9    6.4    0.0 -999.9 -999.9  330.0
statio5 1993  6 19 170    14.7   29.4   26.6    5.4    0.0 -999.9 -999.9  330.0
statio5 1993  6 20 171    15.0   29.8   26.3    5.4    0.0 -999.9 -999.9  330.0
statio5 1993  6 21 172    15.2   28.0   23.8    4.8    0.0 -999.9 -999.9  330.0
statio5 1993  6 22 173    17.5   21.9    5.0    1.1   13.0 -999.9 -999.9  330.0
statio5 1993  6 23 174    16.0   25.0   17.0    3.6    0.0 -999.9 -999.9  330.0
statio5 1993  6 24 175    17.3   25.1   28.4    7.5    0.0 -999.9 -999.9  330.0
statio5 1993  6 25 176    16.1   27.8   26.8    6.7    0.0 -999.9 -999.9  330.0
statio5 1993  6 26 177    17.5   28.0   29.2    8.6    0.0 -999.9 -999.9  330.0
statio5 1993  6 27 178    20.7   31.6   28.5    8.4    0.0 -999.9 -999.9  330.0
statio5 1993  6 28 179    20.2   32.3   27.1    7.2    0.0 -999.9 -999.9  330.0
statio5 1993  6 29 180    18.6   29.1   17.5    4.3    0.0 -999.9 -999.9  330.0
statio5 1993  6 30 181    15.7   29.6   25.6    5.3    0.0 -999.9 -999.9  330.0
statio5 1993  7  1 182    16.0   29.3   14.7    3.6   23.5 -999.9 -999.9  330.0
statio5 1993  7  2 183    14.8   26.2   16.4    3.4    0.0 -999.9 -999.9  330.0
statio5 1993  7  3 184    14.8   30.9   27.6    5.6    0.0 -999.9 -999.9  330.0
statio5 1993  7  4 185    16.5   33.7   22.9    5.2    0.0 -999.9 -999.9  330.0
statio5 1993  7  5 186    19.1   33.2   18.3    4.9    6.0 -999.9 -999.9  330.0
statio5 1993  7  6 187    18.7   22.4   26.1    7.6    0.0 -999.9 -999.9  330.0
statio5 1993  7  7 188    15.0   25.9   26.6    7.5    0.0 -999.9 -999.9  330.0
statio5 1993  7  8 189    17.4   30.3   27.3    6.4    0.0 -999.9 -999.9  330.0
statio5 1993  7  9 190    13.1   28.4   24.8    5.1    1.0 -999.9 -999.9  330.0
statio5 1993  7 10 191    13.9   22.2    5.8    1.6   14.0 -999.9 -999.9  330.0
statio5 1993  7 11 192    11.4   24.3   25.9    5.3    0.0 -999.9 -999.9  330.0
statio5 1993  7 12 193     9.1   23.1   28.2    5.3    0.0 -999.9 -999.9  330.0
statio5 1993  7 13 194    13.4   24.2   26.7    6.4    0.0 -999.9 -999.9  330.0
statio5 1993  7 14 195    15.2   28.9   26.4    5.8    0.0 -999.9 -999.9  330.0
statio5 1993  7 15 196    14.3   32.8   24.9    5.4    0.0 -999.9 -999.9  330.0
statio5 1993  7 16 197    16.8   28.8   17.1    3.9    0.0 -999.9 -999.9  330.0
statio5 1993  7 17 198    16.1   30.5   20.5    4.6    0.0 -999.9 -999.9  330.0
statio5 1993  7 18 199    17.3   31.0   22.4    4.9    0.0 -999.9 -999.9  330.0
statio5 1993  7 19 200    19.4   27.4   18.5    4.8    0.0 -999.9 -999.9  330.0
statio5 1993  7 20 201    16.4   26.0   27.0    6.2    0.0 -999.9 -999.9  330.0
statio5 1993  7 21 202    15.3   25.0   26.2    6.5    0.0 -999.9 -999.9  330.0
statio5 1993  7 22 203    16.0   25.9   27.2    7.5    0.0 -999.9 -999.9  330.0
statio5 1993  7 23 204    17.0   29.5   27.2    7.2    0.0 -999.9 -999.9  330.0
statio5 1993  7 24 205    13.8   30.3   25.9    5.4    1.5 -999.9 -999.9  330.0
statio5 1993  7 25 206    16.5   26.3   10.7    2.7    0.5 -999.9 -999.9  330.0
statio5 1993  7 26 207    17.5   26.6   27.0    7.3    0.0 -999.9 -999.9  330.0
statio5 1993  7 27 208    17.9   31.1   26.7    7.3    0.0 -999.9 -999.9  330.0
statio5 1993  7 28 209    20.3   35.4   26.5    7.0    0.0 -999.9 -999.9  330.0
statio5 1993  7 29 210    17.4   35.2   25.4    5.8    0.0 -999.9 -999.9  330.0
statio5 1993  7 30 211    16.5   32.0   22.4    5.0    0.0 -999.9 -999.9  330.0
statio5 1993  7 31 212    18.4   26.2   26.9    7.2    0.0 -999.9 -999.9  330.0
statio5 1993  8  1 213    17.0   31.8   26.1    6.5    0.0 -999.9 -999.9  330.0
statio5 1993  8  2 214    15.0   32.8   23.0    5.0    0.0 -999.9 -999.9  330.0
statio5 1993  8  3 215    16.8   32.9   23.1    5.2    0.0 -999.9 -999.9  330.0
statio5 1993  8  4 216    16.1   33.3   23.6    5.3    0.0 -999.9 -999.9  330.0
statio5 1993  8  5 217    18.8   35.1   21.3    5.4    0.0 -999.9 -999.9  330.0
statio5 1993  8  6 218    19.3   32.3   21.4    5.9    0.0 -999.9 -999.9  330.0
statio5 1993  8  7 219    19.9   34.3   23.7    6.3    0.0 -999.9 -999.9  330.0
statio5 1993  8  8 220    19.2   32.7   21.5    5.8    0.0 -999.9 -999.9  330.0
statio5 1993  8  9 221    21.4   29.3   24.7    7.4    0.0 -999.9 -999.9  330.0
statio5 1993  8 10 222    20.1   30.2   17.4    5.6    0.0 -999.9 -999.9  330.0
statio5 1993  8 11 223    19.9   30.4   24.9    6.5    0.0 -999.9 -999.9  330.0
statio5 1993  8 12 224    13.7   32.5   23.5    4.9    0.0 -999.9 -999.9  330.0
statio5 1993  8 13 225    19.7   34.6   22.9    5.4    0.0 -999.9 -999.9  330.0
statio5 1993  8 14 226    17.8   31.3   22.3    4.9    0.5 -999.9 -999.9  330.0
statio5 1993  8 15 227    18.3   31.8   20.9    4.7    0.0 -999.9 -999.9  330.0
statio5 1993  8 16 228    16.2   32.8   21.9    4.7    0.0 -999.9 -999.9  330.0
statio5 1993  8 17 229    15.3   36.1   22.7    5.0    0.0 -999.9 -999.9  330.0
statio5 1993  8 18 230    15.9   36.8   22.2    5.2    0.0 -999.9 -999.9  330.0
statio5 1993  8 19 231    16.6   35.7   19.2    5.2    0.0 -999.9 -999.9  330.0
statio5 1993  8 20 232    23.5   35.4   22.9    6.7    0.0 -999.9 -999.9  330.0
statio5 1993  8 21 233    16.2   34.8   21.5    4.9    0.0 -999.9 -999.9  330.0
statio5 1993  8 22 234    18.0   30.7   17.3    3.9    0.0 -999.9 -999.9  330.0
statio5 1993  8 23 235    18.8   31.8   19.1    4.3   12.5 -999.9 -999.9  330.0
statio5 1993  8 24 236    14.0   26.0   12.9    2.5   37.0 -999.9 -999.9  330.0
statio5 1993  8 25 237    15.0   27.3   15.3    3.4    0.0 -999.9 -999.9  330.0
statio5 1993  8 26 238    16.7   27.1   16.4    3.5   26.0 -999.9 -999.9  330.0
statio5 1993  8 27 239    18.5   26.8   17.6    4.1    0.0 -999.9 -999.9  330.0
statio5 1993  8 28 240    15.0   20.3   20.6    4.9    0.0 -999.9 -999.9  330.0
statio5 1993  8 29 241    14.1   23.4   21.7    5.0    0.0 -999.9 -999.9  330.0
statio5 1993  8 30 242    10.4   26.6   21.4    3.8    0.0 -999.9 -999.9  330.0
statio5 1993  8 31 243    12.2   25.3   21.5    5.2    0.0 -999.9 -999.9  330.0
statio5 1993  9  1 244    14.4   25.4   21.1    5.2    0.0 -999.9 -999.9  330.0
statio5 1993  9  2 245    11.3   27.7   19.1    3.5    0.0 -999.9 -999.9  330.0
statio5 1993  9  3 246    10.2   29.0   20.0    3.7    0.0 -999.9 -999.9  330.0
statio5 1993  9  4 247    15.4   23.1   20.4    5.5    0.0 -999.9 -999.9  330.0
statio5 1993  9  5 248    14.0   23.4   21.0    5.9    0.0 -999.9 -999.9  330.0
statio5 1993  9  6 249    11.7   25.6   15.1    3.1   24.0 -999.9 -999.9  330.0
statio5 1993  9  7 250    15.2   21.7    4.2    1.3    3.0 -999.9 -999.9  330.0
statio5 1993  9  8 251    18.3   27.1   13.0    3.1    0.0 -999.9 -999.9  330.0
statio5 1993  9  9 252    21.0   26.7   14.5    3.7    4.0 -999.9 -999.9  330.0
statio5 1993  9 10 253    13.0   25.2   16.2    2.8    0.0 -999.9 -999.9  330.0
statio5 1993  9 11 254    12.8   25.0   18.8    3.2    0.0 -999.9 -999.9  330.0
statio5 1993  9 12 255     9.9   24.9   17.4    2.8    0.0 -999.9 -999.9  330.0
statio5 1993  9 13 256    16.5   24.4   11.8    2.8    0.5 -999.9 -999.9  330.0
statio5 1993  9 14 257    12.9   23.3   14.4    2.8    0.0 -999.9 -999.9  330.0
statio5 1993  9 15 258     9.2   25.0   15.3    2.6    0.0 -999.9 -999.9  330.0
statio5 1993  9 16 259    14.1   25.7   17.1    3.0    0.0 -999.9 -999.9  330.0
statio5 1993  9 17 260    12.9   23.0    9.9    1.9    0.0 -999.9 -999.9  330.0
statio5 1993  9 18 261    12.0   25.8   12.5    2.2    0.0 -999.9 -999.9  330.0
statio5 1993  9 19 262    15.0   28.9   13.1    2.6    0.0 -999.9 -999.9  330.0
statio5 1993  9 20 263    14.4   30.4   15.8    3.0    0.0 -999.9 -999.9  330.0
statio5 1993  9 21 264    14.4   30.3   13.8    2.7    0.0 -999.9 -999.9  330.0
statio5 1993  9 22 265    15.0   27.7    9.4    2.3   87.5 -999.9 -999.9  330.0
statio5 1993  9 23 266    15.2   17.9    3.2    0.6   63.0 -999.9 -999.9  330.0
statio5 1993  9 24 267    14.1   21.0   11.3    1.9   12.5 -999.9 -999.9  330.0
statio5 1993  9 25 268    13.3   18.0    8.6    1.9    0.5 -999.9 -999.9  330.0
statio5 1993  9 26 269     9.1   19.5   16.9    2.4    0.0 -999.9 -999.9  330.0
statio5 1993  9 27 270     7.7   17.5    8.6    1.3    1.5 -999.9 -999.9  330.0
statio5 1993  9 28 271     7.1   17.1   15.2    2.0    0.0 -999.9 -999.9  330.0
statio5 1993  9 29 272     4.6   20.2   15.5    1.8    0.0 -999.9 -999.9  330.0
statio5 1993  9 30 273    10.2   19.5    2.9    0.6    9.0 -999.9 -999.9  330.0
statio5 1993 10  1 274    16.2   21.8   10.2    2.2    4.0 -999.9 -999.9  330.0
statio5 1993 10  2 275    10.9   17.4    8.4    1.6    0.0 -999.9 -999.9  330.0
statio5 1993 10  3 276     6.5   18.5   13.1    1.7    0.0 -999.9 -999.9  330.0
statio5 1993 10  4 277     8.6   22.8   14.5    1.8    0.0 -999.9 -999.9  330.0
statio5 1993 10  5 278    14.1   20.2    3.3    0.7    6.0 -999.9 -999.9  330.0
statio5 1993 10  6 279    17.2   22.1   12.5    2.5    0.5 -999.9 -999.9  330.0
statio5 1993 10  7 280    14.2   20.9    6.7    1.4   10.0 -999.9 -999.9  330.0
statio5 1993 10  8 281    13.4   20.6    9.6    1.8    4.0 -999.9 -999.9  330.0
statio5 1993 10  9 282     6.2   19.2    8.1    1.1    2.0 -999.9 -999.9  330.0
statio5 1993 10 10 283    13.7   19.4    2.6    0.6    0.5 -999.9 -999.9  330.0
statio5 1993 10 11 284    17.0   22.7    6.4    1.8    0.0 -999.9 -999.9  330.0
statio5 1993 10 12 285    18.5   23.0    8.8    2.6    0.0 -999.9 -999.9  330.0
statio5 1993 10 13 286    16.2   21.7    7.3    2.1    8.0 -999.9 -999.9  330.0
statio5 1993 10 14 287    13.6   21.6   12.7    2.1    0.0 -999.9 -999.9  330.0
statio5 1993 10 15 288    10.1   20.5   11.9    1.6    0.0 -999.9 -999.9  330.0
statio5 1993 10 16 289     7.0   19.7    6.2    1.3    1.0 -999.9 -999.9  330.0
statio5 1993 10 17 290    13.0   21.8   10.2    1.7    0.5 -999.9 -999.9  330.0
statio5 1993 10 18 291    10.2   22.0    9.4    1.3    0.0 -999.9 -999.9  330.0
statio5 1993 10 19 292    10.9   15.9    4.3    1.0    1.5 -999.9 -999.9  330.0
statio5 1993 10 20 293    11.6   16.9   12.2    2.1    0.0 -999.9 -999.9  330.0
statio5 1993 10 21 294     9.8   14.5   11.4    2.9    0.0 -999.9 -999.9  330.0
statio5 1993 10 22 295     7.4   10.2    6.5    3.1    0.0 -999.9 -999.9  330.0
statio5 1993 10 23 296     7.5   11.5    6.8    2.0    0.0 -999.9 -999.9  330.0
statio5 1993 10 24 297     7.5   11.7    7.9    1.7    0.0 -999.9 -999.9  330.0
statio5 1993 10 25 298     7.7   13.4    9.8    1.6    0.0 -999.9 -999.9  330.0
statio5 1993 10 26 299     4.2   15.3   11.1    1.3    0.0 -999.9 -999.9  330.0
statio5 1993 10 27 300     3.0   16.2    8.7    1.0    0.0 -999.9 -999.9  330.0
statio5 1993 10 28 301     8.8   17.7    8.2    1.3    3.0 -999.9 -999.9  330.0
statio5 1993 10 29 302     9.7   13.5    2.2    0.4   16.5 -999.9 -999.9  330.0
statio5 1993 10 30 303     9.2   18.8    8.8    1.0    0.0 -999.9 -999.9  330.0
statio5 1993 10 31 304     8.6    9.9    1.9    0.2   40.5 -999.9 -999.9  330.0
statio5 1993 11  1 305     9.0   12.5    1.9    0.1    9.0 -999.9 -999.9  330.0
statio5 1993 11  2 306    11.8   15.8    2.1    0.5    3.5 -999.9 -999.9  330.0
statio5 1993 11  3 307    13.6   19.7    6.1    1.3    1.0 -999.9 -999.9  330.0
statio5 1993 11  4 308    12.8   16.4    2.7    0.5    2.5 -999.9 -999.9  330.0
statio5 1993 11  5 309    10.9   16.7    4.2    0.8    0.0 -999.9 -999.9  330.0
statio5 1993 11  6 310     9.7   12.7    2.7    0.4    3.0 -999.9 -999.9  330.0
statio5 1993 11  7 311    11.1   16.9    5.7    0.9    0.0 -999.9 -999.9  330.0
statio5 1993 11  8 312     3.3   14.0    8.9    0.7    0.0 -999.9 -999.9  330.0
statio5 1993 11  9 313     8.6   14.0    9.0    1.4    0.0 -999.9 -999.9  330.0
statio5 1993 11 10 314     1.8   14.9    7.8    0.4    1.0 -999.9 -999.9  330.0
statio5 1993 11 11 315     7.9   13.2    3.2    0.6    0.0 -999.9 -999.9  330.0
statio5 1993 11 12 316     7.4   13.1    6.6    1.4    0.0 -999.9 -999.9  330.0
statio5 1993 11 13 317     4.7   13.9    8.3    0.7    0.0 -999.9 -999.9  330.0
statio5 1993 11 14 318     4.0   16.3    7.3    0.6    0.0 -999.9 -999.9  330.0
statio5 1993 11 15 319     6.3    9.9    7.2    1.9    0.0 -999.9 -999.9  330.0
statio5 1993 11 16 320     5.2   10.1    8.8    1.7    0.0 -999.9 -999.9  330.0
statio5 1993 11 17 321    -1.1   11.8    8.0    0.4    0.0 -999.9 -999.9  330.0
statio5 1993 11 18 322    -0.3   10.6    6.0    0.4    0.0 -999.9 -999.9  330.0
statio5 1993 11 19 323     4.5    6.0    1.6    0.2    2.5 -999.9 -999.9  330.0
statio5 1993 11 20 324     2.5    7.2    6.9    0.7    0.0 -999.9 -999.9  330.0
statio5 1993 11 21 325    -3.9    6.4    7.0    0.2    0.0 -999.9 -999.9  330.0
statio5 1993 11 22 326    -1.6    6.2    7.2    0.5    0.0 -999.9 -999.9  330.0
statio5 1993 11 23 327    -1.0   10.0    1.1    0.8   19.0 -999.9 -999.9  330.0
statio5 1993 11 24 328     1.6   11.0    1.4    0.2    0.5 -999.9 -999.9  330.0
statio5 1993 11 25 329    -0.3   13.1    6.7    0.2    0.5 -999.9 -999.9  330.0
statio5 1993 11 26 330    -0.5   11.0    6.6    0.3    0.0 -999.9 -999.9  330.0
statio5 1993 11 27 331     1.1    8.5    6.8    0.4    0.0 -999.9 -999.9  330.0
statio5 1993 11 28 332    -2.6    7.4    7.0    0.2    0.0 -999.9 -999.9  330.0
statio5 1993 11 29 333    -0.8    5.5    7.6    0.8    0.0 -999.9 -999.9  330.0
statio5 1993 11 30 334    -1.6    5.0    3.3    0.3   18.0 -999.9 -999.9  330.0
statio5 1993 12  1 335     3.3    8.5    3.7    0.6    0.0 -999.9 -999.9  330.0
statio5 1993 12  2 336     5.5   12.6    6.7    1.2    0.0 -999.9 -999.9  330.0
statio5 1993 12  3 337     3.3   14.7    6.5    0.2    0.0 -999.9 -999.9  330.0
statio5 1993 12  4 338    -0.5   16.1    6.6    0.2    0.0 -999.9 -999.9  330.0
statio5 1993 12  5 339     1.2   13.1    5.5    0.5    0.0 -999.9 -999.9  330.0
statio5 1993 12  6 340     4.3   11.6    4.3    0.4    0.0 -999.9 -999.9  330.0
statio5 1993 12  7 341     2.2   12.0    5.8    0.1    0.5 -999.9 -999.9  330.0
statio5 1993 12  8 342     5.1   14.8    4.9    0.2    0.0 -999.9 -999.9  330.0
statio5 1993 12  9 343     5.0   17.4    4.9    0.4    0.0 -999.9 -999.9  330.0
statio5 1993 12 10 344     2.8   17.7    6.1    0.2    0.0 -999.9 -999.9  330.0
statio5 1993 12 11 345     6.8   13.0    2.6    0.8    0.0 -999.9 -999.9  330.0
statio5 1993 12 12 346     2.5   11.8    6.6    0.3    0.0 -999.9 -999.9  330.0
statio5 1993 12 13 347    -0.8   11.7    3.3    0.2    0.0 -999.9 -999.9  330.0
statio5 1993 12 14 348     6.7   13.3    5.2    0.4    0.0 -999.9 -999.9  330.0
statio5 1993 12 15 349     0.0   10.7    4.8    0.2    0.0 -999.9 -999.9  330.0
statio5 1993 12 16 350     8.2   14.4    5.7    0.7    0.0 -999.9 -999.9  330.0
statio5 1993 12 17 351     3.4   14.2    6.4    0.2    0.0 -999.9 -999.9  330.0
statio5 1993 12 18 352     1.6   14.0    5.8    0.1    0.0 -999.9 -999.9  330.0
statio5 1993 12 19 353     0.1    9.8    3.5    0.0    2.0 -999.9 -999.9  330.0
statio5 1993 12 20 354     5.0   12.6    2.9    0.1    0.0 -999.9 -999.9  330.0
statio5 1993 12 21 355     5.3   15.3    4.2    0.8    0.0 -999.9 -999.9  330.0
statio5 1993 12 22 356     2.1    9.7    5.1    0.4    0.0 -999.9 -999.9  330.0
statio5 1993 12 23 357     4.2   12.2    4.3    0.3    0.0 -999.9 -999.9  330.0
statio5 1993 12 24 358     4.5    9.6    5.1    1.0    0.0 -999.9 -999.9  330.0
statio5 1993 12 25 359     0.4    5.0    0.9    0.3    7.5 -999.9 -999.9  330.0
statio5 1993 12 26 360     0.4    3.9    6.7    1.1    0.0 -999.9 -999.9  330.0
statio5 1993 12 27 361     1.6    4.9    5.2    1.3    0.0 -999.9 -999.9  330.0
statio5 1993 12 28 362    -1.0    6.1    4.8    0.3    0.0 -999.9 -999.9  330.0
statio5 1993 12 29 363    -2.7    8.2    4.5    0.1    0.0 -999.9 -999.9  330.0
statio5 1993 12 30 364     0.2   14.7    6.4    0.1    0.0 -999.9 -999.9  330.0
statio5 1993 12 31 365     4.1   10.5    2.9    0.3    6.5 -999.9 -999.9  330.0
