Auzeville 2014 1 1 1 4.4 11.2 5.1 0.4 0.0 4.2 8.9 400.0 
Auzeville 2014 1 2 2 9.0 14.9 4.6 0.9 0.5 2.5 11.2 400.0 
Auzeville 2014 1 3 3 9.6 13.9 2.1 0.8 3.0 2.9 12.0 400.0 
Auzeville 2014 1 4 4 6.5 13.9 4.2 0.7 10.5 4.1 10.8 400.0 
Auzeville 2014 1 5 5 5.1 12.3 4.9 0.6 0.0 1.8 8.3 400.0 
Auzeville 2014 1 6 6 6.7 13.5 6.8 0.6 0.0 4.2 10.1 400.0 
Auzeville 2014 1 7 7 10.3 14.0 4.4 0.9 0.0 5.6 12.2 400.0 
Auzeville 2014 1 8 8 11.1 14.3 5.3 1.2 0.0 5.5 12.2 400.0 
Auzeville 2014 1 9 9 10.8 13.8 4.8 1.3 0.0 4.9 11.7 400.0 
Auzeville 2014 1 10 10 3.4 13.3 4.8 0.4 0.0 3.4 9.3 400.0 
Auzeville 2014 1 11 11 8.2 12.9 2.3 0.7 0.0 1.5 10.7 400.0 
Auzeville 2014 1 12 12 8.3 14.3 7.5 0.6 0.5 3.6 11.2 400.0 
Auzeville 2014 1 13 13 8.2 10.1 1.5 0.4 4.5 1.5 10.4 400.0 
Auzeville 2014 1 14 14 0.9 9.0 2.6 0.2 2.5 1.4 7.9 400.0 
Auzeville 2014 1 15 15 2.3 9.5 2.9 0.3 0.5 1.1 8.4 400.0 
Auzeville 2014 1 16 16 5.2 10.5 3.4 0.5 0.0 1.8 9.3 400.0 
Auzeville 2014 1 17 17 0.7 12.8 7.6 0.3 0.0 1.8 8.7 400.0 
Auzeville 2014 1 18 18 1.0 12.5 3.7 0.5 0.5 2.2 8.2 400.0 
Auzeville 2014 1 19 19 2.8 8.2 2.3 0.3 1.0 1.3 8.1 400.0 
Auzeville 2014 1 20 20 4.9 8.4 4.9 0.8 1.5 3.4 8.0 400.0 
Auzeville 2014 1 21 21 3.1 10.5 7.6 0.5 0.0 1.4 7.8 400.0 
Auzeville 2014 1 22 22 -1.0 8.9 1.9 0.2 8.0 1.4 7.5 400.0 
Auzeville 2014 1 23 23 6.5 10.3 4.2 0.8 9.5 3.0 9.4 400.0 
Auzeville 2014 1 24 24 7.8 11.8 1.6 0.5 30.5 3.8 11.0 400.0 
Auzeville 2014 1 25 25 10.5 12.6 2.4 0.7 4.5 4.0 12.2 400.0 
Auzeville 2014 1 26 26 10.0 13.8 5.0 0.9 2.5 3.3 12.0 400.0 
Auzeville 2014 1 27 27 5.1 8.5 3.9 0.9 8.5 3.6 8.0 400.0 
Auzeville 2014 1 28 28 3.8 12.5 7.9 1.1 3.5 3.0 8.0 400.0 
Auzeville 2014 1 29 29 4.8 12.6 8.5 0.8 0.0 1.9 8.7 400.0 
Auzeville 2014 1 30 30 3.3 9.3 6.5 0.7 1.0 2.1 7.5 400.0 
Auzeville 2014 1 31 31 0.4 9.1 3.4 0.3 0.5 1.2 7.8 400.0 
Auzeville 2014 2 1 32 4.5 8.2 1.6 0.6 10.5 3.4 8.0 400.0 
Auzeville 2014 2 2 33 3.4 9.8 6.6 0.9 0.5 2.3 7.9 400.0 
Auzeville 2014 2 3 34 -0.8 10.5 8.3 0.6 6.0 2.3 7.2 400.0 
Auzeville 2014 2 4 35 1.6 11.9 10.5 0.8 0.5 2.9 7.6 400.0 
Auzeville 2014 2 5 36 6.6 11.7 6.3 1.5 6.5 3.4 8.6 400.0 
Auzeville 2014 2 6 37 2.2 12.4 9.1 1.0 0.5 5.9 8.1 400.0 
Auzeville 2014 2 7 38 8.1 13.1 9.2 1.5 0.0 2.7 9.1 400.0 
Auzeville 2014 2 8 39 4.4 12.6 4.7 1.3 2.0 3.9 8.6 400.0 
Auzeville 2014 2 9 40 3.2 11.3 8.3 1.3 0.0 3.4 7.1 400.0 
Auzeville 2014 2 10 41 6.6 10.7 3.4 1.5 7.5 4.4 8.6 400.0 
Auzeville 2014 2 11 42 4.5 9.3 5.2 0.9 4.5 2.7 7.9 400.0 
Auzeville 2014 2 12 43 3.9 12.2 10.4 1.1 0.0 2.0 7.6 400.0 
Auzeville 2014 2 13 44 5.0 14.1 5.8 1.4 1.5 3.0 9.0 400.0 
Auzeville 2014 2 14 45 6.7 13.5 7.3 1.6 0.0 5.1 10.0 400.0 
Auzeville 2014 2 15 46 8.6 12.3 3.0 0.8 5.0 1.4 11.3 400.0 
Auzeville 2014 2 16 47 5.9 9.8 4.1 0.7 0.5 0.9 9.1 400.0 
Auzeville 2014 2 17 48 0.6 13.4 12.6 1.1 0.0 2.6 8.1 400.0 
Auzeville 2014 2 18 49 4.7 13.1 6.0 0.9 0.0 1.4 9.5 400.0 
Auzeville 2014 2 19 50 6.5 12.9 8.8 1.1 1.5 2.3 9.9 400.0 
Auzeville 2014 2 20 51 4.2 14.4 8.0 0.8 3.0 1.0 10.1 400.0 
Auzeville 2014 2 21 52 5.7 9.9 5.5 1.0 5.0 2.2 8.8 400.0 
Auzeville 2014 2 22 53 0.2 15.0 13.4 1.3 0.0 1.4 7.2 400.0 
Auzeville 2014 2 23 54 1.4 15.8 14.6 1.7 0.0 3.6 8.4 400.0 
Auzeville 2014 2 24 55 9.7 15.9 14.3 2.8 0.0 5.1 10.2 400.0 
Auzeville 2014 2 25 56 8.5 15.3 9.7 2.0 8.0 3.3 10.7 400.0 
Auzeville 2014 2 26 57 4.7 9.7 8.7 1.4 0.5 2.9 7.8 400.0 
Auzeville 2014 2 27 58 2.0 12.4 5.4 1.0 2.0 2.1 8.4 400.0 
Auzeville 2014 2 28 59 4.9 9.9 7.3 1.4 11.0 3.2 8.4 400.0 
Auzeville 2014 3 1 60 4.6 11.0 11.1 1.5 0.0 2.1 7.8 400.0 
Auzeville 2014 3 2 61 -0.1 13.5 12.8 1.2 11.0 0.9 7.3 400.0 
Auzeville 2014 3 3 62 5.8 10.0 9.5 1.8 8.0 4.2 8.3 400.0 
Auzeville 2014 3 4 63 5.0 11.9 10.6 2.0 3.0 4.6 8.2 400.0 
Auzeville 2014 3 5 64 6.0 14.2 14.3 1.9 0.0 2.1 8.9 400.0 
Auzeville 2014 3 6 65 2.2 14.8 16.2 1.7 0.0 1.2 7.5 400.0 
Auzeville 2014 3 7 66 -0.2 16.7 16.7 1.6 0.0 0.8 7.5 400.0 
Auzeville 2014 3 8 67 -0.2 19.5 17.2 2.4 0.5 2.9 7.5 400.0 
Auzeville 2014 3 9 68 9.9 19.2 17.7 4.3 0.0 4.8 8.1 400.0 
Auzeville 2014 3 10 69 0.6 19.3 17.3 2.2 0.0 1.9 7.2 400.0 
Auzeville 2014 3 11 70 6.6 15.8 15.1 2.0 0.0 1.5 9.6 400.0 
Auzeville 2014 3 12 71 3.1 17.4 17.2 2.6 0.0 2.7 7.6 400.0 
Auzeville 2014 3 13 72 2.4 18.6 18.2 2.5 0.0 2.0 7.2 400.0 
Auzeville 2014 3 14 73 1.8 20.4 17.0 2.1 0.0 1.1 8.2 400.0 
Auzeville 2014 3 15 74 8.9 14.8 11.3 2.3 0.0 3.6 10.0 400.0 
Auzeville 2014 3 16 75 8.1 17.4 17.2 2.8 0.0 2.8 10.5 400.0 
Auzeville 2014 3 17 76 3.5 23.5 18.6 2.4 0.0 0.7 10.5 400.0 
Auzeville 2014 3 18 77 5.9 13.1 4.5 0.9 0.0 2.0 9.6 400.0 
Auzeville 2014 3 19 78 9.4 16.1 15.5 2.4 0.0 1.5 10.5 400.0 
Auzeville 2014 3 20 79 3.9 18.2 18.1 2.7 0.0 4.8 9.9 400.0 
Auzeville 2014 3 21 80 10.0 16.7 12.2 3.1 0.0 5.2 11.2 400.0 
Auzeville 2014 3 22 81 7.5 10.6 3.3 0.9 11.0 2.5 9.7 400.0 
Auzeville 2014 3 23 82 3.7 9.8 12.3 2.0 2.5 4.0 7.8 400.0 
Auzeville 2014 3 24 83 3.5 13.1 12.8 1.8 9.5 1.9 8.3 400.0 
Auzeville 2014 3 25 84 7.1 10.3 7.9 1.9 4.0 3.9 9.0 400.0 
Auzeville 2014 3 26 85 5.0 11.9 8.1 1.7 0.0 2.6 8.8 400.0 
Auzeville 2014 3 27 86 3.0 13.4 15.8 2.2 0.5 1.4 7.4 400.0 
Auzeville 2014 3 28 87 2.0 17.2 19.3 3.3 0.0 4.8 7.6 400.0 
Auzeville 2014 3 29 88 10.8 16.6 10.7 5.0 0.0 9.6 10.2 400.0 
Auzeville 2014 3 30 89 12.0 16.4 6.9 3.3 0.0 6.6 11.8 400.0 
Auzeville 2014 3 31 90 11.9 18.1 15.9 3.4 0.0 4.8 13.3 400.0 
Auzeville 2014 4 1 91 12.0 18.2 19.4 4.3 0.0 6.6 13.2 400.0 
Auzeville 2014 4 2 92 12.4 16.1 10.1 3.6 0.0 8.5 12.5 400.0 
Auzeville 2014 4 3 93 10.9 14.4 2.1 0.8 19.0 3.6 12.9 400.0 
Auzeville 2014 4 4 94 9.5 16.1 7.6 1.9 2.5 2.8 12.4 400.0 
Auzeville 2014 4 5 95 4.1 19.0 19.7 2.6 0.0 1.8 10.2 400.0 
Auzeville 2014 4 6 96 10.0 21.4 20.9 3.1 0.0 0.8 13.5 400.0 
Auzeville 2014 4 7 97 8.9 24.7 20.9 3.9 2.5 3.1 13.4 400.0 
Auzeville 2014 4 8 98 11.9 16.1 9.0 2.2 1.5 2.3 12.3 400.0 
Auzeville 2014 4 9 99 5.0 20.2 23.6 3.2 0.0 0.9 9.9 400.0 
Auzeville 2014 4 10 100 4.5 25.1 23.4 3.3 0.0 0.6 10.8 400.0 
Auzeville 2014 4 11 101 10.2 22.0 18.8 3.3 0.0 1.6 12.4 400.0 
Auzeville 2014 4 12 102 11.5 18.2 14.3 2.7 0.0 1.8 13.0 400.0 
Auzeville 2014 4 13 103 11.5 20.8 18.5 3.5 0.0 1.9 13.4 400.0 
Auzeville 2014 4 14 104 6.1 22.5 24.4 3.6 0.0 0.9 10.4 400.0 
Auzeville 2014 4 15 105 5.6 23.3 25.0 3.8 0.0 1.0 9.9 400.0 
Auzeville 2014 4 16 106 4.0 24.6 25.5 4.2 0.0 1.9 9.3 400.0 
Auzeville 2014 4 17 107 10.1 23.8 25.0 5.0 0.0 3.1 11.2 400.0 
Auzeville 2014 4 18 108 8.4 21.4 19.7 3.9 0.0 2.5 9.8 400.0 
Auzeville 2014 4 19 109 10.6 18.2 20.4 4.0 1.0 2.4 9.2 400.0 
Auzeville 2014 4 20 110 8.9 10.3 2.3 0.7 12.0 2.5 10.0 400.0 
Auzeville 2014 4 21 111 8.2 18.7 18.5 2.9 5.0 1.9 12.9 400.0 
Auzeville 2014 4 22 112 11.7 16.8 7.7 1.7 2.5 1.0 14.4 400.0 
Auzeville 2014 4 23 113 6.2 22.8 22.4 3.6 0.0 1.6 12.0 400.0 
Auzeville 2014 4 24 114 11.6 21.3 13.1 2.9 6.0 1.8 15.1 400.0 
Auzeville 2014 4 25 115 9.8 16.1 14.0 2.8 3.5 2.8 12.1 400.0 
Auzeville 2014 4 26 116 5.1 17.4 11.5 2.0 10.5 1.6 11.3 400.0 
Auzeville 2014 4 27 117 8.3 15.7 18.3 3.4 2.0 3.6 10.6 400.0 
Auzeville 2014 4 28 118 9.2 16.1 16.7 3.2 0.0 3.0 10.7 400.0 
Auzeville 2014 4 29 119 8.2 18.6 13.7 2.5 1.5 2.0 12.4 400.0 
Auzeville 2014 4 30 120 12.0 18.4 15.0 3.2 1.0 2.8 13.6 400.0 
Auzeville 2014 5 1 121 11.6 17.5 11.5 2.8 8.0 3.1 12.9 400.0 
Auzeville 2014 5 2 122 9.9 16.6 16.1 3.2 1.5 3.8 12.3 400.0 
Auzeville 2014 5 3 123 11.7 16.3 14.2 3.6 0.0 3.7 11.3 400.0 
Auzeville 2014 5 4 124 5.8 18.6 27.5 4.2 0.0 1.7 8.9 400.0 
Auzeville 2014 5 5 125 4.8 22.4 27.8 4.8 0.0 3.5 10.3 400.0 
Auzeville 2014 5 6 126 13.3 20.6 14.0 3.7 0.0 4.2 14.3 400.0 
Auzeville 2014 5 7 127 12.9 20.2 10.0 2.3 0.0 1.3 15.2 400.0 
Auzeville 2014 5 8 128 11.3 20.9 22.2 3.8 0.0 1.3 13.5 400.0 
Auzeville 2014 5 9 129 11.9 20.0 10.1 2.4 0.0 1.4 13.9 400.0 
Auzeville 2014 5 10 130 9.4 23.4 23.1 4.0 2.0 1.6 14.0 400.0 
Auzeville 2014 5 11 131 13.3 18.6 13.7 3.4 4.0 2.6 12.9 400.0 
Auzeville 2014 5 12 132 8.2 17.2 13.0 2.5 2.0 1.4 10.7 400.0 
Auzeville 2014 5 13 133 8.3 16.9 19.3 3.6 1.0 2.7 10.3 400.0 
Auzeville 2014 5 14 134 8.0 19.0 22.3 4.1 0.0 2.1 9.9 400.0 
Auzeville 2014 5 15 135 5.1 20.6 29.5 4.7 0.0 1.7 8.1 400.0 
Auzeville 2014 5 16 136 5.6 21.0 29.6 4.9 0.0 2.0 7.8 400.0 
Auzeville 2014 5 17 137 9.2 22.0 26.5 4.5 0.0 1.1 9.9 400.0 
Auzeville 2014 5 18 138 6.6 24.0 28.4 5.4 0.0 3.6 11.1 400.0 
Auzeville 2014 5 19 139 13.5 23.0 25.4 6.5 0.0 6.5 14.5 400.0 
Auzeville 2014 5 20 140 15.2 21.2 23.2 6.2 0.0 7.1 14.8 400.0 
Auzeville 2014 5 21 141 16.0 21.9 18.2 5.1 0.5 7.2 17.5 400.0 
Auzeville 2014 5 22 142 13.9 25.7 29.7 6.7 0.0 3.3 13.8 400.0 
Auzeville 2014 5 23 143 8.5 20.3 13.3 3.2 2.5 2.4 12.9 400.0 
Auzeville 2014 5 24 144 5.7 21.0 24.5 3.9 0.0 1.2 10.4 400.0 
Auzeville 2014 5 25 145 12.4 22.8 23.9 4.5 9.5 1.4 14.3 400.0 
Auzeville 2014 5 26 146 11.5 15.4 9.9 2.2 9.0 2.3 13.1 400.0 
Auzeville 2014 5 27 147 9.4 19.7 20.4 3.6 0.5 1.2 12.1 400.0 
Auzeville 2014 5 28 148 7.7 21.1 21.6 3.8 10.5 1.8 12.9 400.0 
Auzeville 2014 5 29 149 11.6 20.2 12.0 2.9 0.0 2.0 13.7 400.0 
Auzeville 2014 5 30 150 10.0 20.0 17.2 3.3 5.0 2.4 13.8 400.0 
Auzeville 2014 5 31 151 12.6 21.2 14.4 3.4 7.5 2.8 15.8 400.0 
Auzeville 2014 6 1 152 13.7 22.5 22.6 4.8 0.0 2.5 14.3 400.0 
Auzeville 2014 6 2 153 13.2 22.7 18.4 4.2 0.0 2.3 14.0 400.0 
Auzeville 2014 6 3 154 13.3 21.9 22.5 4.4 0.0 1.6 14.1 400.0 
Auzeville 2014 6 4 155 12.4 18.5 11.0 2.7 0.5 1.9 13.5 400.0 
Auzeville 2014 6 5 156 8.6 26.3 30.3 5.9 0.0 2.7 12.4 400.0 
Auzeville 2014 6 6 157 15.5 23.9 23.6 6.4 0.0 6.5 16.1 400.0 
Auzeville 2014 6 7 158 17.4 27.6 25.6 7.1 0.0 5.2 18.0 400.0 
Auzeville 2014 6 8 159 17.2 29.7 28.9 7.2 0.0 3.8 18.5 400.0 
Auzeville 2014 6 9 160 18.4 31.0 20.8 6.3 0.0 3.0 16.2 400.0 
Auzeville 2014 6 10 161 16.9 25.5 18.0 4.2 0.0 1.8 17.9 400.0 
Auzeville 2014 6 11 162 18.1 30.0 25.0 5.6 0.0 1.3 19.4 400.0 
Auzeville 2014 6 12 163 17.9 31.8 28.0 6.2 0.0 1.3 19.5 400.0 
Auzeville 2014 6 13 164 20.9 31.3 25.4 6.7 0.0 2.9 21.6 400.0 
Auzeville 2014 6 14 165 17.8 26.9 27.8 7.2 0.0 4.0 15.9 400.0 
Auzeville 2014 6 15 166 15.5 23.7 27.1 6.4 0.0 3.3 12.1 400.0 
Auzeville 2014 6 16 167 15.7 25.7 22.0 5.4 0.0 2.3 12.9 400.0 
Auzeville 2014 6 17 168 15.4 26.0 24.1 5.5 2.0 2.1 15.9 400.0 
Auzeville 2014 6 18 169 13.6 25.6 25.0 5.2 0.0 1.6 13.7 400.0 
Auzeville 2014 6 19 170 11.4 27.9 30.4 5.6 0.0 1.0 13.5 400.0 
Auzeville 2014 6 20 171 12.2 31.8 30.5 5.9 0.0 0.8 14.3 400.0 
Auzeville 2014 6 21 172 15.1 33.2 29.1 6.8 0.0 2.0 14.7 400.0 
Auzeville 2014 6 22 173 19.2 30.5 24.5 6.4 0.0 2.9 20.1 400.0 
Auzeville 2014 6 23 174 17.8 28.5 19.1 4.6 12.5 1.7 21.8 400.0 
Auzeville 2014 6 24 175 17.1 26.0 19.5 4.6 57.5 2.1 19.0 400.0 
Auzeville 2014 6 25 176 16.0 28.1 25.3 6.0 0.0 2.9 17.8 400.0 
Auzeville 2014 6 26 177 17.3 26.0 17.5 4.5 0.0 2.4 18.9 400.0 
Auzeville 2014 6 27 178 14.5 28.8 28.4 5.6 0.0 1.0 16.6 400.0 
Auzeville 2014 6 28 179 17.7 32.3 25.0 6.3 5.5 2.4 22.5 400.0 
Auzeville 2014 6 29 180 14.6 21.8 23.8 5.0 2.5 3.0 15.5 400.0 
Auzeville 2014 6 30 181 12.4 24.8 28.2 5.1 0.0 1.0 14.1 400.0 
Auzeville 2014 7 1 182 13.9 26.3 17.2 4.2 5.5 2.5 17.2 400.0 
Auzeville 2014 7 2 183 16.8 24.9 12.9 2.9 1.0 0.8 20.9 400.0 
Auzeville 2014 7 3 184 13.8 24.6 11.1 2.5 4.5 1.2 18.9 400.0 
Auzeville 2014 7 4 185 16.6 24.2 16.7 3.8 3.0 2.0 19.4 400.0 
Auzeville 2014 7 5 186 13.9 28.9 25.0 5.0 0.0 0.8 18.1 400.0 
Auzeville 2014 7 6 187 18.6 27.9 17.6 4.9 18.0 2.9 21.7 400.0 
Auzeville 2014 7 7 188 13.9 19.8 9.2 2.3 3.5 1.6 16.3 400.0 
Auzeville 2014 7 8 189 13.8 22.6 18.0 4.1 0.5 2.7 15.9 400.0 
Auzeville 2014 7 9 190 14.5 22.0 19.8 4.9 1.0 3.6 13.8 400.0 
Auzeville 2014 7 10 191 15.1 22.4 18.0 4.9 0.0 3.9 13.8 400.0 
Auzeville 2014 7 11 192 16.0 23.7 13.6 4.0 0.5 2.8 15.5 400.0 
Auzeville 2014 7 12 193 15.1 22.6 19.0 4.1 1.5 2.5 16.3 400.0 
Auzeville 2014 7 13 194 14.6 25.0 21.9 4.5 4.5 1.9 17.5 400.0 
Auzeville 2014 7 14 195 16.7 25.6 21.5 4.8 0.5 2.0 18.8 400.0 
Auzeville 2014 7 15 196 12.9 28.4 29.5 5.5 0.0 0.9 16.8 400.0 
Auzeville 2014 7 16 197 14.1 33.1 29.4 5.9 0.0 0.7 19.2 400.0 
Auzeville 2014 7 17 198 15.2 33.5 28.6 6.9 0.0 2.5 16.4 400.0 
Auzeville 2014 7 18 199 17.8 30.7 25.0 6.5 0.0 4.3 21.5 400.0 
Auzeville 2014 7 19 200 21.1 26.8 14.8 4.5 0.0 3.6 22.0 400.0 
Auzeville 2014 7 20 201 18.6 24.2 16.9 4.3 6.5 2.5 19.1 400.0 
Auzeville 2014 7 21 202 17.2 25.3 19.2 4.8 0.0 3.0 18.4 400.0 
Auzeville 2014 7 22 203 15.2 26.3 25.6 5.3 0.0 2.3 17.1 400.0 
Auzeville 2014 7 23 204 15.7 29.7 25.6 5.3 0.0 1.3 17.9 400.0 
Auzeville 2014 7 24 205 18.2 30.4 23.8 5.3 9.0 1.2 20.6 400.0 
Auzeville 2014 7 25 206 19.0 22.3 7.5 2.0 1.5 1.3 21.4 400.0 
Auzeville 2014 7 26 207 14.3 27.9 21.9 4.4 0.0 1.3 19.8 400.0 
Auzeville 2014 7 27 208 18.7 28.1 25.9 5.7 0.0 1.9 19.6 400.0 
Auzeville 2014 7 28 209 17.1 25.6 13.1 3.5 7.0 2.0 20.3 400.0 
Auzeville 2014 7 29 210 14.6 22.8 16.3 4.0 0.5 3.0 15.1 400.0 
Auzeville 2014 7 30 211 16.5 25.7 18.6 4.3 0.0 2.2 18.3 400.0 
Auzeville 2014 7 31 212 14.1 27.9 26.5 5.1 0.0 1.1 17.1 400.0 
Auzeville 2014 8 1 213 14.4 28.5 18.8 3.9 10.0 1.0 19.7 400.0 
Auzeville 2014 8 2 214 17.9 26.7 18.6 4.0 0.5 0.9 21.5 400.0 
Auzeville 2014 8 3 215 15.1 28.4 23.4 4.6 3.0 1.1 20.3 400.0 
Auzeville 2014 8 4 216 17.7 23.9 13.7 3.0 5.0 1.2 20.9 400.0 
Auzeville 2014 8 5 217 17.5 26.4 26.1 5.3 0.0 1.6 17.9 400.0 
Auzeville 2014 8 6 218 13.1 27.3 21.9 4.3 0.0 1.3 16.3 400.0 
Auzeville 2014 8 7 219 17.4 28.4 16.6 3.7 0.0 0.9 21.2 400.0 
Auzeville 2014 8 8 220 16.9 31.7 22.0 5.1 13.5 1.9 23.7 400.0 
Auzeville 2014 8 9 221 17.1 26.9 17.8 4.0 0.0 2.4 21.4 400.0 
Auzeville 2014 8 10 222 19.7 30.7 21.9 5.3 4.0 2.6 25.0 400.0 
Auzeville 2014 8 11 223 18.2 23.0 14.9 3.7 0.0 2.0 17.0 400.0 
Auzeville 2014 8 12 224 15.5 24.9 19.3 3.8 5.5 0.9 16.3 400.0 
Auzeville 2014 8 13 225 16.2 22.6 20.1 4.5 0.5 3.0 16.0 400.0 
Auzeville 2014 8 14 226 14.6 24.3 18.9 4.3 0.0 2.4 15.6 400.0 
Auzeville 2014 8 15 227 14.2 21.7 14.4 3.2 2.0 2.0 14.8 400.0 
Auzeville 2014 8 16 228 13.1 23.3 19.9 4.0 0.0 1.8 14.0 400.0 
Auzeville 2014 8 17 229 9.9 26.2 26.1 4.3 0.0 0.7 14.1 400.0 
Auzeville 2014 8 18 230 10.8 26.7 21.7 3.9 1.5 1.2 15.8 400.0 
Auzeville 2014 8 19 231 16.8 22.2 10.4 2.9 0.0 1.5 15.0 400.0 
Auzeville 2014 8 20 232 11.9 21.4 14.5 3.0 0.0 1.8 12.7 400.0 
