chapais 2001  4  1  91    -4.0    1.0   19.0 -999.9    0.0 -999.9 -999.9  330.0
chapais 2001  4  2  92    -4.0    1.0   13.5 -999.9    3.0 -999.9 -999.9  330.0
chapais 2001  4  3  93    -3.0    5.0   16.3 -999.9    0.0 -999.9 -999.9  330.0
chapais 2001  4  4  94    -5.0    9.5   22.4 -999.9    0.0 -999.9 -999.9  330.0
chapais 2001  4  5  95    -5.5    8.0   23.5 -999.9    0.0 -999.9 -999.9  330.0
chapais 2001  4  6  96    -6.0    4.0   17.7 -999.9    0.0 -999.9 -999.9  330.0
chapais 2001  4  7  97    -6.0    4.5   23.1 -999.9    0.0 -999.9 -999.9  330.0
chapais 2001  4  8  98    -2.0    2.0    3.6 -999.9    6.0 -999.9 -999.9  330.0
chapais 2001  4  9  99    -1.0    7.0   11.8 -999.9    0.6 -999.9 -999.9  330.0
chapais 2001  4 10 100    -1.0    8.0   21.0 -999.9    0.0 -999.9 -999.9  330.0
chapais 2001  4 11 101    -5.5    5.0   24.2 -999.9    0.0 -999.9 -999.9  330.0
chapais 2001  4 12 102     0.0    5.5    2.9 -999.9   22.0 -999.9 -999.9  330.0
chapais 2001  4 13 103     1.0    8.0    5.2 -999.9    2.0 -999.9 -999.9  330.0
chapais 2001  4 14 104    -2.5    5.0   21.7 -999.9    0.0 -999.9 -999.9  330.0
chapais 2001  4 15 105    -7.5    8.5   24.9 -999.9    0.0 -999.9 -999.9  330.0
chapais 2001  4 16 106    -2.5    8.0   25.1 -999.9    0.0 -999.9 -999.9  330.0
chapais 2001  4 17 107    -5.0    8.5   25.3 -999.9    0.0 -999.9 -999.9  330.0
chapais 2001  4 18 108    -7.5    5.0   25.1 -999.9    0.0 -999.9 -999.9  330.0
chapais 2001  4 19 109    -3.5    7.5   24.7 -999.9    0.0 -999.9 -999.9  330.0
chapais 2001  4 20 110    -5.0   12.5   25.5 -999.9    0.0 -999.9 -999.9  330.0
chapais 2001  4 21 111    -2.5   20.5   24.0 -999.9    1.6 -999.9 -999.9  330.0
chapais 2001  4 22 112     6.5   15.0    6.6 -999.9    0.6 -999.9 -999.9  330.0
chapais 2001  4 23 113    -2.5   11.0   13.0 -999.9    0.0 -999.9 -999.9  330.0
chapais 2001  4 24 114     2.0   20.5   11.6 -999.9    0.8 -999.9 -999.9  330.0
chapais 2001  4 25 115    -1.0   11.5   26.2 -999.9    0.0 -999.9 -999.9  330.0
chapais 2001  4 26 116    -4.0   18.0   26.1 -999.9    0.0 -999.9 -999.9  330.0
chapais 2001  4 27 117     3.5   16.0   17.8 -999.9    0.0 -999.9 -999.9  330.0
chapais 2001  4 28 118    -2.0   11.0   27.1 -999.9    0.0 -999.9 -999.9  330.0
chapais 2001  4 29 119    -5.0   15.0   23.5 -999.9    2.2 -999.9 -999.9  330.0
chapais 2001  4 30 120     3.5   15.0   13.2 -999.9    2.2 -999.9 -999.9  330.0
chapais 2001  5  1 121     4.5   26.5   22.9 -999.9    0.0 -999.9 -999.9  330.0
chapais 2001  5  2 122     7.5   29.5   22.5 -999.9    0.0 -999.9 -999.9  330.0
chapais 2001  5  3 123     5.0   30.0   18.6 -999.9    6.8 -999.9 -999.9  330.0
chapais 2001  5  4 124    11.0   18.0   15.5 -999.9    0.0 -999.9 -999.9  330.0
chapais 2001  5  5 125     5.0   12.0   18.6 -999.9    0.0 -999.9 -999.9  330.0
chapais 2001  5  6 126    -2.0   18.5   28.9 -999.9    0.0 -999.9 -999.9  330.0
chapais 2001  5  7 127    -1.0   22.0   28.1 -999.9    0.0 -999.9 -999.9  330.0
chapais 2001  5  8 128     2.0   26.5   29.0 -999.9    0.0 -999.9 -999.9  330.0
chapais 2001  5  9 129     4.0   23.5   24.6 -999.9    0.0 -999.9 -999.9  330.0
chapais 2001  5 10 130     6.0   26.5   27.3 -999.9    0.0 -999.9 -999.9  330.0
chapais 2001  5 11 131     8.0   25.5   24.4 -999.9    0.6 -999.9 -999.9  330.0
chapais 2001  5 12 132     9.5   17.5    7.2 -999.9   14.4 -999.9 -999.9  330.0
chapais 2001  5 13 133     4.5   16.0   23.8 -999.9    0.0 -999.9 -999.9  330.0
chapais 2001  5 14 134    -2.0   15.5   28.9 -999.9    0.0 -999.9 -999.9  330.0
chapais 2001  5 15 135     6.5   11.0    6.9 -999.9    0.0 -999.9 -999.9  330.0
chapais 2001  5 16 136     8.0   12.0   10.9 -999.9    0.0 -999.9 -999.9  330.0
chapais 2001  5 17 137     6.0   13.5   24.6 -999.9    0.0 -999.9 -999.9  330.0
chapais 2001  5 18 138     5.5   15.0   13.1 -999.9    6.6 -999.9 -999.9  330.0
chapais 2001  5 19 139     7.5   15.5   27.3 -999.9    0.0 -999.9 -999.9  330.0
chapais 2001  5 20 140     2.5   24.0   29.8 -999.9    0.0 -999.9 -999.9  330.0
chapais 2001  5 21 141     6.0   27.0   28.7 -999.9    0.0 -999.9 -999.9  330.0
chapais 2001  5 22 142     6.5   24.0   29.1 -999.9    0.0 -999.9 -999.9  330.0
chapais 2001  5 23 143     9.2   25.4   27.1 -999.9    0.0 -999.9 -999.9  330.0
chapais 2001  5 24 144     9.8   20.2   29.1 -999.9    0.0 -999.9 -999.9  330.0
chapais 2001  5 25 145     8.7   25.8   30.2 -999.9    0.0 -999.9 -999.9  330.0
chapais 2001  5 26 146     8.9   25.9   24.9 -999.9    0.8 -999.9 -999.9  330.0
chapais 2001  5 27 147    10.9   17.3   10.2 -999.9    5.6 -999.9 -999.9  330.0
chapais 2001  5 28 148    11.0   17.2    7.1 -999.9   38.2 -999.9 -999.9  330.0
chapais 2001  5 29 149    11.8   16.2    8.8 -999.9    6.4 -999.9 -999.9  330.0
chapais 2001  5 30 150     6.9   11.3   15.9 -999.9    1.0 -999.9 -999.9  330.0
chapais 2001  5 31 151     5.4   17.3   28.9 -999.9    0.0 -999.9 -999.9  330.0
chapais 2001  6  1 152     7.9   21.0   29.4 -999.9   12.6 -999.9 -999.9  330.0
chapais 2001  6  2 153    10.1   13.8    2.9 -999.9   12.8 -999.9 -999.9  330.0
chapais 2001  6  3 154    10.1   14.2    9.2 -999.9    3.4 -999.9 -999.9  330.0
chapais 2001  6  4 155    11.1   13.2    4.3 -999.9   11.0 -999.9 -999.9  330.0
chapais 2001  6  5 156    11.1   19.3   21.2 -999.9    4.2 -999.9 -999.9  330.0
chapais 2001  6  6 157    13.6   19.7   17.3 -999.9    0.2 -999.9 -999.9  330.0
chapais 2001  6  7 158     8.5   24.4   31.0 -999.9    0.0 -999.9 -999.9  330.0
chapais 2001  6  8 159     7.3   20.2   29.7 -999.9    0.0 -999.9 -999.9  330.0
chapais 2001  6  9 160     7.4   21.9   25.6 -999.9    2.6 -999.9 -999.9  330.0
chapais 2001  6 10 161    12.4   23.1   29.3 -999.9    0.2 -999.9 -999.9  330.0
chapais 2001  6 11 162     9.9   26.7   22.6 -999.9   12.2 -999.9 -999.9  330.0
chapais 2001  6 12 163    11.9   21.0   14.9 -999.9    0.4 -999.9 -999.9  330.0
chapais 2001  6 13 164    13.7   27.2   27.9 -999.9    0.0 -999.9 -999.9  330.0
chapais 2001  6 14 165    12.9   29.9   28.7 -999.9    0.0 -999.9 -999.9  330.0
chapais 2001  6 15 166    18.3   32.8   27.8 -999.9    0.0 -999.9 -999.9  330.0
chapais 2001  6 16 167    15.6   29.5   27.3 -999.9    1.6 -999.9 -999.9  330.0
chapais 2001  6 17 168    16.2   26.5   14.4 -999.9    0.8 -999.9 -999.9  330.0
chapais 2001  6 18 169    12.6   25.2   30.0 -999.9    5.0 -999.9 -999.9  330.0
chapais 2001  6 19 170    13.1   30.2   17.9 -999.9   10.0 -999.9 -999.9  330.0
chapais 2001  6 20 171    15.9   26.4   25.0 -999.9    0.0 -999.9 -999.9  330.0
chapais 2001  6 21 172     9.8   25.7   29.1 -999.9    0.2 -999.9 -999.9  330.0
chapais 2001  6 22 173    14.4   17.5    3.1 -999.9   32.2 -999.9 -999.9  330.0
chapais 2001  6 23 174    15.8   19.4    5.5 -999.9   18.6 -999.9 -999.9  330.0
chapais 2001  6 24 175    16.1   25.4   23.3 -999.9    0.0 -999.9 -999.9  330.0
chapais 2001  6 25 176    15.8   28.3   24.5 -999.9    0.0 -999.9 -999.9  330.0
chapais 2001  6 26 177    16.4   30.2   27.6 -999.9    0.0 -999.9 -999.9  330.0
chapais 2001  6 27 178    19.5   28.7   24.0 -999.9    0.0 -999.9 -999.9  330.0
chapais 2001  6 28 179    14.6   23.5   31.4 -999.9    0.0 -999.9 -999.9  330.0
chapais 2001  6 29 180     9.8   19.6   10.4 -999.9    1.0 -999.9 -999.9  330.0
chapais 2001  6 30 181    17.5   25.7   10.4 -999.9    2.2 -999.9 -999.9  330.0
chapais 2001  7  1 182    14.6   23.6   12.3 -999.9    6.0 -999.9 -999.9  330.0
chapais 2001  7  2 183     7.1   20.3   25.7 -999.9    0.0 -999.9 -999.9  330.0
chapais 2001  7  3 184    10.6   21.1   18.4 -999.9    1.2 -999.9 -999.9  330.0
chapais 2001  7  4 185    14.4   25.5   16.1 -999.9   10.0 -999.9 -999.9  330.0
chapais 2001  7  5 186    14.5   23.9   26.9 -999.9    0.0 -999.9 -999.9  330.0
chapais 2001  7  6 187    10.4   17.2   18.4 -999.9    6.4 -999.9 -999.9  330.0
chapais 2001  7  7 188    12.8   23.7   19.2 -999.9    0.6 -999.9 -999.9  330.0
chapais 2001  7  8 189    15.2   19.8    3.9 -999.9    3.0 -999.9 -999.9  330.0
chapais 2001  7  9 190    16.1   25.3   22.1 -999.9    0.2 -999.9 -999.9  330.0
chapais 2001  7 10 191    15.3   20.8   12.7 -999.9   20.4 -999.9 -999.9  330.0
chapais 2001  7 11 192    15.1   19.9    9.6 -999.9    5.8 -999.9 -999.9  330.0
chapais 2001  7 12 193    14.4   18.9   10.0 -999.9    5.4 -999.9 -999.9  330.0
chapais 2001  7 13 194    14.7   20.1   12.3 -999.9    3.2 -999.9 -999.9  330.0
chapais 2001  7 14 195    14.4   23.5   17.6 -999.9    1.8 -999.9 -999.9  330.0
chapais 2001  7 15 196    15.1   22.1   12.3 -999.9    0.2 -999.9 -999.9  330.0
chapais 2001  7 16 197    14.0   20.9   15.1 -999.9   11.0 -999.9 -999.9  330.0
chapais 2001  7 17 198    14.0   20.3   17.2 -999.9    0.4 -999.9 -999.9  330.0
chapais 2001  7 18 199    15.0   25.2   25.8 -999.9    0.0 -999.9 -999.9  330.0
chapais 2001  7 19 200    11.9   27.9   28.8 -999.9    0.0 -999.9 -999.9  330.0
chapais 2001  7 20 201    13.3   28.8   28.7 -999.9    0.0 -999.9 -999.9  330.0
chapais 2001  7 21 202    14.9   28.0   23.2 -999.9    0.0 -999.9 -999.9  330.0
chapais 2001  7 22 203    19.0   26.5   13.9 -999.9   12.0 -999.9 -999.9  330.0
chapais 2001  7 23 204    17.3   30.2   23.6 -999.9    9.0 -999.9 -999.9  330.0
chapais 2001  7 24 205    21.2   29.2   13.2 -999.9    7.0 -999.9 -999.9  330.0
chapais 2001  7 25 206    16.3   23.7   19.3 -999.9    0.4 -999.9 -999.9  330.0
chapais 2001  7 26 207    12.2   18.9   25.0 -999.9    0.0 -999.9 -999.9  330.0
chapais 2001  7 27 208     9.4   20.9   23.9 -999.9    0.0 -999.9 -999.9  330.0
chapais 2001  7 28 209    10.2   23.0   22.5 -999.9    1.0 -999.9 -999.9  330.0
chapais 2001  7 29 210    12.2   26.8   25.8 -999.9    0.0 -999.9 -999.9  330.0
chapais 2001  7 30 211    13.4   28.3   25.9 -999.9    0.0 -999.9 -999.9  330.0
chapais 2001  7 31 212    13.1   29.2   26.5 -999.9    0.0 -999.9 -999.9  330.0
chapais 2001  8  1 213    12.5   30.1   26.6 -999.9    0.0 -999.9 -999.9  330.0
chapais 2001  8  2 214    17.1   30.5   18.8 -999.9    0.0 -999.9 -999.9  330.0
chapais 2001  8  3 215    20.1   29.7   27.5 -999.9    0.0 -999.9 -999.9  330.0
chapais 2001  8  4 216    13.0   28.0   27.8 -999.9    0.0 -999.9 -999.9  330.0
chapais 2001  8  5 217    13.4   29.3   23.6 -999.9    0.0 -999.9 -999.9  330.0
chapais 2001  8  6 218    19.6   27.3   14.1 -999.9   10.6 -999.9 -999.9  330.0
chapais 2001  8  7 219    19.5   29.5   23.0 -999.9    0.2 -999.9 -999.9  330.0
chapais 2001  8  8 220    15.5   25.9    9.6 -999.9    2.2 -999.9 -999.9  330.0
chapais 2001  8  9 221    18.1   31.7   23.9 -999.9    0.8 -999.9 -999.9  330.0
chapais 2001  8 10 222    18.7   29.2   20.7 -999.9    0.0 -999.9 -999.9  330.0
chapais 2001  8 11 223    12.0   24.4   26.5 -999.9    0.0 -999.9 -999.9  330.0
chapais 2001  8 12 224    11.2   27.8   24.3 -999.9    0.0 -999.9 -999.9  330.0
chapais 2001  8 13 225    16.8   27.1   15.8 -999.9    0.0 -999.9 -999.9  330.0
chapais 2001  8 14 226    10.6   25.3   25.1 -999.9    0.0 -999.9 -999.9  330.0
chapais 2001  8 15 227    10.6   27.6   25.4 -999.9    0.0 -999.9 -999.9  330.0
chapais 2001  8 16 228    13.0   28.2   19.0 -999.9    1.8 -999.9 -999.9  330.0
chapais 2001  8 17 229    17.0   23.7    4.3 -999.9   21.2 -999.9 -999.9  330.0
chapais 2001  8 18 230    17.3   23.6   13.4 -999.9    0.6 -999.9 -999.9  330.0
chapais 2001  8 19 231    15.0   27.7   24.3 -999.9   10.6 -999.9 -999.9  330.0
chapais 2001  8 20 232    12.8   16.4    8.2 -999.9   17.6 -999.9 -999.9  330.0
chapais 2001  8 21 233    15.5   21.8    7.4 -999.9    0.6 -999.9 -999.9  330.0
chapais 2001  8 22 234    15.7   25.8   18.5 -999.9    0.4 -999.9 -999.9  330.0
chapais 2001  8 23 235    15.5   23.7   13.1 -999.9    0.0 -999.9 -999.9  330.0
chapais 2001  8 24 236     9.6   19.3   23.4 -999.9    0.0 -999.9 -999.9  330.0
chapais 2001  8 25 237     7.1   23.1   23.7 -999.9    0.0 -999.9 -999.9  330.0
chapais 2001  8 26 238     9.1   22.2    9.3 -999.9   14.4 -999.9 -999.9  330.0
chapais 2001  8 27 239    17.6   24.4   18.1 -999.9    0.6 -999.9 -999.9  330.0
chapais 2001  8 28 240    14.5   20.8    5.5 -999.9    2.8 -999.9 -999.9  330.0
chapais 2001  8 29 241    12.3   20.2   22.0 -999.9    0.0 -999.9 -999.9  330.0
chapais 2001  8 30 242     7.7   21.9   21.2 -999.9    0.0 -999.9 -999.9  330.0
chapais 2001  8 31 243    13.4   26.1    7.5 -999.9   22.0 -999.9 -999.9  330.0
chapais 2001  9  1 244    11.6   18.8   21.1 -999.9    0.0 -999.9 -999.9  330.0
chapais 2001  9  2 245     7.6   19.2   21.3 -999.9    0.4 -999.9 -999.9  330.0
chapais 2001  9  3 246     9.6   23.3   14.6 -999.9    4.8 -999.9 -999.9  330.0
chapais 2001  9  4 247    15.8   20.3    6.9 -999.9    3.0 -999.9 -999.9  330.0
chapais 2001  9  5 248     8.5   19.6   22.3 -999.9    0.0 -999.9 -999.9  330.0
chapais 2001  9  6 249     6.0   20.7   12.4 -999.9    0.0 -999.9 -999.9  330.0
chapais 2001  9  7 250    12.0   25.9   18.2 -999.9    0.4 -999.9 -999.9  330.0
chapais 2001  9  8 251    16.7   29.1   16.6 -999.9    0.2 -999.9 -999.9  330.0
chapais 2001  9  9 252    19.3   30.4   17.1 -999.9    0.2 -999.9 -999.9  330.0
chapais 2001  9 10 253    18.2   28.5   14.4 -999.9    2.8 -999.9 -999.9  330.0
chapais 2001  9 11 254    13.2   18.7   19.7 -999.9    0.4 -999.9 -999.9  330.0
chapais 2001  9 12 255     9.1   19.2   18.9 -999.9    6.2 -999.9 -999.9  330.0
chapais 2001  9 13 256     8.9   17.3   18.1 -999.9    1.6 -999.9 -999.9  330.0
chapais 2001  9 14 257     7.6   15.4   17.5 -999.9    0.0 -999.9 -999.9  330.0
chapais 2001  9 15 258     4.7   16.3   18.7 -999.9    0.0 -999.9 -999.9  330.0
chapais 2001  9 16 259     9.8   20.4   17.7 -999.9    0.0 -999.9 -999.9  330.0
chapais 2001  9 17 260     9.4   22.4   19.1 -999.9    0.0 -999.9 -999.9  330.0
chapais 2001  9 18 261     9.4   20.2   15.5 -999.9    0.0 -999.9 -999.9  330.0
chapais 2001  9 19 262     5.7   18.1   19.1 -999.9    0.0 -999.9 -999.9  330.0
chapais 2001  9 20 263    11.9   17.2    5.0 -999.9   19.6 -999.9 -999.9  330.0
chapais 2001  9 21 264    13.7   18.4    3.9 -999.9    1.6 -999.9 -999.9  330.0
chapais 2001  9 22 265    13.4   19.3    7.8 -999.9   12.0 -999.9 -999.9  330.0
chapais 2001  9 23 266    13.7   21.9   13.3 -999.9    0.4 -999.9 -999.9  330.0
chapais 2001  9 24 267    11.5   21.0   13.5 -999.9    1.8 -999.9 -999.9  330.0
chapais 2001  9 25 268    12.4   15.7    1.4 -999.9   46.6 -999.9 -999.9  330.0
chapais 2001  9 26 269    10.4   12.9    3.4 -999.9    2.4 -999.9 -999.9  330.0
chapais 2001  9 27 270     8.1   14.8    5.6 -999.9    2.4 -999.9 -999.9  330.0
chapais 2001  9 28 271     5.6   15.7   14.6 -999.9    0.4 -999.9 -999.9  330.0
chapais 2001  9 29 272     2.9   14.2   17.3 -999.9    0.0 -999.9 -999.9  330.0
chapais 2001  9 30 273     0.6   17.8   16.8 -999.9    0.0 -999.9 -999.9  330.0
chapais 2001 10  1 274     4.0   18.5   16.2 -999.9    0.0 -999.9 -999.9  330.0
chapais 2001 10  2 275     9.1   20.0   15.3 -999.9    0.0 -999.9 -999.9  330.0
chapais 2001 10  3 276     6.2   11.2    1.5 -999.9    3.0 -999.9 -999.9  330.0
chapais 2001 10  4 277     8.7   15.9    6.1 -999.9    2.6 -999.9 -999.9  330.0
chapais 2001 10  5 278     9.6   13.4    2.6 -999.9   26.0 -999.9 -999.9  330.0
chapais 2001 10  6 279     7.2   10.8    4.9 -999.9    8.0 -999.9 -999.9  330.0
chapais 2001 10  7 280     4.0   10.8    9.8 -999.9    0.0 -999.9 -999.9  330.0
chapais 2001 10  8 281     2.3    7.8   10.7 -999.9    0.2 -999.9 -999.9  330.0
chapais 2001 10  9 282    -0.5   11.4    8.4 -999.9    0.0 -999.9 -999.9  330.0
chapais 2001 10 10 283     6.1   11.7    0.0 -999.9    0.0 -999.9 -999.9  330.0
chapais 2001 10 11 284     4.2   22.4    0.0 -999.9    1.2 -999.9 -999.9  330.0
chapais 2001 10 12 285    11.5   18.9    0.0 -999.9    0.0 -999.9 -999.9  330.0
chapais 2001 10 13 286    10.3   14.2    0.0 -999.9    0.0 -999.9 -999.9  330.0
chapais 2001 10 14 287     9.3   19.0    0.0 -999.9    4.0 -999.9 -999.9  330.0
chapais 2001 10 15 288     9.3   15.5    0.0 -999.9    8.6 -999.9 -999.9  330.0
chapais 2001 10 16 289     6.7   15.1    0.0 -999.9    9.4 -999.9 -999.9  330.0
chapais 2001 10 17 290     4.3   11.4    0.0 -999.9   10.4 -999.9 -999.9  330.0
chapais 2001 10 18 291     2.7    6.4    0.0 -999.9    0.0 -999.9 -999.9  330.0
chapais 2001 10 19 292    -0.1   11.8    0.4 -999.9    0.0 -999.9 -999.9  330.0
chapais 2001 10 20 293     6.5   13.1    6.3 -999.9    2.8 -999.9 -999.9  330.0
chapais 2001 10 21 294     3.9   14.2    7.2 -999.9    2.8 -999.9 -999.9  330.0
chapais 2001 10 22 295     2.6    9.6   12.9 -999.9    0.0 -999.9 -999.9  330.0
chapais 2001 10 23 296     0.3    8.8    3.5 -999.9   25.4 -999.9 -999.9  330.0
