climpdt 1997  1  1   1   -12.3   -8.0    1.4    0.1    0.0 -999.9 -999.9  330.0
climpdt 1997  1  2   2    -9.3   -5.9    1.4    0.1    0.0 -999.9 -999.9  330.0
climpdt 1997  1  3   3    -8.0   -3.8    1.4    0.1    0.0 -999.9 -999.9  330.0
climpdt 1997  1  4   4    -4.3   -3.7    1.4    0.1    0.0 -999.9 -999.9  330.0
climpdt 1997  1  5   5    -4.1   -2.2    1.4    0.1    0.0 -999.9 -999.9  330.0
climpdt 1997  1  6   6    -4.8   -0.9    1.4    0.1    0.0 -999.9 -999.9  330.0
climpdt 1997  1  7   7    -5.4   -3.6    1.4    0.1    0.0 -999.9 -999.9  330.0
climpdt 1997  1  8   8    -4.9    0.4    1.4    0.1    0.0 -999.9 -999.9  330.0
climpdt 1997  1  9   9    -1.8    2.4    1.4    0.1    0.0 -999.9 -999.9  330.0
climpdt 1997  1 10  10    -1.2    0.3    1.4    0.1    0.0 -999.9 -999.9  330.0
climpdt 1997  1 11  11    -1.4    1.0    1.4    0.1    0.0 -999.9 -999.9  330.0
climpdt 1997  1 12  12    -2.7    3.7    3.4    0.0    0.0 -999.9 -999.9  330.0
climpdt 1997  1 13  13    -5.5    4.4    5.6    0.0    0.0 -999.9 -999.9  330.0
climpdt 1997  1 14  14    -6.7    5.0    5.7    0.0    0.0 -999.9 -999.9  330.0
climpdt 1997  1 15  15    -5.9   10.0    5.9    0.0    0.0 -999.9 -999.9  330.0
climpdt 1997  1 16  16    -4.1    8.5    5.5    0.0    0.0 -999.9 -999.9  330.0
climpdt 1997  1 17  17    -1.2    9.2    4.1    0.2    0.0 -999.9 -999.9  330.0
climpdt 1997  1 18  18     2.0    6.6    1.8    0.1    1.0 -999.9 -999.9  330.0
climpdt 1997  1 19  19     2.4    6.9    1.8    0.1    1.0 -999.9 -999.9  330.0
climpdt 1997  1 20  20     0.1    5.7    1.8    0.1    0.0 -999.9 -999.9  330.0
climpdt 1997  1 21  21     2.4    6.8    2.0    0.1    0.0 -999.9 -999.9  330.0
climpdt 1997  1 22  22     3.7   10.7    2.0    0.1    0.0 -999.9 -999.9  330.0
climpdt 1997  1 23  23    -0.2    7.4    2.0    0.1    0.0 -999.9 -999.9  330.0
climpdt 1997  1 24  24     5.0    9.6    2.0    0.1    0.0 -999.9 -999.9  330.0
climpdt 1997  1 25  25     3.4    7.0    2.0    0.1    0.0 -999.9 -999.9  330.0
climpdt 1997  1 26  26    -0.2    2.8    2.0    0.1    0.0 -999.9 -999.9  330.0
climpdt 1997  1 27  27     0.1    1.3    2.0    0.1    0.0 -999.9 -999.9  330.0
climpdt 1997  1 28  28    -0.9    4.0    2.0    0.1    0.0 -999.9 -999.9  330.0
climpdt 1997  1 29  29    -1.5    0.4    2.0    0.1    0.0 -999.9 -999.9  330.0
climpdt 1997  1 30  30    -3.4    0.5    2.0    0.1    0.0 -999.9 -999.9  330.0
climpdt 1997  1 31  31    -2.1   -0.4    2.0    0.1    0.0 -999.9 -999.9  330.0
climpdt 1997  2  1  32    -1.2    0.2    4.6    0.3    0.0 -999.9 -999.9  330.0
climpdt 1997  2  2  33    -2.2    1.2    4.6    0.3    0.0 -999.9 -999.9  330.0
climpdt 1997  2  3  34    -0.8    2.8    4.6    0.3    0.0 -999.9 -999.9  330.0
climpdt 1997  2  4  35     1.4    8.4    4.6    0.3    2.5 -999.9 -999.9  330.0
climpdt 1997  2  5  36     3.8    9.9    4.6    0.3    1.0 -999.9 -999.9  330.0
climpdt 1997  2  6  37    -0.9   10.0    4.6    0.3    0.0 -999.9 -999.9  330.0
climpdt 1997  2  7  38    -2.9   10.5    4.6    0.3    0.0 -999.9 -999.9  330.0
climpdt 1997  2  8  39    -0.9   12.4    4.6    0.3    0.0 -999.9 -999.9  330.0
climpdt 1997  2  9  40    -1.7   12.5    4.6    0.3    0.0 -999.9 -999.9  330.0
climpdt 1997  2 10  41     2.9   14.0    4.6    0.3    1.5 -999.9 -999.9  330.0
climpdt 1997  2 11  42     2.1   10.7    5.9    0.9    3.5 -999.9 -999.9  330.0
climpdt 1997  2 12  43     7.3   12.1    5.9    0.9    2.0 -999.9 -999.9  330.0
climpdt 1997  2 13  44     1.6    8.9    5.9    0.9   11.0 -999.9 -999.9  330.0
climpdt 1997  2 14  45     2.7   13.4    5.9    0.9   19.0 -999.9 -999.9  330.0
climpdt 1997  2 15  46     1.7    8.8    5.9    0.9    0.0 -999.9 -999.9  330.0
climpdt 1997  2 16  47    -1.8    8.1    5.9    0.9    2.0 -999.9 -999.9  330.0
climpdt 1997  2 17  48     4.0   10.9    5.9    0.9    1.5 -999.9 -999.9  330.0
climpdt 1997  2 18  49     6.6   12.7    5.9    0.9    3.5 -999.9 -999.9  330.0
climpdt 1997  2 19  50     1.8   10.6    5.9    0.9    0.0 -999.9 -999.9  330.0
climpdt 1997  2 20  51     6.0   11.8    5.9    0.9    0.0 -999.9 -999.9  330.0
climpdt 1997  2 21  52     5.5   11.4    5.9    1.0    0.0 -999.9 -999.9  330.0
climpdt 1997  2 22  53     2.9   14.5    5.9    1.0    0.0 -999.9 -999.9  330.0
climpdt 1997  2 23  54     3.6   13.2    5.9    1.0    0.0 -999.9 -999.9  330.0
climpdt 1997  2 24  55     9.5   13.0    5.9    1.0   28.5 -999.9 -999.9  330.0
climpdt 1997  2 25  56     9.3   12.8    5.9    1.0   37.5 -999.9 -999.9  330.0
climpdt 1997  2 26  57     5.6   12.2    5.9    1.0    3.5 -999.9 -999.9  330.0
climpdt 1997  2 27  58     2.6   11.7    5.9    1.0    0.0 -999.9 -999.9  330.0
climpdt 1997  2 28  59     1.3   19.3    5.9    1.0    0.0 -999.9 -999.9  330.0
climpdt 1997  3  1  60     7.3   15.8    8.2    1.0    0.0 -999.9 -999.9  330.0
climpdt 1997  3  2  61     5.9   14.2    8.2    1.0    1.0 -999.9 -999.9  330.0
climpdt 1997  3  3  62     7.2   13.5    8.2    1.0    0.0 -999.9 -999.9  330.0
climpdt 1997  3  4  63     8.7   16.3    8.2    1.0    4.5 -999.9 -999.9  330.0
climpdt 1997  3  5  64     6.4    9.9    8.2    1.0    2.0 -999.9 -999.9  330.0
climpdt 1997  3  6  65     7.5   13.3    8.2    1.0    0.5 -999.9 -999.9  330.0
climpdt 1997  3  7  66     4.0   15.2    8.2    1.0    0.0 -999.9 -999.9  330.0
climpdt 1997  3  8  67     1.4   16.2    8.2    1.0    0.0 -999.9 -999.9  330.0
climpdt 1997  3  9  68     3.5   16.9    8.2    1.0    0.0 -999.9 -999.9  330.0
climpdt 1997  3 10  69     0.2   18.0    8.2    1.0    0.0 -999.9 -999.9  330.0
climpdt 1997  3 11  70     2.3   19.8    8.8    1.3    0.0 -999.9 -999.9  330.0
climpdt 1997  3 12  71     1.7   19.1    8.8    1.3    0.0 -999.9 -999.9  330.0
climpdt 1997  3 13  72     5.1   15.3    8.8    1.3    0.0 -999.9 -999.9  330.0
climpdt 1997  3 14  73     3.7   12.4    8.8    1.3    0.0 -999.9 -999.9  330.0
climpdt 1997  3 15  74     2.9   13.2    8.8    1.3    0.0 -999.9 -999.9  330.0
climpdt 1997  3 16  75     6.6   15.1    8.8    1.3    0.0 -999.9 -999.9  330.0
climpdt 1997  3 17  76     7.1   16.8    8.8    1.3    0.0 -999.9 -999.9  330.0
climpdt 1997  3 18  77     1.8   12.5    8.8    1.3    0.5 -999.9 -999.9  330.0
climpdt 1997  3 19  78     5.2   11.0    8.8    1.3    0.5 -999.9 -999.9  330.0
climpdt 1997  3 20  79     0.9   12.3    8.8    1.3    0.0 -999.9 -999.9  330.0
climpdt 1997  3 21  80     1.6   12.1   11.8    2.0    0.0 -999.9 -999.9  330.0
climpdt 1997  3 22  81    -0.9   12.7   11.8    2.0    0.0 -999.9 -999.9  330.0
climpdt 1997  3 23  82     0.6   13.8   11.8    2.0    0.0 -999.9 -999.9  330.0
climpdt 1997  3 24  83     5.2   12.0   11.8    2.0    0.0 -999.9 -999.9  330.0
climpdt 1997  3 25  84     5.0   15.5   11.8    2.0    0.0 -999.9 -999.9  330.0
climpdt 1997  3 26  85     0.7   16.4   11.8    2.0    0.0 -999.9 -999.9  330.0
climpdt 1997  3 27  86    10.5   15.4   11.8    2.0    0.0 -999.9 -999.9  330.0
climpdt 1997  3 28  87     8.5   13.4   11.8    2.0    0.0 -999.9 -999.9  330.0
climpdt 1997  3 29  88     1.0   12.9   11.8    2.0    0.0 -999.9 -999.9  330.0
climpdt 1997  3 30  89     0.6   14.1   11.8    2.0    0.0 -999.9 -999.9  330.0
climpdt 1997  3 31  90     0.7   17.6   11.8    2.0    0.0 -999.9 -999.9  330.0
climpdt 1997  4  1  91     2.1   21.5   17.1    3.1    0.0 -999.9 -999.9  330.0
climpdt 1997  4  2  92     5.4   20.5   17.1    3.1    0.0 -999.9 -999.9  330.0
climpdt 1997  4  3  93     4.9   15.0   17.1    3.1    0.0 -999.9 -999.9  330.0
climpdt 1997  4  4  94     5.4   13.0   17.1    3.1    0.0 -999.9 -999.9  330.0
climpdt 1997  4  5  95     0.0   17.1   17.1    3.1    0.0 -999.9 -999.9  330.0
climpdt 1997  4  6  96     8.0   16.6   17.1    3.1    0.0 -999.9 -999.9  330.0
climpdt 1997  4  7  97     1.6   15.4   17.1    3.1    0.0 -999.9 -999.9  330.0
climpdt 1997  4  8  98     1.0   17.5   17.1    3.1    0.0 -999.9 -999.9  330.0
climpdt 1997  4  9  99     0.5   21.9   17.1    3.1    0.0 -999.9 -999.9  330.0
climpdt 1997  4 10 100     4.0   22.3   17.1    3.1    0.0 -999.9 -999.9  330.0
climpdt 1997  4 11 101     2.6   21.1   17.8    3.5    0.0 -999.9 -999.9  330.0
climpdt 1997  4 12 102     0.2   12.3   17.9    2.9    0.0 -999.9 -999.9  330.0
climpdt 1997  4 13 103     0.4   13.7   19.9    2.9    0.0 -999.9 -999.9  330.0
climpdt 1997  4 14 104     1.6   17.8   19.3    3.1    0.0 -999.9 -999.9  330.0
climpdt 1997  4 15 105     5.0   13.8   18.2    3.2    0.0 -999.9 -999.9  330.0
climpdt 1997  4 16 106     0.9   13.1   20.4    3.2    0.0 -999.9 -999.9  330.0
climpdt 1997  4 17 107     2.6   13.6   19.1    3.7    0.0 -999.9 -999.9  330.0
climpdt 1997  4 18 108     1.5   16.9   20.6    3.6    0.0 -999.9 -999.9  330.0
climpdt 1997  4 19 109     3.2   13.2   18.7    3.3    0.0 -999.9 -999.9  330.0
climpdt 1997  4 20 110     0.9   11.8   18.9    3.5    0.0 -999.9 -999.9  330.0
climpdt 1997  4 21 111    -0.7   13.2   21.6    3.7    0.0 -999.9 -999.9  330.0
climpdt 1997  4 22 112     0.8   13.0   18.8    3.2    0.0 -999.9 -999.9  330.0
climpdt 1997  4 23 113    -1.5   14.7   21.1    3.0    0.0 -999.9 -999.9  330.0
climpdt 1997  4 24 114    -1.2   18.7   21.0    3.2    0.0 -999.9 -999.9  330.0
climpdt 1997  4 25 115     2.2   17.8   11.4    2.3    2.0 -999.9 -999.9  330.0
climpdt 1997  4 26 116     9.4   13.7    5.4    1.0   11.0 -999.9 -999.9  330.0
climpdt 1997  4 27 117     9.7   16.9   10.4    2.1    1.5 -999.9 -999.9  330.0
climpdt 1997  4 28 118     9.1   16.2    8.6    2.2    4.0 -999.9 -999.9  330.0
climpdt 1997  4 29 119     9.7   15.5    9.3    2.5    0.0 -999.9 -999.9  330.0
climpdt 1997  4 30 120     7.6   17.4   19.2    3.1    0.0 -999.9 -999.9  330.0
climpdt 1997  5  1 121     5.6   20.6   15.2    2.8    0.0 -999.9 -999.9  330.0
climpdt 1997  5  2 122     6.1   22.9   15.2    2.8    0.0 -999.9 -999.9  330.0
climpdt 1997  5  3 123     8.0   26.6   15.2    2.8    0.0 -999.9 -999.9  330.0
climpdt 1997  5  4 124    10.9   23.3   15.2    2.8    4.0 -999.9 -999.9  330.0
climpdt 1997  5  5 125    12.2   18.4   15.2    2.8   15.0 -999.9 -999.9  330.0
climpdt 1997  5  6 126     5.8   10.7   15.2    2.8   12.0 -999.9 -999.9  330.0
climpdt 1997  5  7 127     2.4    7.0   15.2    2.8   13.0 -999.9 -999.9  330.0
climpdt 1997  5  8 128     0.8   12.0   15.2    2.8    4.0 -999.9 -999.9  330.0
climpdt 1997  5  9 129     6.8   15.4   15.2    2.8    1.5 -999.9 -999.9  330.0
climpdt 1997  5 10 130     6.7   16.9   15.2    2.8    0.5 -999.9 -999.9  330.0
climpdt 1997  5 11 131     9.8   13.6   15.9    2.9    3.5 -999.9 -999.9  330.0
climpdt 1997  5 12 132     7.5   18.0   15.9    2.9    0.0 -999.9 -999.9  330.0
climpdt 1997  5 13 133     4.7   22.2   15.9    2.9   26.0 -999.9 -999.9  330.0
climpdt 1997  5 14 134    11.7   18.2   15.9    2.9    0.0 -999.9 -999.9  330.0
climpdt 1997  5 15 135    10.9   24.8   15.9    2.9    8.0 -999.9 -999.9  330.0
climpdt 1997  5 16 136    14.4   26.8   15.9    2.9    2.5 -999.9 -999.9  330.0
climpdt 1997  5 17 137    12.7   24.1   15.9    2.9    0.0 -999.9 -999.9  330.0
climpdt 1997  5 18 138    13.2   19.0   15.9    2.9    0.0 -999.9 -999.9  330.0
climpdt 1997  5 19 139     9.8   20.4   15.9    2.9    0.5 -999.9 -999.9  330.0
climpdt 1997  5 20 140     9.2   17.3   15.9    2.9    6.5 -999.9 -999.9  330.0
climpdt 1997  5 21 141    11.5   15.5   22.7    4.4    1.0 -999.9 -999.9  330.0
climpdt 1997  5 22 142    10.0   18.4   22.7    4.4    0.0 -999.9 -999.9  330.0
climpdt 1997  5 23 143     9.8   18.1   22.7    4.4    0.0 -999.9 -999.9  330.0
climpdt 1997  5 24 144     7.7   18.9   22.7    4.4    0.0 -999.9 -999.9  330.0
climpdt 1997  5 25 145     7.4   20.6   22.7    4.4    0.0 -999.9 -999.9  330.0
climpdt 1997  5 26 146     6.4   22.0   22.7    4.4    0.0 -999.9 -999.9  330.0
climpdt 1997  5 27 147     8.2   19.9   22.7    4.4    0.0 -999.9 -999.9  330.0
climpdt 1997  5 28 148     6.9   18.3   22.7    4.4    0.0 -999.9 -999.9  330.0
climpdt 1997  5 29 149     6.5   22.5   22.7    4.4    0.0 -999.9 -999.9  330.0
climpdt 1997  5 30 150     9.0   23.5   22.7    4.4    0.0 -999.9 -999.9  330.0
climpdt 1997  5 31 151     9.2   21.1   22.7    4.4    0.0 -999.9 -999.9  330.0
climpdt 1997  6  1 152     9.4   17.1   23.4    5.7    0.0 -999.9 -999.9  330.0
climpdt 1997  6  2 153    11.2   20.3   11.8    2.6    8.5 -999.9 -999.9  330.0
climpdt 1997  6  3 154     8.9   23.2   24.3    4.2    0.0 -999.9 -999.9  330.0
climpdt 1997  6  4 155     8.1   24.5   23.0    4.5    0.0 -999.9 -999.9  330.0
climpdt 1997  6  5 156    14.7   24.5   12.5    3.1    1.0 -999.9 -999.9  330.0
climpdt 1997  6  6 157    14.2   27.6   22.4    4.8    0.0 -999.9 -999.9  330.0
climpdt 1997  6  7 158    15.4   27.3   17.1    3.6    0.5 -999.9 -999.9  330.0
climpdt 1997  6  8 159    13.0   24.4   25.0    5.0    0.0 -999.9 -999.9  330.0
climpdt 1997  6  9 160     9.6   25.3   21.4    4.2    0.0 -999.9 -999.9  330.0
climpdt 1997  6 10 161    13.4   29.1   20.5    4.6    0.0 -999.9 -999.9  330.0
climpdt 1997  6 11 162    15.0   28.2   15.6    3.0    4.5 -999.9 -999.9  330.0
climpdt 1997  6 12 163    13.1   23.6   15.6    3.0    0.0 -999.9 -999.9  330.0
climpdt 1997  6 13 164    12.3   21.8   15.6    3.0    4.5 -999.9 -999.9  330.0
climpdt 1997  6 14 165    14.2   19.6   15.6    3.0    0.0 -999.9 -999.9  330.0
climpdt 1997  6 15 166    11.4   22.6   15.6    3.0    0.0 -999.9 -999.9  330.0
climpdt 1997  6 16 167    10.6   23.7   15.6    3.0   10.5 -999.9 -999.9  330.0
climpdt 1997  6 17 168    13.1   17.1   15.6    3.0    7.0 -999.9 -999.9  330.0
climpdt 1997  6 18 169     9.4   22.8   15.6    3.0    0.0 -999.9 -999.9  330.0
climpdt 1997  6 19 170    10.2   21.6   15.6    3.0    4.5 -999.9 -999.9  330.0
climpdt 1997  6 20 171    11.3   18.5   15.6    3.0    3.0 -999.9 -999.9  330.0
climpdt 1997  6 21 172    12.1   18.2   10.5    2.1    3.0 -999.9 -999.9  330.0
climpdt 1997  6 22 173     9.5   19.0   10.5    2.1    2.0 -999.9 -999.9  330.0
climpdt 1997  6 23 174    11.9   18.5   10.5    2.1    0.5 -999.9 -999.9  330.0
climpdt 1997  6 24 175    11.6   18.4   10.5    2.1    0.0 -999.9 -999.9  330.0
climpdt 1997  6 25 176    11.7   16.3   10.5    2.1   10.5 -999.9 -999.9  330.0
climpdt 1997  6 26 177    12.0   17.7   10.5    2.1    6.0 -999.9 -999.9  330.0
climpdt 1997  6 27 178     9.8   17.6   10.5    2.1    9.5 -999.9 -999.9  330.0
climpdt 1997  6 28 179    12.4   20.7   10.5    2.1    5.0 -999.9 -999.9  330.0
climpdt 1997  6 29 180    12.1   20.1   10.5    2.1   11.0 -999.9 -999.9  330.0
climpdt 1997  6 30 181    12.7   15.4   10.5    2.1   13.5 -999.9 -999.9  330.0
climpdt 1997  7  1 182    11.7   19.5   18.3    3.5    2.5 -999.9 -999.9  330.0
climpdt 1997  7  2 183    10.3   17.7   18.3    3.5    8.5 -999.9 -999.9  330.0
climpdt 1997  7  3 184     8.4   18.9   18.3    3.5    1.0 -999.9 -999.9  330.0
climpdt 1997  7  4 185     9.8   19.2   18.3    3.5    2.0 -999.9 -999.9  330.0
climpdt 1997  7  5 186     9.6   20.8   18.3    3.5    0.0 -999.9 -999.9  330.0
climpdt 1997  7  6 187     9.1   23.8   18.3    3.5    0.0 -999.9 -999.9  330.0
climpdt 1997  7  7 188    14.1   25.5   18.3    3.5    0.0 -999.9 -999.9  330.0
climpdt 1997  7  8 189    12.5   25.9   18.3    3.5    0.0 -999.9 -999.9  330.0
climpdt 1997  7  9 190    13.0   25.1   18.3    3.5    0.0 -999.9 -999.9  330.0
climpdt 1997  7 10 191    13.1   27.1   18.3    3.5    0.0 -999.9 -999.9  330.0
climpdt 1997  7 11 192    13.6   27.2   18.7    3.9    1.0 -999.9 -999.9  330.0
climpdt 1997  7 12 193    13.0   24.7   18.7    3.9    0.0 -999.9 -999.9  330.0
climpdt 1997  7 13 194    11.6   28.2   18.7    3.9    0.0 -999.9 -999.9  330.0
climpdt 1997  7 14 195    14.4   26.8   18.7    3.9    0.0 -999.9 -999.9  330.0
climpdt 1997  7 15 196    10.9   26.9   18.7    3.9    0.0 -999.9 -999.9  330.0
climpdt 1997  7 16 197    12.4   27.9   18.7    3.9    0.0 -999.9 -999.9  330.0
climpdt 1997  7 17 198    10.3   24.8   18.7    3.9    0.0 -999.9 -999.9  330.0
climpdt 1997  7 18 199    14.1   23.1   18.7    3.9    0.0 -999.9 -999.9  330.0
climpdt 1997  7 19 200    13.8   25.7   18.7    3.9    2.5 -999.9 -999.9  330.0
climpdt 1997  7 20 201    11.7   24.5   18.7    3.9    0.0 -999.9 -999.9  330.0
climpdt 1997  7 21 202    10.7   25.6   18.6    4.2    0.0 -999.9 -999.9  330.0
climpdt 1997  7 22 203    12.0   28.1   18.6    4.2    0.0 -999.9 -999.9  330.0
climpdt 1997  7 23 204    16.2   29.8   18.6    4.2    0.0 -999.9 -999.9  330.0
climpdt 1997  7 24 205    14.9   29.7   18.6    4.2    0.0 -999.9 -999.9  330.0
climpdt 1997  7 25 206    13.5   19.5   18.6    4.2    2.0 -999.9 -999.9  330.0
climpdt 1997  7 26 207    14.1   26.7   18.6    4.2    0.0 -999.9 -999.9  330.0
climpdt 1997  7 27 208    16.9   27.0   18.6    4.2    0.5 -999.9 -999.9  330.0
climpdt 1997  7 28 209    10.6   28.4   18.6    4.2    0.0 -999.9 -999.9  330.0
climpdt 1997  7 29 210    12.9   29.8   18.6    4.2    0.0 -999.9 -999.9  330.0
climpdt 1997  7 30 211    14.0   29.9   18.6    4.2    0.0 -999.9 -999.9  330.0
climpdt 1997  7 31 212    10.7   21.9   18.6    4.2    0.0 -999.9 -999.9  330.0
climpdt 1997  8  1 213    15.1   23.8   17.2    3.9    0.0 -999.9 -999.9  330.0
climpdt 1997  8  2 214    18.3   25.2   17.2    3.9    0.0 -999.9 -999.9  330.0
climpdt 1997  8  3 215    17.5   28.9   17.2    3.9    0.0 -999.9 -999.9  330.0
climpdt 1997  8  4 216    18.6   34.0   17.2    3.9    0.0 -999.9 -999.9  330.0
climpdt 1997  8  5 217    19.5   31.8   17.2    3.9   64.0 -999.9 -999.9  330.0
climpdt 1997  8  6 218    18.8   26.4   17.2    3.9    1.5 -999.9 -999.9  330.0
climpdt 1997  8  7 219    16.7   29.0   17.2    3.9    0.0 -999.9 -999.9  330.0
climpdt 1997  8  8 220    15.8   30.4   17.2    3.9    0.0 -999.9 -999.9  330.0
climpdt 1997  8  9 221    16.5   30.9   17.2    3.9    0.0 -999.9 -999.9  330.0
climpdt 1997  8 10 222    16.3   30.9   17.2    3.9    0.0 -999.9 -999.9  330.0
climpdt 1997  8 11 223    17.3   31.7   16.9    3.8    0.0 -999.9 -999.9  330.0
climpdt 1997  8 12 224    18.6   32.3   16.9    3.8    0.0 -999.9 -999.9  330.0
climpdt 1997  8 13 225    18.7   31.0   16.9    3.8    0.0 -999.9 -999.9  330.0
climpdt 1997  8 14 226    16.7   28.7   16.9    3.8    0.0 -999.9 -999.9  330.0
climpdt 1997  8 15 227    14.7   28.3   16.9    3.8    0.0 -999.9 -999.9  330.0
climpdt 1997  8 16 228    14.8   30.3   16.9    3.8    0.0 -999.9 -999.9  330.0
climpdt 1997  8 17 229    13.8   29.1   16.9    3.8    0.0 -999.9 -999.9  330.0
climpdt 1997  8 18 230    15.7   30.6   16.9    3.8    0.0 -999.9 -999.9  330.0
climpdt 1997  8 19 231    15.1   30.1   16.9    3.8    0.0 -999.9 -999.9  330.0
climpdt 1997  8 20 232    14.0   29.8   16.9    3.8    0.0 -999.9 -999.9  330.0
climpdt 1997  8 21 233    14.8   32.3   14.3    3.2    0.0 -999.9 -999.9  330.0
climpdt 1997  8 22 234    18.5   31.5   14.3    3.2    0.0 -999.9 -999.9  330.0
climpdt 1997  8 23 235    17.2   33.4   14.3    3.2    0.0 -999.9 -999.9  330.0
climpdt 1997  8 24 236    17.2   33.9   14.3    3.2    5.5 -999.9 -999.9  330.0
climpdt 1997  8 25 237    17.0   29.4   14.3    3.2    2.5 -999.9 -999.9  330.0
climpdt 1997  8 26 238    15.1   25.1   14.3    3.2    0.0 -999.9 -999.9  330.0
climpdt 1997  8 27 239    16.2   24.1   14.3    3.2   20.0 -999.9 -999.9  330.0
climpdt 1997  8 28 240    13.0   20.8   14.3    3.2    0.0 -999.9 -999.9  330.0
climpdt 1997  8 29 241    12.1   22.5   14.3    3.2    8.0 -999.9 -999.9  330.0
climpdt 1997  8 30 242    14.9   22.8   14.3    3.2    1.5 -999.9 -999.9  330.0
climpdt 1997  8 31 243    14.4   29.9   14.3    3.2    0.0 -999.9 -999.9  330.0
climpdt 1997  9  1 244    13.0   18.7   14.5    2.5    2.0 -999.9 -999.9  330.0
climpdt 1997  9  2 245    13.7   22.0   14.5    2.5    0.0 -999.9 -999.9  330.0
climpdt 1997  9  3 246     8.2   24.5   14.5    2.5    0.0 -999.9 -999.9  330.0
climpdt 1997  9  4 247    13.0   26.6   14.5    2.5    0.0 -999.9 -999.9  330.0
climpdt 1997  9  5 248    14.8   23.1   14.5    2.5    0.0 -999.9 -999.9  330.0
climpdt 1997  9  6 249    11.4   23.4   14.5    2.5    0.0 -999.9 -999.9  330.0
climpdt 1997  9  7 250     8.1   22.2   14.5    2.5    0.0 -999.9 -999.9  330.0
climpdt 1997  9  8 251    10.7   24.4   14.5    2.5    0.0 -999.9 -999.9  330.0
climpdt 1997  9  9 252    10.5   21.1   14.5    2.5    0.0 -999.9 -999.9  330.0
climpdt 1997  9 10 253     7.7   21.3   14.5    2.5    0.0 -999.9 -999.9  330.0
climpdt 1997  9 11 254     6.1   27.5   13.1    2.3    0.0 -999.9 -999.9  330.0
climpdt 1997  9 12 255    14.5   18.2   13.1    2.3    4.5 -999.9 -999.9  330.0
climpdt 1997  9 13 256     9.3   18.1   13.1    2.3    0.5 -999.9 -999.9  330.0
climpdt 1997  9 14 257     3.5   19.3   13.1    2.3    0.0 -999.9 -999.9  330.0
climpdt 1997  9 15 258     2.9   21.4   13.1    2.3    0.0 -999.9 -999.9  330.0
climpdt 1997  9 16 259     6.0   25.3   13.1    2.3    0.0 -999.9 -999.9  330.0
climpdt 1997  9 17 260    10.5   27.6   13.1    2.3    0.0 -999.9 -999.9  330.0
climpdt 1997  9 18 261    10.7   28.3   13.1    2.3    0.0 -999.9 -999.9  330.0
climpdt 1997  9 19 262    13.1   29.0   13.1    2.3    0.5 -999.9 -999.9  330.0
climpdt 1997  9 20 263    12.1   22.4   13.1    2.3    0.0 -999.9 -999.9  330.0
climpdt 1997  9 21 264     6.0   22.1   13.5    2.1    0.0 -999.9 -999.9  330.0
climpdt 1997  9 22 265     6.1   23.0   13.5    2.1    0.0 -999.9 -999.9  330.0
climpdt 1997  9 23 266     8.7   23.9   13.5    2.1    0.0 -999.9 -999.9  330.0
climpdt 1997  9 24 267     8.4   24.1   13.5    2.1    0.0 -999.9 -999.9  330.0
climpdt 1997  9 25 268     7.4   24.2   13.5    2.1    0.0 -999.9 -999.9  330.0
climpdt 1997  9 26 269     7.9   24.9   13.5    2.1    0.0 -999.9 -999.9  330.0
climpdt 1997  9 27 270     6.6   26.0   13.5    2.1    0.0 -999.9 -999.9  330.0
climpdt 1997  9 28 271     7.3   26.4   13.5    2.1    0.0 -999.9 -999.9  330.0
climpdt 1997  9 29 272     7.8   25.8   13.5    2.1    0.0 -999.9 -999.9  330.0
climpdt 1997  9 30 273     8.7   26.9   13.5    2.1    0.0 -999.9 -999.9  330.0
climpdt 1997 10  1 274     9.2   26.4   12.4    2.0    0.0 -999.9 -999.9  330.0
climpdt 1997 10  2 275    12.5   23.3   10.4    1.8    0.0 -999.9 -999.9  330.0
climpdt 1997 10  3 276     7.1   19.4   12.2    1.6    0.0 -999.9 -999.9  330.0
climpdt 1997 10  4 277     3.0   19.5    9.4    1.1    0.0 -999.9 -999.9  330.0
climpdt 1997 10  5 278     2.7   20.9   12.1    1.4    0.0 -999.9 -999.9  330.0
climpdt 1997 10  6 279     7.3   26.5    9.1    1.8   26.0 -999.9 -999.9  330.0
climpdt 1997 10  7 280    14.0   18.7    5.5    1.3   16.5 -999.9 -999.9  330.0
climpdt 1997 10  8 281    13.0   19.1    3.2    1.4    0.0 -999.9 -999.9  330.0
climpdt 1997 10  9 282    17.1   22.8    9.1    2.7    1.5 -999.9 -999.9  330.0
climpdt 1997 10 10 283    13.8   18.9    5.8    1.5    3.5 -999.9 -999.9  330.0
climpdt 1997 10 11 284     8.0   17.0    5.3    0.9   14.0 -999.9 -999.9  330.0
climpdt 1997 10 12 285    10.6   15.5    7.7    1.2    6.5 -999.9 -999.9  330.0
climpdt 1997 10 13 286     4.9   12.4    5.3    0.8    0.5 -999.9 -999.9  330.0
climpdt 1997 10 14 287     5.6   12.5    8.5    1.1    0.5 -999.9 -999.9  330.0
climpdt 1997 10 15 288     6.9   14.9    2.5    0.4    3.5 -999.9 -999.9  330.0
climpdt 1997 10 16 289     9.8   15.6    4.5    0.6    0.0 -999.9 -999.9  330.0
climpdt 1997 10 17 290     8.3   18.3    8.7    0.9    0.0 -999.9 -999.9  330.0
climpdt 1997 10 18 291     7.9   21.6    9.6    0.9    0.5 -999.9 -999.9  330.0
climpdt 1997 10 19 292     8.8   21.0    9.1    0.8    0.0 -999.9 -999.9  330.0
climpdt 1997 10 20 293     9.8   16.5    3.3    0.5    0.0 -999.9 -999.9  330.0
climpdt 1997 10 21 294     9.4   11.4    2.4    0.6    0.0 -999.9 -999.9  330.0
climpdt 1997 10 22 295     2.5   13.2    6.6    0.6    0.0 -999.9 -999.9  330.0
climpdt 1997 10 23 296     5.8    8.6    3.2    0.3    0.0 -999.9 -999.9  330.0
climpdt 1997 10 24 297     1.8   12.3    6.3    0.6    0.0 -999.9 -999.9  330.0
climpdt 1997 10 25 298    -0.3   11.8    8.8    0.5    0.0 -999.9 -999.9  330.0
climpdt 1997 10 26 299    -0.1   12.7    8.8    0.5    0.0 -999.9 -999.9  330.0
climpdt 1997 10 27 300     2.7   13.3    8.7    0.9    0.0 -999.9 -999.9  330.0
climpdt 1997 10 28 301    -0.8    7.4    8.8    1.6    0.0 -999.9 -999.9  330.0
climpdt 1997 10 29 302    -3.2    9.4    8.6    1.0    0.0 -999.9 -999.9  330.0
climpdt 1997 10 30 303    -3.3    9.6    8.1    0.9    0.0 -999.9 -999.9  330.0
climpdt 1997 10 31 304    -0.5    9.3    7.2    0.5    0.0 -999.9 -999.9  330.0
climpdt 1997 11  1 305    -3.0    9.3    4.8    0.5    0.0 -999.9 -999.9  330.0
climpdt 1997 11  2 306    -4.8    9.4    4.8    0.5    0.0 -999.9 -999.9  330.0
climpdt 1997 11  3 307    -2.0   13.8    4.8    0.5    0.5 -999.9 -999.9  330.0
climpdt 1997 11  4 308     4.8   13.0    4.8    0.5    3.0 -999.9 -999.9  330.0
climpdt 1997 11  5 309    10.6   14.1    4.8    0.5    0.5 -999.9 -999.9  330.0
climpdt 1997 11  6 310     9.8   12.1    4.8    0.5   21.5 -999.9 -999.9  330.0
climpdt 1997 11  7 311     8.6   12.8    4.8    0.5    2.0 -999.9 -999.9  330.0
climpdt 1997 11  8 312     9.0   13.5    4.8    0.5    5.5 -999.9 -999.9  330.0
climpdt 1997 11  9 313     8.3   11.9    4.8    0.5    0.5 -999.9 -999.9  330.0
climpdt 1997 11 10 314     7.1   11.1    4.8    0.5    1.5 -999.9 -999.9  330.0
climpdt 1997 11 11 315     6.5   11.5    3.1    0.3    0.0 -999.9 -999.9  330.0
climpdt 1997 11 12 316     4.2    8.9    2.1    0.2    0.0 -999.9 -999.9  330.0
climpdt 1997 11 13 317     5.5    8.8    2.1    0.2    0.0 -999.9 -999.9  330.0
climpdt 1997 11 14 318     3.8    9.9    2.3    0.1    0.0 -999.9 -999.9  330.0
climpdt 1997 11 15 319     5.5   13.2    1.3    0.2    0.5 -999.9 -999.9  330.0
climpdt 1997 11 16 320    11.9   15.1    2.0    0.2    0.0 -999.9 -999.9  330.0
climpdt 1997 11 17 321    10.9   12.7    1.4    0.1    0.0 -999.9 -999.9  330.0
climpdt 1997 11 18 322     4.7   12.8    2.8    0.2   10.5 -999.9 -999.9  330.0
climpdt 1997 11 19 323    10.4   13.0    2.6    0.1    1.0 -999.9 -999.9  330.0
climpdt 1997 11 20 324     7.7   12.7    3.7    0.3    3.5 -999.9 -999.9  330.0
climpdt 1997 11 21 325     4.6   11.4    2.3    0.2    3.0 -999.9 -999.9  330.0
climpdt 1997 11 22 326     5.5   11.4    2.3    0.2    0.5 -999.9 -999.9  330.0
climpdt 1997 11 23 327     0.1    5.3    2.3    0.2    0.0 -999.9 -999.9  330.0
climpdt 1997 11 24 328     3.2    5.3    2.3    0.2    0.0 -999.9 -999.9  330.0
climpdt 1997 11 25 329     2.3   12.6    2.3    0.2    0.0 -999.9 -999.9  330.0
climpdt 1997 11 26 330     5.5   12.3    2.3    0.2    1.5 -999.9 -999.9  330.0
climpdt 1997 11 27 331     9.4   12.1    2.3    0.2    0.0 -999.9 -999.9  330.0
climpdt 1997 11 28 332     7.2   11.4    2.3    0.2    7.0 -999.9 -999.9  330.0
climpdt 1997 11 29 333     7.9   11.6    2.3    0.2    1.0 -999.9 -999.9  330.0
climpdt 1997 11 30 334     6.8   11.6    2.3    0.2    1.0 -999.9 -999.9  330.0
climpdt 1997 12  1 335     5.0    7.7    2.3    0.2   15.5 -999.9 -999.9  330.0
climpdt 1997 12  2 336     0.3    1.6    2.3    0.2    3.5 -999.9 -999.9  330.0
climpdt 1997 12  3 337     0.2    2.9    2.3    0.2    0.0 -999.9 -999.9  330.0
climpdt 1997 12  4 338     0.1    2.1    2.3    0.2    0.0 -999.9 -999.9  330.0
climpdt 1997 12  5 339     1.2    2.3    2.3    0.2    0.0 -999.9 -999.9  330.0
climpdt 1997 12  6 340    -0.4    3.7    2.3    0.2    0.0 -999.9 -999.9  330.0
climpdt 1997 12  7 341    -3.0    5.1    2.3    0.2    0.0 -999.9 -999.9  330.0
climpdt 1997 12  8 342    -0.2   10.9    2.3    0.2    0.5 -999.9 -999.9  330.0
climpdt 1997 12  9 343     6.9   10.9    2.3    0.2    0.0 -999.9 -999.9  330.0
climpdt 1997 12 10 344     9.8   13.7    2.3    0.2    4.5 -999.9 -999.9  330.0
climpdt 1997 12 11 345    11.6   14.3    2.0    0.2    1.0 -999.9 -999.9  330.0
climpdt 1997 12 12 346     6.5    9.4    2.0    0.2    0.0 -999.9 -999.9  330.0
climpdt 1997 12 13 347     0.9    7.8    2.0    0.2    0.0 -999.9 -999.9  330.0
climpdt 1997 12 14 348    -2.6    7.1    2.0    0.2    0.5 -999.9 -999.9  330.0
climpdt 1997 12 15 349     0.8    4.0    2.0    0.2    0.0 -999.9 -999.9  330.0
climpdt 1997 12 16 350    -1.1    0.4    2.0    0.2    0.5 -999.9 -999.9  330.0
climpdt 1997 12 17 351    -2.6   10.9    2.0    0.2    2.0 -999.9 -999.9  330.0
climpdt 1997 12 18 352     3.0   11.7    2.0    0.2   10.5 -999.9 -999.9  330.0
climpdt 1997 12 19 353     7.5   10.7    2.0    0.2    0.0 -999.9 -999.9  330.0
climpdt 1997 12 20 354     3.9    8.3    2.0    0.2    0.0 -999.9 -999.9  330.0
climpdt 1997 12 21 355     4.7    6.1    1.9    0.2    0.0 -999.9 -999.9  330.0
climpdt 1997 12 22 356     5.1    6.1    1.9    0.2    0.0 -999.9 -999.9  330.0
climpdt 1997 12 23 357     4.0   11.9    1.9    0.2    1.0 -999.9 -999.9  330.0
climpdt 1997 12 24 358     7.7   12.7    1.9    0.2    2.0 -999.9 -999.9  330.0
climpdt 1997 12 25 359     9.5   14.3    1.9    0.2    1.0 -999.9 -999.9  330.0
climpdt 1997 12 26 360     6.1   10.1    1.9    0.2    0.0 -999.9 -999.9  330.0
climpdt 1997 12 27 361     4.1    8.3    1.9    0.2    0.0 -999.9 -999.9  330.0
climpdt 1997 12 28 362     0.4    3.9    1.9    0.2    0.0 -999.9 -999.9  330.0
climpdt 1997 12 29 363     3.2    8.1    1.9    0.2    0.0 -999.9 -999.9  330.0
climpdt 1997 12 30 364     1.8   10.1    1.9    0.2    0.5 -999.9 -999.9  330.0
climpdt 1997 12 31 365     7.4    9.6    1.9    0.2    3.5 -999.9 -999.9  330.0
