climbld 2000  1  1   1    -2.9    9.6    6.2    0.0    0.2 -999.9 -999.9  330.0
climbld 2000  1  2   2     2.2   11.2    7.0    0.0    0.0 -999.9 -999.9  330.0
climbld 2000  1  3   3    -3.0    8.4    4.0    0.1    0.0 -999.9 -999.9  330.0
climbld 2000  1  4   4     1.3   13.2    6.1    0.2    0.0 -999.9 -999.9  330.0
climbld 2000  1  5   5    -0.2   12.3    6.4    0.1    0.2 -999.9 -999.9  330.0
climbld 2000  1  6   6     0.5   11.3    3.5    0.2    0.2 -999.9 -999.9  330.0
climbld 2000  1  7   7     0.4   13.7    6.2    0.2    0.0 -999.9 -999.9  330.0
climbld 2000  1  8   8     1.3   10.5    5.9    0.0    0.0 -999.9 -999.9  330.0
climbld 2000  1  9   9     2.4    8.5    3.6    0.2    3.8 -999.9 -999.9  330.0
climbld 2000  1 10  10     4.9    8.5    7.1    0.7    0.0 -999.9 -999.9  330.0
climbld 2000  1 11  11     3.5    8.4    6.6    0.1    0.0 -999.9 -999.9  330.0
climbld 2000  1 12  12    -2.6   11.2    6.8    0.0    0.0 -999.9 -999.9  330.0
climbld 2000  1 13  13     0.2    6.6    1.7    0.0    0.2 -999.9 -999.9  330.0
climbld 2000  1 14  14    -2.6   11.3    7.1    0.1    0.0 -999.9 -999.9  330.0
climbld 2000  1 15  15     6.1    9.9    3.5    0.8    0.0 -999.9 -999.9  330.0
climbld 2000  1 16  16     1.3    4.5    7.3    0.9    0.0 -999.9 -999.9  330.0
climbld 2000  1 17  17     0.7    6.8    7.4    1.3    0.0 -999.9 -999.9  330.0
climbld 2000  1 18  18     5.0    8.4    8.2    2.0    0.0 -999.9 -999.9  330.0
climbld 2000  1 19  19     5.2    8.1    8.3    2.5    0.0 -999.9 -999.9  330.0
climbld 2000  1 20  20     1.3    7.5    8.1    1.5    0.0 -999.9 -999.9  330.0
climbld 2000  1 21  21     2.7    7.0    8.7    2.4    0.0 -999.9 -999.9  330.0
climbld 2000  1 22  22     4.1    8.8    8.5    1.6    0.0 -999.9 -999.9  330.0
climbld 2000  1 23  23     0.1    7.6    9.0    1.1    0.0 -999.9 -999.9  330.0
climbld 2000  1 24  24     2.7    5.8    9.6    1.5    0.0 -999.9 -999.9  330.0
climbld 2000  1 25  25    -0.9    1.8    3.3    0.8    0.6 -999.9 -999.9  330.0
climbld 2000  1 26  26    -4.1    6.5    8.5    0.5    0.0 -999.9 -999.9  330.0
climbld 2000  1 27  27    -6.5    5.6    3.5    0.1    4.4 -999.9 -999.9  330.0
climbld 2000  1 28  28    -3.3   11.3    8.2    0.3    0.2 -999.9 -999.9  330.0
climbld 2000  1 29  29    -3.0   10.8    7.1    0.4    0.0 -999.9 -999.9  330.0
climbld 2000  1 30  30     1.7   17.0    8.6    0.7    0.0 -999.9 -999.9  330.0
climbld 2000  1 31  31     9.6   16.5    6.4    1.8    0.0 -999.9 -999.9  330.0
climbld 2000  2  1  32     0.0   15.3    8.2    0.4    2.6 -999.9 -999.9  330.0
climbld 2000  2  2  33     7.8   11.5    2.5    0.3    4.0 -999.9 -999.9  330.0
climbld 2000  2  3  34     7.5   10.6   10.2    2.5    0.0 -999.9 -999.9  330.0
climbld 2000  2  4  35     4.8   15.2   10.3    1.5    0.0 -999.9 -999.9  330.0
climbld 2000  2  5  36    -1.9   12.4    8.2    0.4    0.0 -999.9 -999.9  330.0
climbld 2000  2  6  37     4.2    9.7    2.5    0.6    0.0 -999.9 -999.9  330.0
climbld 2000  2  7  38     4.2   16.0    9.8    0.8    0.6 -999.9 -999.9  330.0
climbld 2000  2  8  39     6.6   17.3    9.4    0.9    0.0 -999.9 -999.9  330.0
climbld 2000  2  9  40     9.0   12.9   11.4    2.6    0.0 -999.9 -999.9  330.0
climbld 2000  2 10  41     5.6   16.7   11.7    1.6    0.0 -999.9 -999.9  330.0
climbld 2000  2 11  42     4.3   10.3   10.1    1.3    0.0 -999.9 -999.9  330.0
climbld 2000  2 12  43     4.4   10.2   11.7    2.0    0.0 -999.9 -999.9  330.0
climbld 2000  2 13  44     4.3   14.3    9.6    1.8    0.0 -999.9 -999.9  330.0
climbld 2000  2 14  45     7.3   14.7   12.5    2.0    0.0 -999.9 -999.9  330.0
climbld 2000  2 15  46     6.9   17.9   12.3    1.8    0.0 -999.9 -999.9  330.0
climbld 2000  2 16  47     5.3   11.9    5.3    1.3    0.4 -999.9 -999.9  330.0
climbld 2000  2 17  48     1.4    9.8    6.3    1.2    0.2 -999.9 -999.9  330.0
climbld 2000  2 18  49     3.9    9.0    6.0    0.9    0.4 -999.9 -999.9  330.0
climbld 2000  2 19  50     6.5   15.3   11.9    1.6    0.0 -999.9 -999.9  330.0
climbld 2000  2 20  51     4.6    8.4   14.0    2.9    0.0 -999.9 -999.9  330.0
climbld 2000  2 21  52     1.6   10.2   14.0    2.6    0.0 -999.9 -999.9  330.0
climbld 2000  2 22  53     1.8   12.2   10.1    1.3    0.0 -999.9 -999.9  330.0
climbld 2000  2 23  54    -2.0   12.5   14.0    1.8    0.0 -999.9 -999.9  330.0
climbld 2000  2 24  55     3.6   16.8   13.6    1.5    0.0 -999.9 -999.9  330.0
climbld 2000  2 25  56     0.0   19.0   13.8    1.3    0.0 -999.9 -999.9  330.0
climbld 2000  2 26  57     7.9   20.0   13.7    1.5    0.0 -999.9 -999.9  330.0
climbld 2000  2 27  58     2.7   16.3   10.7    1.0    0.2 -999.9 -999.9  330.0
climbld 2000  2 28  59     5.1   17.5   12.8    1.5    0.4 -999.9 -999.9  330.0
climbld 2000  2 29  60     8.3   12.6    3.0    0.9    0.2 -999.9 -999.9  330.0
climbld 2000  3  1  61     9.8   16.4    6.4    2.3    1.0 -999.9 -999.9  330.0
climbld 2000  3  2  62     5.0   11.2   16.1    3.4    0.0 -999.9 -999.9  330.0
climbld 2000  3  3  63     0.9   16.7   15.5    1.8    0.0 -999.9 -999.9  330.0
climbld 2000  3  4  64     6.2   12.8   13.1    2.8    0.2 -999.9 -999.9  330.0
climbld 2000  3  5  65     3.2   11.7   17.2    4.1    0.0 -999.9 -999.9  330.0
climbld 2000  3  6  66    -1.6   16.5   16.1    1.9    0.0 -999.9 -999.9  330.0
climbld 2000  3  7  67     6.4   17.0   11.7    1.6    0.0 -999.9 -999.9  330.0
climbld 2000  3  8  68     4.8   19.1   16.8    2.9    0.0 -999.9 -999.9  330.0
climbld 2000  3  9  69    12.3   23.5   17.1    5.2    0.0 -999.9 -999.9  330.0
climbld 2000  3 10  70    13.7   18.6   16.7    5.1    0.0 -999.9 -999.9  330.0
climbld 2000  3 11  71    11.6   23.1   17.9    4.1    0.0 -999.9 -999.9  330.0
climbld 2000  3 12  72    10.4   20.1   17.3    3.5    0.0 -999.9 -999.9  330.0
climbld 2000  3 13  73     3.4   20.1   13.6    1.8    0.0 -999.9 -999.9  330.0
climbld 2000  3 14  74     9.6   20.4   17.4    3.7    0.0 -999.9 -999.9  330.0
climbld 2000  3 15  75     9.9   14.4   18.7    6.0    0.0 -999.9 -999.9  330.0
climbld 2000  3 16  76     5.5   15.5   17.8    5.4    0.0 -999.9 -999.9  330.0
climbld 2000  3 17  77     8.6   16.7   18.6    5.8    0.0 -999.9 -999.9  330.0
climbld 2000  3 18  78     9.7   14.7   18.3    5.5    0.0 -999.9 -999.9  330.0
climbld 2000  3 19  79     7.6   14.8   10.0    3.3    0.0 -999.9 -999.9  330.0
climbld 2000  3 20  80     6.5   13.1    7.8    2.0    0.6 -999.9 -999.9  330.0
climbld 2000  3 21  81     2.2   16.9   18.3    2.2    0.0 -999.9 -999.9  330.0
climbld 2000  3 22  82     0.6   18.1   18.9    2.5    0.0 -999.9 -999.9  330.0
climbld 2000  3 23  83     4.0   16.4    7.2    2.1    0.2 -999.9 -999.9  330.0
climbld 2000  3 24  84    10.4   18.4   13.3    2.6    1.8 -999.9 -999.9  330.0
climbld 2000  3 25  85     4.3   18.9   18.3    2.4    1.2 -999.9 -999.9  330.0
climbld 2000  3 26  86     8.7   16.7   16.5    2.9    0.0 -999.9 -999.9  330.0
climbld 2000  3 27  87     6.1   15.2   15.6    2.6    0.0 -999.9 -999.9  330.0
climbld 2000  3 28  88     5.0   15.5   20.2    3.0    0.0 -999.9 -999.9  330.0
climbld 2000  3 29  89     4.1   14.6   15.9    2.2    0.6 -999.9 -999.9  330.0
climbld 2000  3 30  90    -0.8   16.3   19.1    2.3    0.4 -999.9 -999.9  330.0
climbld 2000  3 31  91     4.3    8.7    2.3    0.6   14.2 -999.9 -999.9  330.0
climbld 2000  4  1  92     2.5   16.4   19.3    2.4    0.0 -999.9 -999.9  330.0
climbld 2000  4  2  93     4.9   18.3   14.9    3.2    1.2 -999.9 -999.9  330.0
climbld 2000  4  3  94    10.3   17.4    9.0    3.5    0.0 -999.9 -999.9  330.0
climbld 2000  4  4  95    11.2   18.6   20.5    4.1    0.0 -999.9 -999.9  330.0
climbld 2000  4  5  96     5.9   17.3   18.0    3.0    3.2 -999.9 -999.9  330.0
climbld 2000  4  6  97     6.8   12.7   21.8    4.2    0.0 -999.9 -999.9  330.0
climbld 2000  4  7  98     6.4   18.7   22.6    3.8    0.0 -999.9 -999.9  330.0
climbld 2000  4  8  99     2.9   18.9   19.5    2.8    0.0 -999.9 -999.9  330.0
climbld 2000  4  9 100     8.6   10.5    2.8    0.7   15.8 -999.9 -999.9  330.0
climbld 2000  4 10 101     8.3   15.5   14.5    2.3    0.8 -999.9 -999.9  330.0
climbld 2000  4 11 102     9.6   18.9   18.8    3.3    0.6 -999.9 -999.9  330.0
climbld 2000  4 12 103     8.0   16.4   16.9    3.1    0.0 -999.9 -999.9  330.0
climbld 2000  4 13 104    10.0   18.6   16.9    3.0    0.4 -999.9 -999.9  330.0
climbld 2000  4 14 105     6.4   19.5   15.6    3.8   12.8 -999.9 -999.9  330.0
climbld 2000  4 15 106     8.6   18.6   24.8    4.0    0.0 -999.9 -999.9  330.0
climbld 2000  4 16 107    10.5   17.1    8.4    3.1   26.2 -999.9 -999.9  330.0
climbld 2000  4 17 108     8.2   17.9   17.5    3.3    0.0 -999.9 -999.9  330.0
climbld 2000  4 18 109     7.9   21.2   25.9    4.4    0.0 -999.9 -999.9  330.0
climbld 2000  4 19 110     7.0   19.4   26.1    4.4    0.0 -999.9 -999.9  330.0
climbld 2000  4 20 111    10.1   23.6   24.6    4.5    0.0 -999.9 -999.9  330.0
climbld 2000  4 21 112     7.6   25.0   24.9    4.0    0.0 -999.9 -999.9  330.0
climbld 2000  4 22 113     9.3   24.4   23.4    4.2    0.0 -999.9 -999.9  330.0
climbld 2000  4 23 114    10.0   15.9    2.7    1.1   13.2 -999.9 -999.9  330.0
climbld 2000  4 24 115     6.5   18.6   27.1    3.8    0.2 -999.9 -999.9  330.0
climbld 2000  4 25 116     6.1   22.4   26.0    4.0    0.0 -999.9 -999.9  330.0
climbld 2000  4 26 117     8.2   22.7   22.5    4.0    0.0 -999.9 -999.9  330.0
climbld 2000  4 27 118     9.3   19.8    8.6    2.6   10.0 -999.9 -999.9  330.0
climbld 2000  4 28 119    11.4   15.1    6.2    1.4   27.8 -999.9 -999.9  330.0
climbld 2000  4 29 120     7.6   20.4   25.1    3.7    0.0 -999.9 -999.9  330.0
climbld 2000  4 30 121     6.7   22.5   25.4    3.9    0.0 -999.9 -999.9  330.0
climbld 2000  5  1 122     9.8   26.5   26.0    4.4    0.2 -999.9 -999.9  330.0
climbld 2000  5  2 123    11.5   28.3   24.1    4.4    0.0 -999.9 -999.9  330.0
climbld 2000  5  3 124    11.9   25.9   26.3    4.7    0.0 -999.9 -999.9  330.0
climbld 2000  5  4 125    10.5   25.6   21.6    3.9    0.2 -999.9 -999.9  330.0
climbld 2000  5  5 126    12.6   24.5   16.6    3.5    0.0 -999.9 -999.9  330.0
climbld 2000  5  6 127    15.1   22.3   10.3    2.5    0.2 -999.9 -999.9  330.0
climbld 2000  5  7 128    12.1   19.6   10.7    2.1    3.2 -999.9 -999.9  330.0
climbld 2000  5  8 129    11.7   25.3   20.4    3.8    0.0 -999.9 -999.9  330.0
climbld 2000  5  9 130    12.6   23.4   11.8    2.3    4.8 -999.9 -999.9  330.0
climbld 2000  5 10 131    16.0   21.2    7.4    2.1   30.8 -999.9 -999.9  330.0
climbld 2000  5 11 132    16.4   23.3   25.0    4.8    0.2 -999.9 -999.9  330.0
climbld 2000  5 12 133    12.1   26.1   25.2    4.5    0.0 -999.9 -999.9  330.0
climbld 2000  5 13 134    14.1   27.1   24.4    4.9    0.2 -999.9 -999.9  330.0
climbld 2000  5 14 135    14.3   27.3   28.8    5.2    0.0 -999.9 -999.9  330.0
climbld 2000  5 15 136    13.6   28.1   28.8    5.3    0.0 -999.9 -999.9  330.0
climbld 2000  5 16 137    13.2   27.5   28.0    5.3    0.0 -999.9 -999.9  330.0
climbld 2000  5 17 138    12.2   23.5   17.9    3.5    0.6 -999.9 -999.9  330.0
climbld 2000  5 18 139    14.6   24.6   27.2    5.7    0.0 -999.9 -999.9  330.0
climbld 2000  5 19 140    11.3   21.1   30.4    6.3    0.0 -999.9 -999.9  330.0
climbld 2000  5 20 141    12.3   21.9   30.7    6.8    0.0 -999.9 -999.9  330.0
climbld 2000  5 21 142     9.3   25.0   29.2    5.2    0.0 -999.9 -999.9  330.0
climbld 2000  5 22 143    13.6   21.7   30.4    6.9    0.0 -999.9 -999.9  330.0
climbld 2000  5 23 144    11.8   25.8   30.5    6.1    0.0 -999.9 -999.9  330.0
climbld 2000  5 24 145    10.7   28.3   29.6    5.4    0.0 -999.9 -999.9  330.0
climbld 2000  5 25 146    12.0   27.6   26.8    5.3    0.0 -999.9 -999.9  330.0
climbld 2000  5 26 147    13.7   27.3   26.9    5.5   23.6 -999.9 -999.9  330.0
climbld 2000  5 27 148    12.6   22.4   26.2    5.0    0.4 -999.9 -999.9  330.0
climbld 2000  5 28 149    11.7   22.6   14.0    2.9    0.6 -999.9 -999.9  330.0
climbld 2000  5 29 150    15.7   23.9   26.2    5.4    0.0 -999.9 -999.9  330.0
climbld 2000  5 30 151    12.7   27.7   24.1    4.9    0.0 -999.9 -999.9  330.0
climbld 2000  5 31 152    16.1   25.3   27.3    6.0    0.0 -999.9 -999.9  330.0
climbld 2000  6  1 153    16.4   30.0   29.5    6.4    0.0 -999.9 -999.9  330.0
climbld 2000  6  2 154    14.5   29.0   29.9    5.9    0.0 -999.9 -999.9  330.0
climbld 2000  6  3 155    14.9   29.8   29.4    6.0    0.0 -999.9 -999.9  330.0
climbld 2000  6  4 156    14.4   30.7   30.0    6.0    0.0 -999.9 -999.9  330.0
climbld 2000  6  5 157    16.4   26.8   23.3    5.1    0.0 -999.9 -999.9  330.0
climbld 2000  6  6 158    15.8   21.1   26.2    7.6    0.0 -999.9 -999.9  330.0
climbld 2000  6  7 159    15.8   24.5   31.4    8.6    0.0 -999.9 -999.9  330.0
climbld 2000  6  8 160    15.2   29.3   29.5    6.5    0.0 -999.9 -999.9  330.0
climbld 2000  6  9 161    15.8   29.8   28.9    6.3    0.0 -999.9 -999.9  330.0
climbld 2000  6 10 162    15.5   26.9    8.6    2.8   16.4 -999.9 -999.9  330.0
climbld 2000  6 11 163    15.1   20.2   12.0    3.3    0.0 -999.9 -999.9  330.0
climbld 2000  6 12 164    15.1   22.3   19.0    5.4    0.0 -999.9 -999.9  330.0
climbld 2000  6 13 165    17.9   27.9   18.2    4.3   11.4 -999.9 -999.9  330.0
climbld 2000  6 14 166    16.9   27.7   19.4    4.3   12.6 -999.9 -999.9  330.0
climbld 2000  6 15 167    18.6   29.1   30.7    8.2    0.0 -999.9 -999.9  330.0
climbld 2000  6 16 168    20.1   28.3   32.1    9.3    0.0 -999.9 -999.9  330.0
climbld 2000  6 17 169    18.2   29.8   31.2    7.6    0.0 -999.9 -999.9  330.0
climbld 2000  6 18 170    15.8   30.1   28.9    6.4    0.0 -999.9 -999.9  330.0
climbld 2000  6 19 171    14.6   29.6   31.0    6.2    0.0 -999.9 -999.9  330.0
climbld 2000  6 20 172    13.6   28.8   31.9    6.4    0.0 -999.9 -999.9  330.0
climbld 2000  6 21 173    12.8   28.6   30.6    6.0    0.0 -999.9 -999.9  330.0
climbld 2000  6 22 174    14.0   29.0   30.4    5.9    0.0 -999.9 -999.9  330.0
climbld 2000  6 23 175    19.0   26.8   30.9    7.8    0.0 -999.9 -999.9  330.0
climbld 2000  6 24 176    15.6   25.9   31.6    7.7    0.0 -999.9 -999.9  330.0
climbld 2000  6 25 177    16.4   23.3   32.1    7.6    0.0 -999.9 -999.9  330.0
climbld 2000  6 26 178    14.5   26.0   32.4    7.9    0.0 -999.9 -999.9  330.0
climbld 2000  6 27 179    15.7   30.1   27.7    6.3    0.0 -999.9 -999.9  330.0
climbld 2000  6 28 180    17.7   30.9   23.9    5.9    0.0 -999.9 -999.9  330.0
climbld 2000  6 29 181    19.1   28.7   30.7    8.0    0.0 -999.9 -999.9  330.0
climbld 2000  6 30 182    18.2   31.4   30.9    7.3    0.0 -999.9 -999.9  330.0
climbld 2000  7  1 183    17.0   29.9   22.1    5.3    0.0 -999.9 -999.9  330.0
climbld 2000  7  2 184    16.1   33.7   28.1    6.4    0.0 -999.9 -999.9  330.0
climbld 2000  7  3 185    18.5   31.0   20.0    4.9    4.4 -999.9 -999.9  330.0
climbld 2000  7  4 186    18.9   29.0   30.2    6.8    0.0 -999.9 -999.9  330.0
climbld 2000  7  5 187    15.2   29.9   30.7    6.7    0.0 -999.9 -999.9  330.0
climbld 2000  7  6 188    15.4   33.5   28.1    6.2    0.0 -999.9 -999.9  330.0
climbld 2000  7  7 189    17.5   32.8   28.2    6.6    0.0 -999.9 -999.9  330.0
climbld 2000  7  8 190    18.0   24.4   31.3    8.3    0.0 -999.9 -999.9  330.0
climbld 2000  7  9 191    14.4   27.2   30.8    6.6    0.0 -999.9 -999.9  330.0
climbld 2000  7 10 192    14.8   19.4    3.7    0.9    6.4 -999.9 -999.9  330.0
climbld 2000  7 11 193    11.6   23.1   24.3    5.0    0.0 -999.9 -999.9  330.0
climbld 2000  7 12 194    13.5   21.4   23.9    5.9    0.0 -999.9 -999.9  330.0
climbld 2000  7 13 195    12.7   25.7   29.3    6.4    0.0 -999.9 -999.9  330.0
climbld 2000  7 14 196    16.4   24.1   19.1    4.8    0.0 -999.9 -999.9  330.0
climbld 2000  7 15 197    14.7   22.6   28.4    7.2    0.0 -999.9 -999.9  330.0
climbld 2000  7 16 198    13.2   22.9   31.2    7.5    0.0 -999.9 -999.9  330.0
climbld 2000  7 17 199    13.6   27.2   29.3    6.3    0.0 -999.9 -999.9  330.0
climbld 2000  7 18 200    11.9   29.3   29.4    5.8    0.0 -999.9 -999.9  330.0
climbld 2000  7 19 201    17.8   28.1   28.0    6.8    0.0 -999.9 -999.9  330.0
climbld 2000  7 20 202    17.8   29.0   30.6    8.2    0.0 -999.9 -999.9  330.0
climbld 2000  7 21 203    19.1   32.5   29.5    7.0    0.0 -999.9 -999.9  330.0
climbld 2000  7 22 204    14.2   31.1   26.9    5.8    0.0 -999.9 -999.9  330.0
climbld 2000  7 23 205    14.6   31.7   15.6    4.5    5.8 -999.9 -999.9  330.0
climbld 2000  7 24 206    17.3   28.4   17.0    4.2    0.2 -999.9 -999.9  330.0
climbld 2000  7 25 207    15.1   29.8   24.5    5.7   32.2 -999.9 -999.9  330.0
climbld 2000  7 26 208    16.0   30.8   28.5    5.8    0.0 -999.9 -999.9  330.0
climbld 2000  7 27 209    17.0   32.1   28.7    6.0    0.2 -999.9 -999.9  330.0
climbld 2000  7 28 210    19.9   28.3   28.0    6.9    0.0 -999.9 -999.9  330.0
climbld 2000  7 29 211    17.0   27.7   29.1    7.2    0.0 -999.9 -999.9  330.0
climbld 2000  7 30 212    17.7   27.5   29.8    7.9    0.0 -999.9 -999.9  330.0
climbld 2000  7 31 213    18.8   33.1   29.0    6.7    0.0 -999.9 -999.9  330.0
climbld 2000  8  1 214    15.1   31.9   27.9    5.8    0.0 -999.9 -999.9  330.0
climbld 2000  8  2 215    18.2   30.0   23.9    5.2    2.0 -999.9 -999.9  330.0
climbld 2000  8  3 216    18.4   22.2    5.5    2.1    0.8 -999.9 -999.9  330.0
climbld 2000  8  4 217    17.1   26.4   28.7    7.1    0.0 -999.9 -999.9  330.0
climbld 2000  8  5 218    18.0   23.1   24.7    6.6    0.0 -999.9 -999.9  330.0
climbld 2000  8  6 219    17.2   27.1   26.0    7.3    0.0 -999.9 -999.9  330.0
climbld 2000  8  7 220    19.0   27.9   27.0    7.8    0.0 -999.9 -999.9  330.0
climbld 2000  8  8 221    19.7   32.0   24.8    5.9    0.0 -999.9 -999.9  330.0
climbld 2000  8  9 222    20.8   32.6   24.4    5.5    0.0 -999.9 -999.9  330.0
climbld 2000  8 10 223    17.1   33.7   25.6    5.5    0.0 -999.9 -999.9  330.0
climbld 2000  8 11 224    16.8   32.7   25.5    5.4    0.0 -999.9 -999.9  330.0
climbld 2000  8 12 225    19.1   31.1   14.1    3.7    0.0 -999.9 -999.9  330.0
climbld 2000  8 13 226    17.6   32.9   24.3    5.4    0.0 -999.9 -999.9  330.0
climbld 2000  8 14 227    18.3   35.5   24.4    5.5    0.0 -999.9 -999.9  330.0
climbld 2000  8 15 228    23.6   34.1   25.6    6.6    0.0 -999.9 -999.9  330.0
climbld 2000  8 16 229    21.6   36.4   25.5    6.1    0.0 -999.9 -999.9  330.0
climbld 2000  8 17 230    20.8   33.2   18.6    4.9    0.0 -999.9 -999.9  330.0
climbld 2000  8 18 231    18.4   34.6   24.0    5.6    0.0 -999.9 -999.9  330.0
climbld 2000  8 19 232    16.7   35.5   22.9    5.6    0.0 -999.9 -999.9  330.0
climbld 2000  8 20 233    17.2   33.4   24.3    5.5    0.0 -999.9 -999.9  330.0
climbld 2000  8 21 234    19.9   30.2   12.0    3.6    0.6 -999.9 -999.9  330.0
climbld 2000  8 22 235    16.3   30.2   24.3    5.3    0.2 -999.9 -999.9  330.0
climbld 2000  8 23 236    14.3   33.3   23.9    5.0    0.0 -999.9 -999.9  330.0
climbld 2000  8 24 237    18.2   34.2   16.6    4.0    0.0 -999.9 -999.9  330.0
climbld 2000  8 25 238    18.3   36.7   18.8    4.7    0.0 -999.9 -999.9  330.0
climbld 2000  8 26 239    17.7   35.4   18.2    4.7    0.0 -999.9 -999.9  330.0
climbld 2000  8 27 240    19.5   27.2   22.8    6.5    0.0 -999.9 -999.9  330.0
climbld 2000  8 28 241    16.6   27.8   21.8    5.6    0.0 -999.9 -999.9  330.0
climbld 2000  8 29 242    17.4   32.0   23.4    4.9    1.0 -999.9 -999.9  330.0
climbld 2000  8 30 243    17.0   23.7    6.8    2.2   29.4 -999.9 -999.9  330.0
climbld 2000  8 31 244    17.2   25.8   16.5    3.5    0.0 -999.9 -999.9  330.0
climbld 2000  9  1 245    16.9   29.6   23.1    4.9    0.0 -999.9 -999.9  330.0
climbld 2000  9  2 246    15.0   26.1   22.1    4.4    0.0 -999.9 -999.9  330.0
climbld 2000  9  3 247    14.5   23.7   20.6    4.9    0.0 -999.9 -999.9  330.0
climbld 2000  9  4 248    15.4   22.8   22.8    6.9    0.0 -999.9 -999.9  330.0
climbld 2000  9  5 249    14.2   24.9   22.7    5.9    0.0 -999.9 -999.9  330.0
climbld 2000  9  6 250    14.5   28.3   21.3    4.2    0.0 -999.9 -999.9  330.0
climbld 2000  9  7 251    17.3   25.9   19.2    5.5    0.0 -999.9 -999.9  330.0
climbld 2000  9  8 252    16.1   28.2   21.9    4.9    0.0 -999.9 -999.9  330.0
climbld 2000  9  9 253    11.2   29.5   21.5    4.0    0.0 -999.9 -999.9  330.0
climbld 2000  9 10 254    11.1   30.7   21.3    3.9    0.0 -999.9 -999.9  330.0
climbld 2000  9 11 255    12.2   30.6   20.9    3.9    0.0 -999.9 -999.9  330.0
climbld 2000  9 12 256    16.6   28.4   15.5    3.1    0.0 -999.9 -999.9  330.0
climbld 2000  9 13 257    18.2   29.3   18.3    3.6    0.2 -999.9 -999.9  330.0
climbld 2000  9 14 258    16.4   29.2   16.9    3.3    0.0 -999.9 -999.9  330.0
climbld 2000  9 15 259    19.1   28.7   15.3    3.4    0.0 -999.9 -999.9  330.0
climbld 2000  9 16 260    21.1   30.1   15.6    3.7    0.0 -999.9 -999.9  330.0
climbld 2000  9 17 261    15.5   25.4   20.5    5.2    0.0 -999.9 -999.9  330.0
climbld 2000  9 18 262    13.1   27.0   18.8    3.5    0.0 -999.9 -999.9  330.0
climbld 2000  9 19 263    11.9   28.2   12.8    3.7   34.2 -999.9 -999.9  330.0
climbld 2000  9 20 264    13.5   20.4    6.3    1.6    8.6 -999.9 -999.9  330.0
climbld 2000  9 21 265    10.6   21.9   19.3    3.5    0.0 -999.9 -999.9  330.0
climbld 2000  9 22 266    14.7   25.4   19.2    4.2    0.0 -999.9 -999.9  330.0
climbld 2000  9 23 267    10.9   27.2   18.6    2.9    0.0 -999.9 -999.9  330.0
climbld 2000  9 24 268    10.3   26.3   18.2    2.8    0.2 -999.9 -999.9  330.0
climbld 2000  9 25 269    12.8   26.4   16.3    2.6    0.0 -999.9 -999.9  330.0
climbld 2000  9 26 270    16.6   26.1   15.2    2.5    0.0 -999.9 -999.9  330.0
climbld 2000  9 27 271    13.9   24.1   12.9    2.0    3.8 -999.9 -999.9  330.0
climbld 2000  9 28 272    15.8   25.9   15.5    2.5    9.8 -999.9 -999.9  330.0
climbld 2000  9 29 273    16.2   19.4    2.4    0.6   16.8 -999.9 -999.9  330.0
climbld 2000  9 30 274    13.3   20.6   16.3    2.6    0.0 -999.9 -999.9  330.0
climbld 2000 10  1 275    11.4   21.7   17.0    2.4    0.0 -999.9 -999.9  330.0
climbld 2000 10  2 276     8.6   19.0   11.7    2.3    1.4 -999.9 -999.9  330.0
climbld 2000 10  3 277    12.6   18.8   16.9    4.1    0.0 -999.9 -999.9  330.0
climbld 2000 10  4 278    12.6   21.4   15.6    3.2    0.0 -999.9 -999.9  330.0
climbld 2000 10  5 279    12.7   22.9   13.1    2.5    0.0 -999.9 -999.9  330.0
climbld 2000 10  6 280    13.5   17.6   16.1    4.9    0.0 -999.9 -999.9  330.0
climbld 2000 10  7 281    10.0   17.1   15.4    4.4    0.0 -999.9 -999.9  330.0
climbld 2000 10  8 282     9.9   18.4   13.7    3.2    0.0 -999.9 -999.9  330.0
climbld 2000 10  9 283    10.1   20.8   14.1    2.3    9.4 -999.9 -999.9  330.0
climbld 2000 10 10 284    11.6   18.3   11.1    1.8    0.0 -999.9 -999.9  330.0
climbld 2000 10 11 285    10.9   17.1    2.4    0.8    4.6 -999.9 -999.9  330.0
climbld 2000 10 12 286    10.5   15.9    2.1    0.4   17.8 -999.9 -999.9  330.0
climbld 2000 10 13 287    11.0   12.1    1.4    0.0   88.2 -999.9 -999.9  330.0
climbld 2000 10 14 288    10.9   16.3    7.8    1.1   15.4 -999.9 -999.9  330.0
climbld 2000 10 15 289    12.3   14.1    2.8    0.7   26.0 -999.9 -999.9  330.0
climbld 2000 10 16 290    11.4   17.9    6.8    1.0    5.6 -999.9 -999.9  330.0
climbld 2000 10 17 291     9.9   19.9   13.7    1.6    0.0 -999.9 -999.9  330.0
climbld 2000 10 18 292     7.7   20.9   13.3    1.4    0.0 -999.9 -999.9  330.0
climbld 2000 10 19 293     6.7   20.2   10.8    1.2    0.2 -999.9 -999.9  330.0
climbld 2000 10 20 294     8.4   21.1    8.7    1.4    0.0 -999.9 -999.9  330.0
climbld 2000 10 21 295    13.7   22.6   10.1    1.8    0.0 -999.9 -999.9  330.0
climbld 2000 10 22 296    11.6   22.8    8.1    1.3    0.0 -999.9 -999.9  330.0
climbld 2000 10 23 297    10.2   19.2    4.9    0.9    0.0 -999.9 -999.9  330.0
climbld 2000 10 24 298    10.7   22.0   10.3    1.2    0.0 -999.9 -999.9  330.0
climbld 2000 10 25 299     9.7   20.9   10.3    1.1    0.0 -999.9 -999.9  330.0
climbld 2000 10 26 300    12.6   20.3    7.9    1.1    0.0 -999.9 -999.9  330.0
climbld 2000 10 27 301    12.1   18.5   11.1    1.3    0.0 -999.9 -999.9  330.0
climbld 2000 10 28 302     5.7   20.5   10.7    1.0    0.0 -999.9 -999.9  330.0
climbld 2000 10 29 303    10.8   19.6    6.2    0.8    0.0 -999.9 -999.9  330.0
climbld 2000 10 30 304     8.0   18.3    2.5    0.5    3.2 -999.9 -999.9  330.0
climbld 2000 10 31 305    10.2   16.2    5.7    0.8    4.4 -999.9 -999.9  330.0
climbld 2000 11  1 306     3.3   17.6    9.7    0.8    1.6 -999.9 -999.9  330.0
climbld 2000 11  2 307     7.9   15.2    1.3    0.4    6.2 -999.9 -999.9  330.0
climbld 2000 11  3 308    10.9   14.9    3.3    1.0    1.8 -999.9 -999.9  330.0
climbld 2000 11  4 309     1.7   14.3    8.4    0.6    0.0 -999.9 -999.9  330.0
climbld 2000 11  5 310     0.7   15.7    8.4    0.7   35.6 -999.9 -999.9  330.0
climbld 2000 11  6 311    11.0   15.4    4.3    1.0    9.8 -999.9 -999.9  330.0
climbld 2000 11  7 312     8.7   14.5    8.0    1.1    0.0 -999.9 -999.9  330.0
climbld 2000 11  8 313     5.3   14.1    8.1    0.7    1.4 -999.9 -999.9  330.0
climbld 2000 11  9 314     5.5   14.5    9.4    0.7    0.0 -999.9 -999.9  330.0
climbld 2000 11 10 315     3.3   14.9    9.5    0.5    0.2 -999.9 -999.9  330.0
climbld 2000 11 11 316    -0.2   15.2    9.4    0.5    0.2 -999.9 -999.9  330.0
climbld 2000 11 12 317     6.2   17.2    2.5    1.6    0.0 -999.9 -999.9  330.0
climbld 2000 11 13 318    15.2   18.6    3.1    1.5    9.8 -999.9 -999.9  330.0
climbld 2000 11 14 319     8.8   14.7    6.7    0.5    4.4 -999.9 -999.9  330.0
climbld 2000 11 15 320     2.7   10.9    4.3    0.2    0.0 -999.9 -999.9  330.0
climbld 2000 11 16 321     3.1   11.8    4.6    0.4    0.0 -999.9 -999.9  330.0
climbld 2000 11 17 322     8.8   11.8    7.9    2.1    0.0 -999.9 -999.9  330.0
climbld 2000 11 18 323     6.1   11.7    8.2    1.7    0.0 -999.9 -999.9  330.0
climbld 2000 11 19 324     0.1    8.9    4.6    0.1    8.0 -999.9 -999.9  330.0
climbld 2000 11 20 325     7.5    9.8    2.0    0.2    1.4 -999.9 -999.9  330.0
climbld 2000 11 21 326     3.2   12.4    7.4    0.3    0.4 -999.9 -999.9  330.0
climbld 2000 11 22 327     6.9   15.1    4.0    0.8    9.0 -999.9 -999.9  330.0
climbld 2000 11 23 328    10.1   14.2    0.6    0.2   30.2 -999.9 -999.9  330.0
climbld 2000 11 24 329     7.0   12.6    7.9    0.7    0.0 -999.9 -999.9  330.0
climbld 2000 11 25 330     2.4   14.0    7.8    0.2    0.2 -999.9 -999.9  330.0
climbld 2000 11 26 331     5.5   14.3    7.0    0.4    0.4 -999.9 -999.9  330.0
climbld 2000 11 27 332     5.4   12.8    3.9    0.4    0.0 -999.9 -999.9  330.0
climbld 2000 11 28 333     4.0   16.1    6.4    0.3    0.0 -999.9 -999.9  330.0
climbld 2000 11 29 334     6.3   17.1    4.4    0.4    0.0 -999.9 -999.9  330.0
climbld 2000 11 30 335    11.7   13.7    1.6    0.6    3.2 -999.9 -999.9  330.0
climbld 2000 12  1 336    10.6   17.2    4.5    0.6    0.4 -999.9 -999.9  330.0
climbld 2000 12  2 337    12.8   14.0    1.5    0.7   32.8 -999.9 -999.9  330.0
climbld 2000 12  3 338     8.7   14.0    6.3    0.7    0.2 -999.9 -999.9  330.0
climbld 2000 12  4 339     1.4   13.4    6.4    0.1    0.0 -999.9 -999.9  330.0
climbld 2000 12  5 340     2.2   14.5    3.6    0.5    0.6 -999.9 -999.9  330.0
climbld 2000 12  6 341    12.0   15.1    2.0    0.7    0.2 -999.9 -999.9  330.0
climbld 2000 12  7 342    13.9   17.6    1.7    1.9    0.4 -999.9 -999.9  330.0
climbld 2000 12  8 343    15.1   17.6    2.6    1.6    0.0 -999.9 -999.9  330.0
climbld 2000 12  9 344     7.2   16.8    3.8    0.4    0.8 -999.9 -999.9  330.0
climbld 2000 12 10 345     3.3   12.3    5.8    0.0    0.4 -999.9 -999.9  330.0
climbld 2000 12 11 346     0.3   10.4    5.3    0.0    0.2 -999.9 -999.9  330.0
climbld 2000 12 12 347     2.1   12.2    3.1    0.1    0.0 -999.9 -999.9  330.0
climbld 2000 12 13 348     5.5   14.0    4.7    0.2    0.0 -999.9 -999.9  330.0
climbld 2000 12 14 349     2.6    9.8    2.8    0.1    0.2 -999.9 -999.9  330.0
climbld 2000 12 15 350     6.6   12.8    4.9    0.6    0.0 -999.9 -999.9  330.0
climbld 2000 12 16 351    -0.9   10.6    6.2    0.2    0.0 -999.9 -999.9  330.0
climbld 2000 12 17 352     2.2   11.7    5.8    0.1    0.0 -999.9 -999.9  330.0
climbld 2000 12 18 353     1.1   13.2    6.2    0.0    0.0 -999.9 -999.9  330.0
climbld 2000 12 19 354     0.0   13.7    6.0    0.0    0.2 -999.9 -999.9  330.0
climbld 2000 12 20 355    -0.2   12.1    3.0    0.4    0.2 -999.9 -999.9  330.0
climbld 2000 12 21 356     8.4   13.4    3.1    0.8    0.0 -999.9 -999.9  330.0
climbld 2000 12 22 357     6.5   15.7    5.7    1.0    0.0 -999.9 -999.9  330.0
climbld 2000 12 23 358    -0.9   11.6    4.1    1.4    0.0 -999.9 -999.9  330.0
climbld 2000 12 24 359     6.1   11.8    1.0    1.0   52.0 -999.9 -999.9  330.0
climbld 2000 12 25 360     7.7   11.7    4.1    0.3    0.8 -999.9 -999.9  330.0
climbld 2000 12 26 361     2.2   12.8    4.5    0.2    0.4 -999.9 -999.9  330.0
climbld 2000 12 27 362     2.6   10.2    3.3    0.2    0.2 -999.9 -999.9  330.0
climbld 2000 12 28 363     4.3   10.0    6.3    0.3    0.4 -999.9 -999.9  330.0
climbld 2000 12 29 364     2.3   10.4    6.5    0.4    0.8 -999.9 -999.9  330.0
climbld 2000 12 30 365    -1.0    5.9    3.0    0.9    2.2 -999.9 -999.9  330.0
climbld 2000 12 31 366     1.7    5.6    7.1    1.1    0.0 -999.9 -999.9  330.0
