baikal0 2002  1  1   1    -3.8   -2.3    1.6    0.1    0.0 -999.9 -999.9  330.0
baikal0 2002  1  2   2    -6.5   -1.2    4.7    0.0    0.0 -999.9 -999.9  330.0
baikal0 2002  1  3   3    -4.1    0.9    5.4    0.2    0.0 -999.9 -999.9  330.0
baikal0 2002  1  4   4    -5.5   -0.6    4.3    0.4    0.0 -999.9 -999.9  330.0
baikal0 2002  1  5   5    -5.5    0.7    4.7    0.0    0.0 -999.9 -999.9  330.0
baikal0 2002  1  6   6    -4.9    1.5    1.7    0.2    0.0 -999.9 -999.9  330.0
baikal0 2002  1  7   7    -0.3    2.6    2.5    0.0    0.0 -999.9 -999.9  330.0
baikal0 2002  1  8   8    -0.5    2.5    3.6    0.0    0.0 -999.9 -999.9  330.0
baikal0 2002  1  9   9    -1.8    2.4    5.0    0.0    0.0 -999.9 -999.9  330.0
baikal0 2002  1 10  10    -1.7    2.6    3.4    0.1    0.0 -999.9 -999.9  330.0
baikal0 2002  1 11  11     0.0    6.0    3.5    0.0    0.0 -999.9 -999.9  330.0
baikal0 2002  1 12  12    -1.6    0.7    2.0    0.0    0.0 -999.9 -999.9  330.0
baikal0 2002  1 13  13    -0.4    2.7    2.1    0.0    0.0 -999.9 -999.9  330.0
baikal0 2002  1 14  14     0.3    2.0    1.4    0.1    0.0 -999.9 -999.9  330.0
baikal0 2002  1 15  15     0.5    4.8    0.9    0.0    6.0 -999.9 -999.9  330.0
baikal0 2002  1 16  16     0.2    6.6    5.2    0.0    0.0 -999.9 -999.9  330.0
baikal0 2002  1 17  17     2.5    6.1    2.7    0.0    1.0 -999.9 -999.9  330.0
baikal0 2002  1 18  18     2.4    7.2    1.9    0.0    1.0 -999.9 -999.9  330.0
baikal0 2002  1 19  19     5.5   10.2    4.0    0.5    0.0 -999.9 -999.9  330.0
baikal0 2002  1 20  20     4.9   10.6    2.8    0.3    0.5 -999.9 -999.9  330.0
baikal0 2002  1 21  21     7.1   10.8    1.9    0.6    0.0 -999.9 -999.9  330.0
baikal0 2002  1 22  22     5.2    9.8    2.6    0.9    0.0 -999.9 -999.9  330.0
baikal0 2002  1 23  23     5.1   11.0    0.9    1.0    2.5 -999.9 -999.9  330.0
baikal0 2002  1 24  24     8.3   11.0    3.2    1.1    0.5 -999.9 -999.9  330.0
baikal0 2002  1 25  25     2.2   10.6    3.7    0.5    1.0 -999.9 -999.9  330.0
baikal0 2002  1 26  26     8.2   12.4    2.3    1.6    4.5 -999.9 -999.9  330.0
baikal0 2002  1 27  27    10.3   13.7    0.9    0.4   10.0 -999.9 -999.9  330.0
baikal0 2002  1 28  28     8.5   13.5    6.1    1.2    1.0 -999.9 -999.9  330.0
baikal0 2002  1 29  29     4.5   10.3    2.6    0.3    1.0 -999.9 -999.9  330.0
baikal0 2002  1 30  30     6.6   12.8    4.4    0.4    0.0 -999.9 -999.9  330.0
baikal0 2002  1 31  31     6.7   11.4    7.5    0.7    1.0 -999.9 -999.9  330.0
baikal0 2002  2  1  32     7.6   12.5    2.6    1.1    0.0 -999.9 -999.9  330.0
baikal0 2002  2  2  33     7.6   14.4    7.9    1.3    0.0 -999.9 -999.9  330.0
baikal0 2002  2  3  34     6.2   13.4    4.3    2.2    0.0 -999.9 -999.9  330.0
baikal0 2002  2  4  35     5.8   12.7    3.7    1.6    0.0 -999.9 -999.9  330.0
baikal0 2002  2  5  36     9.3   12.4    2.0    1.4    9.5 -999.9 -999.9  330.0
baikal0 2002  2  6  37     4.5    9.6    6.1    0.7    0.0 -999.9 -999.9  330.0
baikal0 2002  2  7  38     2.5    8.5    5.6    0.6    0.5 -999.9 -999.9  330.0
baikal0 2002  2  8  39     5.6   11.8    1.6    0.0    0.5 -999.9 -999.9  330.0
baikal0 2002  2  9  40     8.6   12.2    2.0    1.3    5.5 -999.9 -999.9  330.0
baikal0 2002  2 10  41     5.9   10.8    4.8    1.0    0.0 -999.9 -999.9  330.0
baikal0 2002  2 11  42     8.4   12.9    1.7    1.2    0.5 -999.9 -999.9  330.0
baikal0 2002  2 12  43    11.0   13.4    3.6    0.9   11.5 -999.9 -999.9  330.0
baikal0 2002  2 13  44     6.5    8.8    2.4    0.4    7.5 -999.9 -999.9  330.0
baikal0 2002  2 14  45     3.3    7.2    8.6    1.9    0.0 -999.9 -999.9  330.0
baikal0 2002  2 15  46    -1.4    5.5   10.6    1.1    0.0 -999.9 -999.9  330.0
baikal0 2002  2 16  47    -1.3    7.0   10.5    0.9    0.0 -999.9 -999.9  330.0
baikal0 2002  2 17  48    -2.6    7.9   10.0    0.4    0.0 -999.9 -999.9  330.0
baikal0 2002  2 18  49    -0.4    7.6    3.7    0.6    2.0 -999.9 -999.9  330.0
baikal0 2002  2 19  50     0.4   10.3    3.9    0.6   14.0 -999.9 -999.9  330.0
baikal0 2002  2 20  51     5.1   10.4    4.4    1.4    8.0 -999.9 -999.9  330.0
baikal0 2002  2 21  52     0.7    6.9    8.6    1.1    0.5 -999.9 -999.9  330.0
baikal0 2002  2 22  53     3.3   12.0    2.7    1.4    2.0 -999.9 -999.9  330.0
baikal0 2002  2 23  54     3.7    7.8    4.9    1.5    2.0 -999.9 -999.9  330.0
baikal0 2002  2 24  55     0.4    8.6    5.8    1.0    7.0 -999.9 -999.9  330.0
baikal0 2002  2 25  56     3.7   11.8    4.5    0.2    2.5 -999.9 -999.9  330.0
baikal0 2002  2 26  57     9.9   13.5    9.0    2.7    5.0 -999.9 -999.9  330.0
baikal0 2002  2 27  58     4.3   10.4   11.5    2.1    2.0 -999.9 -999.9  330.0
baikal0 2002  2 28  59     2.4    9.4    8.7    1.7    0.0 -999.9 -999.9  330.0
baikal0 2002  3  1  60     2.2   10.4    7.9    1.3    0.0 -999.9 -999.9  330.0
baikal0 2002  3  2  61     0.3    6.9    9.9    1.5    0.0 -999.9 -999.9  330.0
baikal0 2002  3  3  62    -1.2    8.4    7.5    0.7    0.0 -999.9 -999.9  330.0
baikal0 2002  3  4  63    -0.9   12.1   12.2    0.9    0.0 -999.9 -999.9  330.0
baikal0 2002  3  5  64     1.6    9.2    7.9    0.8    0.0 -999.9 -999.9  330.0
baikal0 2002  3  6  65     1.1   10.3    5.2    0.6    0.0 -999.9 -999.9  330.0
baikal0 2002  3  7  66     8.2   14.8   12.1    1.9    0.0 -999.9 -999.9  330.0
baikal0 2002  3  8  67     0.1   14.3   13.3    1.1    0.0 -999.9 -999.9  330.0
baikal0 2002  3  9  68     5.9   13.9    9.0    2.2    0.0 -999.9 -999.9  330.0
baikal0 2002  3 10  69     1.9   12.9   15.0    2.0    0.0 -999.9 -999.9  330.0
baikal0 2002  3 11  70     2.9   15.1   14.5    1.8    3.0 -999.9 -999.9  330.0
baikal0 2002  3 12  71     7.7   12.7    4.8    0.8    3.5 -999.9 -999.9  330.0
baikal0 2002  3 13  72     5.9   14.4    8.8    1.7    0.0 -999.9 -999.9  330.0
baikal0 2002  3 14  73     3.9    9.0    4.1    1.3    1.0 -999.9 -999.9  330.0
baikal0 2002  3 15  74     5.5   14.2    7.5    1.5    0.5 -999.9 -999.9  330.0
baikal0 2002  3 16  75     4.9   16.8   13.1    1.8    0.0 -999.9 -999.9  330.0
baikal0 2002  3 17  76     8.8   12.6    4.1    1.0    3.5 -999.9 -999.9  330.0
baikal0 2002  3 18  77     8.6   11.6    4.0    1.3    7.0 -999.9 -999.9  330.0
baikal0 2002  3 19  78     7.6   12.7    5.0    1.0   14.5 -999.9 -999.9  330.0
baikal0 2002  3 20  79    10.1   13.9    3.1    0.5   16.0 -999.9 -999.9  330.0
baikal0 2002  3 21  80     9.7   13.3    4.2    1.1    4.0 -999.9 -999.9  330.0
baikal0 2002  3 22  81     7.1   12.7    5.2    1.0    2.5 -999.9 -999.9  330.0
baikal0 2002  3 23  82     2.5    9.9   11.9    1.5    0.0 -999.9 -999.9  330.0
baikal0 2002  3 24  83     0.1   11.1   17.4    1.8    0.0 -999.9 -999.9  330.0
baikal0 2002  3 25  84     0.0   10.7   17.8    1.8    0.0 -999.9 -999.9  330.0
baikal0 2002  3 26  85     2.2    9.7    7.6    1.2    0.0 -999.9 -999.9  330.0
baikal0 2002  3 27  86     1.9   10.8   18.3    2.3    0.0 -999.9 -999.9  330.0
baikal0 2002  3 28  87    -0.9   14.9   19.3    2.7    0.0 -999.9 -999.9  330.0
baikal0 2002  3 29  88     0.4   16.3   19.0    2.5    0.0 -999.9 -999.9  330.0
baikal0 2002  3 30  89     4.2   16.2   11.3    2.0    0.0 -999.9 -999.9  330.0
baikal0 2002  3 31  90     3.5   15.9   11.3    1.7    0.0 -999.9 -999.9  330.0
baikal0 2002  4  1  91     5.8   18.6   17.0    2.7    0.0 -999.9 -999.9  330.0
baikal0 2002  4  2  92     6.0   19.7   15.5    3.2    0.0 -999.9 -999.9  330.0
baikal0 2002  4  3  93     8.7   20.1   19.8    3.7    0.0 -999.9 -999.9  330.0
baikal0 2002  4  4  94     6.6   18.9   18.9    3.0    0.0 -999.9 -999.9  330.0
baikal0 2002  4  5  95     6.1   18.6   20.7    3.6    0.0 -999.9 -999.9  330.0
baikal0 2002  4  6  96     3.1   14.1   21.7    4.4    0.0 -999.9 -999.9  330.0
baikal0 2002  4  7  97     2.1   14.5   21.9    4.1    0.0 -999.9 -999.9  330.0
baikal0 2002  4  8  98     1.4   14.9   22.2    3.8    0.0 -999.9 -999.9  330.0
baikal0 2002  4  9  99     1.3   13.6   19.5    3.5    0.0 -999.9 -999.9  330.0
baikal0 2002  4 10 100     2.6   12.9   19.1    4.0    0.0 -999.9 -999.9  330.0
baikal0 2002  4 11 101     1.1   12.2   15.5    2.7    0.0 -999.9 -999.9  330.0
baikal0 2002  4 12 102     3.2   13.8   18.5    3.3    0.0 -999.9 -999.9  330.0
baikal0 2002  4 13 103     5.5   10.0    6.8    2.3    0.0 -999.9 -999.9  330.0
baikal0 2002  4 14 104    -1.5   10.1   11.4    1.6    1.0 -999.9 -999.9  330.0
baikal0 2002  4 15 105     1.1   11.0    9.5    1.3    0.5 -999.9 -999.9  330.0
baikal0 2002  4 16 106     4.4   12.6    9.6    1.8    0.5 -999.9 -999.9  330.0
baikal0 2002  4 17 107    -1.2   16.1   16.3    2.1    0.0 -999.9 -999.9  330.0
baikal0 2002  4 18 108     5.5   13.2   13.3    2.2    2.0 -999.9 -999.9  330.0
baikal0 2002  4 19 109     5.4   13.4   14.9    2.3    1.5 -999.9 -999.9  330.0
baikal0 2002  4 20 110     0.0   15.9   19.1    2.3    0.0 -999.9 -999.9  330.0
baikal0 2002  4 21 111     2.2   19.0   23.5    3.2    0.0 -999.9 -999.9  330.0
baikal0 2002  4 22 112     6.0   21.1   20.8    3.5    0.0 -999.9 -999.9  330.0
baikal0 2002  4 23 113     9.2   19.3   16.9    3.0    0.0 -999.9 -999.9  330.0
baikal0 2002  4 24 114     7.6   20.9   22.2    3.4    0.0 -999.9 -999.9  330.0
baikal0 2002  4 25 115     6.5   16.2   19.7    2.8    0.0 -999.9 -999.9  330.0
baikal0 2002  4 26 116     5.5   11.8    5.7    1.4    5.5 -999.9 -999.9  330.0
baikal0 2002  4 27 117     4.4   13.3   14.9    2.6    2.5 -999.9 -999.9  330.0
baikal0 2002  4 28 118     7.5   16.5   15.0    3.7    2.0 -999.9 -999.9  330.0
baikal0 2002  4 29 119     6.4   14.4   15.9    4.4    1.0 -999.9 -999.9  330.0
baikal0 2002  4 30 120     6.9   17.3   12.0    3.6    0.0 -999.9 -999.9  330.0
baikal0 2002  5  1 121     8.1   16.2   18.2    3.5    9.5 -999.9 -999.9  330.0
baikal0 2002  5  2 122     7.2   12.6    9.0    1.8    0.5 -999.9 -999.9  330.0
baikal0 2002  5  3 123     1.9   14.5   19.5    2.7    0.0 -999.9 -999.9  330.0
baikal0 2002  5  4 124     5.7   10.6    8.9    2.0    0.0 -999.9 -999.9  330.0
baikal0 2002  5  5 125     5.8   10.2    8.9    1.8    1.5 -999.9 -999.9  330.0
baikal0 2002  5  6 126     6.9   12.9   11.4    1.9    0.0 -999.9 -999.9  330.0
baikal0 2002  5  7 127     6.1   19.0   23.9    3.8    0.0 -999.9 -999.9  330.0
baikal0 2002  5  8 128     9.6   19.9   24.8    4.5    0.0 -999.9 -999.9  330.0
baikal0 2002  5  9 129    11.6   16.7    8.7    2.0    0.0 -999.9 -999.9  330.0
baikal0 2002  5 10 130    10.4   14.4    5.4    1.0    0.0 -999.9 -999.9  330.0
baikal0 2002  5 11 131    11.4   15.9    7.7    1.8    1.5 -999.9 -999.9  330.0
baikal0 2002  5 12 132    10.0   18.6   17.2    3.1    0.0 -999.9 -999.9  330.0
baikal0 2002  5 13 133     7.5   21.4   26.0    5.2    2.0 -999.9 -999.9  330.0
baikal0 2002  5 14 134     9.4   18.6   20.6    4.3    0.5 -999.9 -999.9  330.0
baikal0 2002  5 15 135     8.2   20.5   25.5    4.1    0.0 -999.9 -999.9  330.0
baikal0 2002  5 16 136     7.6   25.7   27.9    4.7    0.0 -999.9 -999.9  330.0
baikal0 2002  5 17 137    11.0   26.6   22.4    4.9    3.0 -999.9 -999.9  330.0
baikal0 2002  5 18 138    13.2   18.5   13.3    3.3    0.0 -999.9 -999.9  330.0
baikal0 2002  5 19 139     7.4   18.6   17.5    2.9    0.0 -999.9 -999.9  330.0
baikal0 2002  5 20 140    11.5   22.3   21.1    4.2    0.5 -999.9 -999.9  330.0
baikal0 2002  5 21 141    12.7   24.2   23.7    5.1   15.5 -999.9 -999.9  330.0
baikal0 2002  5 22 142    13.3   15.3    6.2    1.6    2.0 -999.9 -999.9  330.0
baikal0 2002  5 23 143     9.2   19.0   19.1    3.4    0.0 -999.9 -999.9  330.0
baikal0 2002  5 24 144     8.5   13.4    7.7    1.4    3.5 -999.9 -999.9  330.0
baikal0 2002  5 25 145     9.6   17.8   23.8    4.5    0.0 -999.9 -999.9  330.0
baikal0 2002  5 26 146     9.9   16.4   17.8    4.0    0.0 -999.9 -999.9  330.0
baikal0 2002  5 27 147     8.6   17.7   17.0    3.4    0.0 -999.9 -999.9  330.0
baikal0 2002  5 28 148     7.7   16.2   15.8    2.8    1.5 -999.9 -999.9  330.0
baikal0 2002  5 29 149     8.0   17.0   22.6    4.1    0.0 -999.9 -999.9  330.0
baikal0 2002  5 30 150     6.2   19.6   18.6    3.3    0.5 -999.9 -999.9  330.0
baikal0 2002  5 31 151     4.3   20.8   30.7    4.6    0.0 -999.9 -999.9  330.0
baikal0 2002  6  1 152     9.1   23.3   30.6    5.5    0.0 -999.9 -999.9  330.0
baikal0 2002  6  2 153     9.0   25.7   27.6    5.2    0.0 -999.9 -999.9  330.0
baikal0 2002  6  3 154    14.0   22.8   12.9    3.3    0.0 -999.9 -999.9  330.0
baikal0 2002  6  4 155     8.1   22.8   17.7    3.2   10.0 -999.9 -999.9  330.0
baikal0 2002  6  5 156    13.6   22.6   10.9    2.9   11.0 -999.9 -999.9  330.0
baikal0 2002  6  6 157    10.9   18.7   15.7    3.1    0.0 -999.9 -999.9  330.0
baikal0 2002  6  7 158    12.1   17.6    9.8    2.5    0.0 -999.9 -999.9  330.0
baikal0 2002  6  8 159     9.1   20.1   20.4    3.8    0.5 -999.9 -999.9  330.0
baikal0 2002  6  9 160     7.4   19.9   20.2    3.5    5.5 -999.9 -999.9  330.0
baikal0 2002  6 10 161     8.1   17.2   15.7    3.0    1.0 -999.9 -999.9  330.0
baikal0 2002  6 11 162    11.3   18.9   20.2    4.0    3.0 -999.9 -999.9  330.0
baikal0 2002  6 12 163    13.2   21.0   13.0    3.0    1.0 -999.9 -999.9  330.0
baikal0 2002  6 13 164    12.8   19.3    9.4    2.1    0.0 -999.9 -999.9  330.0
baikal0 2002  6 14 165    14.3   25.6   21.6    4.3    0.0 -999.9 -999.9  330.0
baikal0 2002  6 15 166    14.6   20.7   16.0    3.3    0.5 -999.9 -999.9  330.0
baikal0 2002  6 16 167    13.0   27.0   29.1    5.6    0.0 -999.9 -999.9  330.0
baikal0 2002  6 17 168    16.4   32.4   28.2    6.1    0.0 -999.9 -999.9  330.0
baikal0 2002  6 18 169    18.5   28.6   22.2    5.4    0.0 -999.9 -999.9  330.0
baikal0 2002  6 19 170    10.0   22.7   20.3    3.8    6.0 -999.9 -999.9  330.0
baikal0 2002  6 20 171    12.9   19.9   10.2    2.4    9.5 -999.9 -999.9  330.0
baikal0 2002  6 21 172    12.5   22.9   23.5    4.3    0.0 -999.9 -999.9  330.0
baikal0 2002  6 22 173    15.1   24.4   22.8    4.7    0.0 -999.9 -999.9  330.0
baikal0 2002  6 23 174    13.4   21.8   24.5    4.8    0.0 -999.9 -999.9  330.0
baikal0 2002  6 24 175     8.2   22.3   29.0    4.9    0.0 -999.9 -999.9  330.0
baikal0 2002  6 25 176     6.3   23.1   30.3    4.8    0.0 -999.9 -999.9  330.0
baikal0 2002  6 26 177     8.7   23.3   30.7    5.2    0.0 -999.9 -999.9  330.0
baikal0 2002  6 27 178     9.7   21.3   24.1    4.5    0.0 -999.9 -999.9  330.0
baikal0 2002  6 28 179     7.5   19.7   23.1    4.0    0.0 -999.9 -999.9  330.0
baikal0 2002  6 29 180     6.1   20.1   26.4    4.3    0.0 -999.9 -999.9  330.0
baikal0 2002  6 30 181     6.6   20.4   23.7    4.0    0.0 -999.9 -999.9  330.0
baikal0 2002  7  1 182    12.7   14.4    5.5    1.3   11.0 -999.9 -999.9  330.0
baikal0 2002  7  2 183    12.0   17.3   12.4    3.0   13.0 -999.9 -999.9  330.0
baikal0 2002  7  3 184    12.3   19.6    9.1    2.9   10.5 -999.9 -999.9  330.0
baikal0 2002  7  4 185    10.2   20.8   24.9    4.6    0.0 -999.9 -999.9  330.0
baikal0 2002  7  5 186    10.5   17.0   11.6    2.3    3.5 -999.9 -999.9  330.0
baikal0 2002  7  6 187    13.5   22.6   18.0    3.6    0.0 -999.9 -999.9  330.0
baikal0 2002  7  7 188    11.4   22.9   24.2    4.5    0.0 -999.9 -999.9  330.0
baikal0 2002  7  8 189    11.0   25.7   28.6    5.3    0.0 -999.9 -999.9  330.0
baikal0 2002  7  9 190    16.1   22.5   13.7    3.4   11.0 -999.9 -999.9  330.0
baikal0 2002  7 10 191    11.1   20.7   13.8    2.9   14.5 -999.9 -999.9  330.0
baikal0 2002  7 11 192     9.1   20.7   24.4    4.2    0.0 -999.9 -999.9  330.0
baikal0 2002  7 12 193    11.7   22.9   18.5    3.8    7.5 -999.9 -999.9  330.0
baikal0 2002  7 13 194    13.6   19.0   11.2    2.5    0.5 -999.9 -999.9  330.0
baikal0 2002  7 14 195    12.5   18.5    8.1    2.0    0.0 -999.9 -999.9  330.0
baikal0 2002  7 15 196    14.2   20.1   11.4    2.9    0.0 -999.9 -999.9  330.0
baikal0 2002  7 16 197    13.6   25.9   23.4    5.4    0.0 -999.9 -999.9  330.0
baikal0 2002  7 17 198    12.8   25.1   27.7    5.6    0.0 -999.9 -999.9  330.0
baikal0 2002  7 18 199    13.5   24.1   26.2    5.4    0.0 -999.9 -999.9  330.0
baikal0 2002  7 19 200     9.2   23.1   28.2    4.9    0.0 -999.9 -999.9  330.0
baikal0 2002  7 20 201     8.3   26.6   22.9    4.3    1.5 -999.9 -999.9  330.0
baikal0 2002  7 21 202    12.4   21.7   20.6    4.3    0.0 -999.9 -999.9  330.0
baikal0 2002  7 22 203     9.2   23.7   24.2    4.3    0.5 -999.9 -999.9  330.0
baikal0 2002  7 23 204     9.5   23.3   18.9    3.7    0.0 -999.9 -999.9  330.0
baikal0 2002  7 24 205    15.0   22.3   16.5    3.9    0.0 -999.9 -999.9  330.0
baikal0 2002  7 25 206    12.6   23.4   21.0    4.4    0.0 -999.9 -999.9  330.0
baikal0 2002  7 26 207    13.3   23.0   12.8    2.8    0.0 -999.9 -999.9  330.0
baikal0 2002  7 27 208    12.0   30.6   27.1    5.2    0.0 -999.9 -999.9  330.0
baikal0 2002  7 28 209    17.6   32.5   26.9    6.1    0.0 -999.9 -999.9  330.0
baikal0 2002  7 29 210    15.2   33.8   26.4    5.8    0.0 -999.9 -999.9  330.0
baikal0 2002  7 30 211    15.0   29.6   22.8    5.1    2.0 -999.9 -999.9  330.0
baikal0 2002  7 31 212    16.2   23.0   11.8    2.8    1.0 -999.9 -999.9  330.0
baikal0 2002  8  1 213    11.9   24.9   25.0    4.7    0.0 -999.9 -999.9  330.0
baikal0 2002  8  2 214    10.3   24.4   19.2    4.2    5.0 -999.9 -999.9  330.0
baikal0 2002  8  3 215    12.2   20.1   14.1    2.7    4.5 -999.9 -999.9  330.0
baikal0 2002  8  4 216     9.8   19.5   12.2    2.1    3.0 -999.9 -999.9  330.0
baikal0 2002  8  5 217    12.3   22.0   16.6    3.2    2.5 -999.9 -999.9  330.0
baikal0 2002  8  6 218    10.1   18.7    7.2    1.2    2.5 -999.9 -999.9  330.0
baikal0 2002  8  7 219    14.1   24.5   16.4    3.7    0.0 -999.9 -999.9  330.0
baikal0 2002  8  8 220    13.1   24.2   13.1    2.8   11.0 -999.9 -999.9  330.0
baikal0 2002  8  9 221    12.8   20.0   12.8    2.6    2.0 -999.9 -999.9  330.0
baikal0 2002  8 10 222    11.8   22.1   18.8    3.4    0.0 -999.9 -999.9  330.0
baikal0 2002  8 11 223    10.2   24.0   22.3    4.1    0.0 -999.9 -999.9  330.0
baikal0 2002  8 12 224    14.7   23.0   14.0    3.6    0.0 -999.9 -999.9  330.0
baikal0 2002  8 13 225    11.1   26.5   23.5    4.3    0.0 -999.9 -999.9  330.0
baikal0 2002  8 14 226    11.5   28.5   24.4    4.4    0.0 -999.9 -999.9  330.0
baikal0 2002  8 15 227    15.5   30.1   22.7    5.0    0.0 -999.9 -999.9  330.0
baikal0 2002  8 16 228    13.9   31.2   22.0    4.5    0.0 -999.9 -999.9  330.0
baikal0 2002  8 17 229    14.7   31.1   23.9    5.1    0.0 -999.9 -999.9  330.0
baikal0 2002  8 18 230    17.2   32.2   17.9    5.0   12.0 -999.9 -999.9  330.0
baikal0 2002  8 19 231    18.1   27.7   16.5    3.6    4.5 -999.9 -999.9  330.0
baikal0 2002  8 20 232    14.7   19.0    3.6    0.8    6.5 -999.9 -999.9  330.0
baikal0 2002  8 21 233    13.6   22.1   15.5    3.2    3.0 -999.9 -999.9  330.0
baikal0 2002  8 22 234    10.4   21.5   16.2    3.0    0.0 -999.9 -999.9  330.0
baikal0 2002  8 23 235    11.3   22.3   17.5    3.2    1.0 -999.9 -999.9  330.0
baikal0 2002  8 24 236    14.6   23.4   15.9    3.4    0.0 -999.9 -999.9  330.0
baikal0 2002  8 25 237    10.3   21.8   15.5    2.8    0.0 -999.9 -999.9  330.0
baikal0 2002  8 26 238    14.2   20.7    8.5    2.4    2.5 -999.9 -999.9  330.0
baikal0 2002  8 27 239    16.8   19.4    3.7    1.0   17.0 -999.9 -999.9  330.0
baikal0 2002  8 28 240    16.9   20.9    4.8    1.5    0.0 -999.9 -999.9  330.0
baikal0 2002  8 29 241    16.4   24.4   16.1    3.5    0.0 -999.9 -999.9  330.0
baikal0 2002  8 30 242    13.8   25.0   14.4    2.9    0.0 -999.9 -999.9  330.0
baikal0 2002  8 31 243    14.6   21.1   12.9    3.0    0.5 -999.9 -999.9  330.0
baikal0 2002  9  1 244     9.2   20.2   17.7    3.4    0.0 -999.9 -999.9  330.0
baikal0 2002  9  2 245     9.5   23.9   21.3    4.2    0.0 -999.9 -999.9  330.0
baikal0 2002  9  3 246    12.1   24.4   20.2    4.1    0.0 -999.9 -999.9  330.0
baikal0 2002  9  4 247     9.0   19.2    5.7    1.1    1.5 -999.9 -999.9  330.0
baikal0 2002  9  5 248    11.2   22.3   14.1    2.4    0.5 -999.9 -999.9  330.0
baikal0 2002  9  6 249     9.2   21.8   10.8    2.3    0.0 -999.9 -999.9  330.0
baikal0 2002  9  7 250    14.7   22.1   10.5    2.8    0.0 -999.9 -999.9  330.0
baikal0 2002  9  8 251    14.7   19.8    8.3    2.1    1.0 -999.9 -999.9  330.0
baikal0 2002  9  9 252    13.3   20.5    7.8    2.5    3.5 -999.9 -999.9  330.0
baikal0 2002  9 10 253    10.4   20.6   13.4    2.3    0.5 -999.9 -999.9  330.0
baikal0 2002  9 11 254     7.6   19.8   12.3    1.9    0.0 -999.9 -999.9  330.0
baikal0 2002  9 12 255    11.3   23.4   16.0    3.2    0.5 -999.9 -999.9  330.0
baikal0 2002  9 13 256    10.3   24.2   19.4    4.1    0.0 -999.9 -999.9  330.0
baikal0 2002  9 14 257    11.6   21.2    9.0    2.4    0.0 -999.9 -999.9  330.0
baikal0 2002  9 15 258    13.8   21.9   13.8    3.3    0.0 -999.9 -999.9  330.0
baikal0 2002  9 16 259     7.8   21.6   15.6    2.9    0.0 -999.9 -999.9  330.0
baikal0 2002  9 17 260     7.1   20.4   14.9    2.5    0.0 -999.9 -999.9  330.0
baikal0 2002  9 18 261     7.6   21.8   17.5    3.0    0.0 -999.9 -999.9  330.0
baikal0 2002  9 19 262     8.3   20.5   11.5    2.2    0.0 -999.9 -999.9  330.0
baikal0 2002  9 20 263     8.7   21.1   16.0    2.6    0.0 -999.9 -999.9  330.0
baikal0 2002  9 21 264    11.8   18.9    7.1    2.0    0.0 -999.9 -999.9  330.0
baikal0 2002  9 22 265     7.2   18.9    9.1    2.0    0.0 -999.9 -999.9  330.0
baikal0 2002  9 23 266     9.6   17.3   12.9    3.2    0.0 -999.9 -999.9  330.0
baikal0 2002  9 24 267     5.6   16.7   14.9    3.4    0.0 -999.9 -999.9  330.0
baikal0 2002  9 25 268     2.2   16.5    5.1    0.8    0.5 -999.9 -999.9  330.0
baikal0 2002  9 26 269    10.2   15.9    5.5    1.3    1.0 -999.9 -999.9  330.0
baikal0 2002  9 27 270     7.4   17.0    8.7    1.4    0.0 -999.9 -999.9  330.0
baikal0 2002  9 28 271     6.8   19.7   10.8    1.5    0.0 -999.9 -999.9  330.0
baikal0 2002  9 29 272     5.5   20.0   16.0    2.3    0.0 -999.9 -999.9  330.0
baikal0 2002  9 30 273     5.5   21.0   15.5    2.3    0.0 -999.9 -999.9  330.0
baikal0 2002 10  1 274     5.2   21.3   11.9    1.7    0.0 -999.9 -999.9  330.0
baikal0 2002 10  2 275    10.9   20.5    7.0    1.6    0.0 -999.9 -999.9  330.0
baikal0 2002 10  3 276     8.5   20.1    6.2    1.0    4.0 -999.9 -999.9  330.0
baikal0 2002 10  4 277     7.7   18.1   11.0    1.4    0.5 -999.9 -999.9  330.0
baikal0 2002 10  5 278     4.4   18.5   10.0    1.2    0.5 -999.9 -999.9  330.0
baikal0 2002 10  6 279    11.4   16.8    9.4    2.2    0.5 -999.9 -999.9  330.0
baikal0 2002 10  7 280     1.7   15.4   13.3    1.1    0.0 -999.9 -999.9  330.0
baikal0 2002 10  8 281     2.3   15.2   11.8    1.2    0.0 -999.9 -999.9  330.0
baikal0 2002 10  9 282     3.9   17.0   12.6    1.7    0.0 -999.9 -999.9  330.0
baikal0 2002 10 10 283     9.5   18.3   11.4    2.2    0.0 -999.9 -999.9  330.0
baikal0 2002 10 11 284     3.6   15.3   11.9    1.3    0.0 -999.9 -999.9  330.0
baikal0 2002 10 12 285     5.6   15.1    4.0    1.1    0.0 -999.9 -999.9  330.0
baikal0 2002 10 13 286     1.0   13.4    5.2    0.6    0.0 -999.9 -999.9  330.0
baikal0 2002 10 14 287    11.0   13.4    2.0    2.1    0.5 -999.9 -999.9  330.0
baikal0 2002 10 15 288     7.4   17.9    5.1    1.6    0.0 -999.9 -999.9  330.0
baikal0 2002 10 16 289    10.7   12.8    2.1    0.6   16.5 -999.9 -999.9  330.0
baikal0 2002 10 17 290     8.7   12.8    5.8    1.0    0.5 -999.9 -999.9  330.0
baikal0 2002 10 18 291     4.8   12.4    7.9    1.0    4.5 -999.9 -999.9  330.0
baikal0 2002 10 19 292     0.6   11.3    9.8    0.6    0.0 -999.9 -999.9  330.0
baikal0 2002 10 20 293     1.7   12.5    5.9    0.8    1.5 -999.9 -999.9  330.0
baikal0 2002 10 21 294     7.9   17.4    5.0    0.7    9.0 -999.9 -999.9  330.0
baikal0 2002 10 22 295    11.3   16.1    4.8    1.1    2.5 -999.9 -999.9  330.0
baikal0 2002 10 23 296     7.2   12.2    6.9    1.2    6.5 -999.9 -999.9  330.0
baikal0 2002 10 24 297     5.0   12.3    4.0    0.6    0.0 -999.9 -999.9  330.0
baikal0 2002 10 25 298     9.3   15.2    2.2    0.8   17.5 -999.9 -999.9  330.0
baikal0 2002 10 26 299     8.0   15.4    7.5    1.4    9.0 -999.9 -999.9  330.0
baikal0 2002 10 27 300    10.6   16.1    7.8    3.0    1.5 -999.9 -999.9  330.0
