climcol 1995  1  1   1    -0.8    5.1    4.2    1.0    0.2 -999.9 -999.9  330.0
climcol 1995  1  2   2    -2.5    1.4    3.2    0.9    3.4 -999.9 -999.9  330.0
climcol 1995  1  3   3    -0.9    2.6    3.6    0.4    0.6 -999.9 -999.9  330.0
climcol 1995  1  4   4    -7.1   -1.1    7.2    0.0    0.0 -999.9 -999.9  330.0
climcol 1995  1  5   5   -10.2   -4.2    7.2    0.2    0.0 -999.9 -999.9  330.0
climcol 1995  1  6   6    -5.0   -1.2    2.4    0.3    0.0 -999.9 -999.9  330.0
climcol 1995  1  7   7    -0.6    2.2    1.8    0.2    3.4 -999.9 -999.9  330.0
climcol 1995  1  8   8    -3.4    0.8    1.0    0.1    5.2 -999.9 -999.9  330.0
climcol 1995  1  9   9     0.5    6.3    3.0    0.5    0.4 -999.9 -999.9  330.0
climcol 1995  1 10  10     5.8    9.9    1.8    1.0    8.8 -999.9 -999.9  330.0
climcol 1995  1 11  11     1.2   10.6    2.8    1.2    4.4 -999.9 -999.9  330.0
climcol 1995  1 12  12     0.4    5.6    2.8    1.2    1.4 -999.9 -999.9  330.0
climcol 1995  1 13  13     0.1    3.8    3.5    0.5    0.0 -999.9 -999.9  330.0
climcol 1995  1 14  14     1.8    4.8    2.1    0.2    0.4 -999.9 -999.9  330.0
climcol 1995  1 15  15    -1.2    6.4    3.3    0.4    0.0 -999.9 -999.9  330.0
climcol 1995  1 16  16    -1.1    5.0    3.7    0.5    0.2 -999.9 -999.9  330.0
climcol 1995  1 17  17    -0.5    8.6    5.3    1.5    0.2 -999.9 -999.9  330.0
climcol 1995  1 18  18     3.2    8.2    1.3    0.9    4.0 -999.9 -999.9  330.0
climcol 1995  1 19  19     1.9    7.4    4.5    1.4    0.6 -999.9 -999.9  330.0
climcol 1995  1 20  20     4.1    8.4    2.4    1.6    4.8 -999.9 -999.9  330.0
climcol 1995  1 21  21     3.7    7.7    2.6    1.1   14.8 -999.9 -999.9  330.0
climcol 1995  1 22  22     8.0   12.3    1.0    0.8   26.6 -999.9 -999.9  330.0
climcol 1995  1 23  23     4.6   11.8    3.8    2.3    0.4 -999.9 -999.9  330.0
climcol 1995  1 24  24     3.7    7.4    4.5    1.4    2.0 -999.9 -999.9  330.0
climcol 1995  1 25  25     3.6   13.6    1.4    0.9   12.6 -999.9 -999.9  330.0
climcol 1995  1 26  26     2.6   12.0    1.7    1.8    9.2 -999.9 -999.9  330.0
climcol 1995  1 27  27     0.0    6.5    4.3    0.9    5.0 -999.9 -999.9  330.0
climcol 1995  1 28  28     7.2   10.9    5.0    2.1    4.8 -999.9 -999.9  330.0
climcol 1995  1 29  29     8.0   10.3    1.6    1.4    5.6 -999.9 -999.9  330.0
climcol 1995  1 30  30     0.2    9.1    2.3    0.8    1.4 -999.9 -999.9  330.0
climcol 1995  1 31  31    -1.7    5.5    4.0    0.9    0.0 -999.9 -999.9  330.0
climcol 1995  2  1  32     5.9   13.1    5.7    1.8    1.2 -999.9 -999.9  330.0
climcol 1995  2  2  33     1.2    8.7    6.1    0.9   10.4 -999.9 -999.9  330.0
climcol 1995  2  3  34    -0.4    7.3    4.9    0.7    0.0 -999.9 -999.9  330.0
climcol 1995  2  4  35     4.0    8.1    1.3    0.2    4.6 -999.9 -999.9  330.0
climcol 1995  2  5  36     7.3    9.1    1.8    0.5    0.0 -999.9 -999.9  330.0
climcol 1995  2  6  37     7.7    9.9    1.8    0.5    0.2 -999.9 -999.9  330.0
climcol 1995  2  7  38     6.1    7.6    3.2    1.0    0.0 -999.9 -999.9  330.0
climcol 1995  2  8  39     6.6    9.7    1.3    0.3    3.2 -999.9 -999.9  330.0
climcol 1995  2  9  40     2.3    8.2    3.1    0.7    1.4 -999.9 -999.9  330.0
climcol 1995  2 10  41     3.1    8.0    1.9    0.4    2.8 -999.9 -999.9  330.0
climcol 1995  2 11  42     6.7   10.0    2.8    0.9    5.6 -999.9 -999.9  330.0
climcol 1995  2 12  43     5.4   11.8    8.8    1.2    1.0 -999.9 -999.9  330.0
climcol 1995  2 13  44     6.2   11.9    2.8    0.9    2.6 -999.9 -999.9  330.0
climcol 1995  2 14  45     4.3   10.7    8.9    1.0    2.3 -999.9 -999.9  330.0
climcol 1995  2 15  46     7.8   14.8    5.4    2.2    7.0 -999.9 -999.9  330.0
climcol 1995  2 16  47     7.4    9.9    5.2    2.5    0.2 -999.9 -999.9  330.0
climcol 1995  2 17  48     5.9    9.9    5.4    1.9    2.2 -999.9 -999.9  330.0
climcol 1995  2 18  49     3.5    8.5    6.9    1.4    0.4 -999.9 -999.9  330.0
climcol 1995  2 19  50     4.6    9.6    3.1    1.4    1.0 -999.9 -999.9  330.0
climcol 1995  2 20  51     7.2   11.2    2.1    0.5    0.8 -999.9 -999.9  330.0
climcol 1995  2 21  52     1.5   10.4    4.4    1.2    0.6 -999.9 -999.9  330.0
climcol 1995  2 22  53    -0.6    6.7   11.5    1.3    0.2 -999.9 -999.9  330.0
climcol 1995  2 23  54     1.5    7.5    6.7    1.5    2.2 -999.9 -999.9  330.0
climcol 1995  2 24  55     2.0    9.2    2.6    0.9    6.8 -999.9 -999.9  330.0
climcol 1995  2 25  56     0.6   10.3    6.5    1.6    4.6 -999.9 -999.9  330.0
climcol 1995  2 26  57     0.5    6.3    8.7    1.4    0.6 -999.9 -999.9  330.0
climcol 1995  2 27  58    -0.4    6.4   11.9    1.7    0.0 -999.9 -999.9  330.0
climcol 1995  2 28  59     4.8    8.1    2.5    0.7    0.4 -999.9 -999.9  330.0
climcol 1995  3  1  60     5.1   11.0    6.4    1.7    1.2 -999.9 -999.9  330.0
climcol 1995  3  2  61     2.9    7.9   10.4    2.5    4.0 -999.9 -999.9  330.0
climcol 1995  3  3  62    -0.3    6.2   11.9    1.6    4.0 -999.9 -999.9  330.0
climcol 1995  3  4  63    -1.7    4.5    7.0    1.0    0.2 -999.9 -999.9  330.0
climcol 1995  3  5  64    -0.8    4.8    2.5    0.4    6.0 -999.9 -999.9  330.0
climcol 1995  3  6  65     0.5    7.0    8.2    1.5    0.6 -999.9 -999.9  330.0
climcol 1995  3  7  66    -1.0    7.0   11.2    2.0    0.2 -999.9 -999.9  330.0
climcol 1995  3  8  67     2.1    6.9    6.7    1.8    3.2 -999.9 -999.9  330.0
climcol 1995  3  9  68     0.2    6.7    7.7    1.1    0.0 -999.9 -999.9  330.0
climcol 1995  3 10  69     0.1   12.0   15.1    2.7    0.0 -999.9 -999.9  330.0
climcol 1995  3 11  70     1.6   14.1   14.9    2.0    0.0 -999.9 -999.9  330.0
climcol 1995  3 12  71     3.5   14.1   14.2    2.2    0.0 -999.9 -999.9  330.0
climcol 1995  3 13  72     2.6   12.6   16.2    3.3    0.0 -999.9 -999.9  330.0
climcol 1995  3 14  73     0.3   10.4   14.4    1.9    0.0 -999.9 -999.9  330.0
climcol 1995  3 15  74     1.4    7.9    8.7    1.8    8.8 -999.9 -999.9  330.0
climcol 1995  3 16  75     0.3    8.0   11.2    2.0    0.0 -999.9 -999.9  330.0
climcol 1995  3 17  76     6.5   12.1    4.3    1.6   12.6 -999.9 -999.9  330.0
climcol 1995  3 18  77     5.5   10.8    5.7    1.8   14.6 -999.9 -999.9  330.0
climcol 1995  3 19  78     2.6   10.3    3.5    0.9    7.6 -999.9 -999.9  330.0
climcol 1995  3 20  79     0.3    7.1   13.0    2.4    0.0 -999.9 -999.9  330.0
climcol 1995  3 21  80    -0.9    7.9   11.6    1.4    0.0 -999.9 -999.9  330.0
climcol 1995  3 22  81    -1.6    7.9   18.1    2.0    0.0 -999.9 -999.9  330.0
climcol 1995  3 23  82    -1.2   13.1   18.5    2.3    0.0 -999.9 -999.9  330.0
climcol 1995  3 24  83     0.6   15.6   17.5    3.0    0.0 -999.9 -999.9  330.0
climcol 1995  3 25  84     4.4    9.8    3.6    1.0    0.0 -999.9 -999.9  330.0
climcol 1995  3 26  85     7.2   12.8    7.3    2.7    0.2 -999.9 -999.9  330.0
climcol 1995  3 27  86     0.3    8.7    6.3    1.8    6.6 -999.9 -999.9  330.0
climcol 1995  3 28  87    -0.4    8.5    7.5    1.3    5.4 -999.9 -999.9  330.0
climcol 1995  3 29  88    -0.5    5.8   11.6    1.6    4.0 -999.9 -999.9  330.0
climcol 1995  3 30  89     0.1    6.9   16.8    2.4    0.0 -999.9 -999.9  330.0
climcol 1995  3 31  90     0.4    7.1    2.8    0.5    7.6 -999.9 -999.9  330.0
climcol 1995  4  1  91     7.3   13.9    6.8    1.4    0.0 -999.9 -999.9  330.0
climcol 1995  4  2  92     7.4   15.1   12.8    2.0    0.0 -999.9 -999.9  330.0
climcol 1995  4  3  93     4.6   18.0   19.5    3.0    0.2 -999.9 -999.9  330.0
climcol 1995  4  4  94     6.4   13.1   10.5    2.0    0.0 -999.9 -999.9  330.0
climcol 1995  4  5  95     4.2   16.3   18.9    2.7    0.0 -999.9 -999.9  330.0
climcol 1995  4  6  96     6.0   13.8    7.9    1.9    0.2 -999.9 -999.9  330.0
climcol 1995  4  7  97     9.3   15.8   14.0    2.8    0.2 -999.9 -999.9  330.0
climcol 1995  4  8  98     2.2    9.4   18.1    3.6    0.0 -999.9 -999.9  330.0
climcol 1995  4  9  99    -0.3    8.1   20.7    2.9    0.0 -999.9 -999.9  330.0
climcol 1995  4 10 100     3.9   11.8   16.7    2.7    0.0 -999.9 -999.9  330.0
climcol 1995  4 11 101     3.1   13.5   20.5    3.1    0.0 -999.9 -999.9  330.0
climcol 1995  4 12 102     4.8   15.3   17.4    3.5    0.0 -999.9 -999.9  330.0
climcol 1995  4 13 103     3.8   11.4   14.6    3.4    0.0 -999.9 -999.9  330.0
climcol 1995  4 14 104     4.6   12.6   22.4    4.2    0.0 -999.9 -999.9  330.0
climcol 1995  4 15 105     3.4   12.2   12.5    2.4    0.0 -999.9 -999.9  330.0
climcol 1995  4 16 106     5.7    9.5   10.9    2.8    1.0 -999.9 -999.9  330.0
climcol 1995  4 17 107     6.3   11.4    4.6    1.3    0.4 -999.9 -999.9  330.0
climcol 1995  4 18 108     6.3   11.1    4.8    0.9   30.4 -999.9 -999.9  330.0
climcol 1995  4 19 109     1.5    6.1    5.7    1.0    3.4 -999.9 -999.9  330.0
climcol 1995  4 20 110     0.5    7.9   12.5    1.7    2.8 -999.9 -999.9  330.0
climcol 1995  4 21 111    -0.4   10.0    6.6    1.1    8.6 -999.9 -999.9  330.0
climcol 1995  4 22 112     4.9   11.9   12.2    2.4    2.2 -999.9 -999.9  330.0
climcol 1995  4 23 113     2.2   13.5    7.1    1.7    0.6 -999.9 -999.9  330.0
climcol 1995  4 24 114     7.2   10.8    3.1    0.5    0.0 -999.9 -999.9  330.0
climcol 1995  4 25 115     8.0   16.1   11.0    2.0    5.2 -999.9 -999.9  330.0
climcol 1995  4 26 116    10.3   16.4    8.6    1.8   10.4 -999.9 -999.9  330.0
climcol 1995  4 27 117     8.8   10.6    3.5    0.7    0.0 -999.9 -999.9  330.0
climcol 1995  4 28 118     7.6   13.0    8.8    2.0    0.0 -999.9 -999.9  330.0
climcol 1995  4 29 119     4.8   15.4    9.8    1.8    3.8 -999.9 -999.9  330.0
climcol 1995  4 30 120     9.4   12.6   12.4    2.4    0.6 -999.9 -999.9  330.0
climcol 1995  5  1 121     8.8   17.3   15.2    2.8    0.0 -999.9 -999.9  330.0
climcol 1995  5  2 122     7.6   19.2   23.7    4.4    0.2 -999.9 -999.9  330.0
climcol 1995  5  3 123     7.5   21.0   25.4    4.7    0.0 -999.9 -999.9  330.0
climcol 1995  5  4 124     8.6   24.4   24.4    4.8    0.0 -999.9 -999.9  330.0
climcol 1995  5  5 125    11.8   25.0   24.9    5.1    0.0 -999.9 -999.9  330.0
climcol 1995  5  6 126    12.0   24.0   24.1    5.1    0.0 -999.9 -999.9  330.0
climcol 1995  5  7 127    12.2   23.8   23.2    4.8    0.0 -999.9 -999.9  330.0
climcol 1995  5  8 128     9.8   22.0   20.1    4.6    0.0 -999.9 -999.9  330.0
climcol 1995  5  9 129     7.0   14.4   24.2    4.3    0.0 -999.9 -999.9  330.0
climcol 1995  5 10 130     6.5   14.6   22.6    3.9    0.0 -999.9 -999.9  330.0
climcol 1995  5 11 131     6.1   14.7   20.6    4.0    0.0 -999.9 -999.9  330.0
climcol 1995  5 12 132     5.8   15.1   19.5    4.3    2.4 -999.9 -999.9  330.0
climcol 1995  5 13 133     5.9   10.2   10.5    3.4    2.6 -999.9 -999.9  330.0
climcol 1995  5 14 134     2.2   11.2   20.2    3.6    0.0 -999.9 -999.9  330.0
climcol 1995  5 15 135     3.8   13.4   22.8    3.9    0.0 -999.9 -999.9  330.0
climcol 1995  5 16 136     6.1   14.8    9.6    2.3   10.4 -999.9 -999.9  330.0
climcol 1995  5 17 137     6.5   16.0   15.5    3.6    2.2 -999.9 -999.9  330.0
climcol 1995  5 18 138     6.5   10.4    9.3    2.1   10.2 -999.9 -999.9  330.0
climcol 1995  5 19 139     5.0   13.0   22.3    3.5    0.0 -999.9 -999.9  330.0
climcol 1995  5 20 140     3.4   14.3   19.8    3.6    0.0 -999.9 -999.9  330.0
climcol 1995  5 21 141     5.9   15.6   26.1    4.5    0.0 -999.9 -999.9  330.0
climcol 1995  5 22 142     4.8   18.7   27.3    4.9    0.0 -999.9 -999.9  330.0
climcol 1995  5 23 143     8.3   21.5   22.6    4.6    0.0 -999.9 -999.9  330.0
climcol 1995  5 24 144    11.3   20.7   12.9    4.3    0.0 -999.9 -999.9  330.0
climcol 1995  5 25 145    11.7   18.1   10.1    2.1   15.8 -999.9 -999.9  330.0
climcol 1995  5 26 146    12.3   19.5   23.4    3.7    0.2 -999.9 -999.9  330.0
climcol 1995  5 27 147    10.7   21.2   22.8    4.3    0.0 -999.9 -999.9  330.0
climcol 1995  5 28 148    12.3   24.7   22.9    4.3    4.2 -999.9 -999.9  330.0
climcol 1995  5 29 149    10.8   18.9   21.9    3.6    1.6 -999.9 -999.9  330.0
climcol 1995  5 30 150     9.2   17.3   14.1    2.5    4.6 -999.9 -999.9  330.0
climcol 1995  5 31 151    11.7   17.3    9.7    2.4    2.0 -999.9 -999.9  330.0
climcol 1995  6  1 152     8.2   18.9   24.3    2.5    0.1 -999.9 -999.9  330.0
climcol 1995  6  2 153     9.8   16.1   11.0    2.3    0.0 -999.9 -999.9  330.0
climcol 1995  6  3 154     6.8   18.1   10.8    2.0    7.2 -999.9 -999.9  330.0
climcol 1995  6  4 155    10.5   16.9   16.5    2.8    5.2 -999.9 -999.9  330.0
climcol 1995  6  5 156     8.3   15.7   13.6    2.3    3.4 -999.9 -999.9  330.0
climcol 1995  6  6 157     8.2   16.5   20.9    3.4    0.0 -999.9 -999.9  330.0
climcol 1995  6  7 158    10.4   18.0   16.6    2.9    2.8 -999.9 -999.9  330.0
climcol 1995  6  8 159     9.2   16.0   24.6    3.8    0.2 -999.9 -999.9  330.0
climcol 1995  6  9 160     6.7   16.1   22.3    3.5    0.0 -999.9 -999.9  330.0
climcol 1995  6 10 161     5.3   15.1   11.1    2.0    0.0 -999.9 -999.9  330.0
climcol 1995  6 11 162     6.9   14.3   12.6    2.2    0.4 -999.9 -999.9  330.0
climcol 1995  6 12 163     9.2   15.0   20.3    3.0   10.0 -999.9 -999.9  330.0
climcol 1995  6 13 164     8.8   14.5   18.5    3.1    0.0 -999.9 -999.9  330.0
climcol 1995  6 14 165    10.1   14.8   12.1    2.5    1.0 -999.9 -999.9  330.0
climcol 1995  6 15 166     6.6   15.2   11.2    2.0    1.6 -999.9 -999.9  330.0
climcol 1995  6 16 167    10.7   18.6   22.9    3.7    2.8 -999.9 -999.9  330.0
climcol 1995  6 17 168    11.7   19.0   14.1    3.0    0.2 -999.9 -999.9  330.0
climcol 1995  6 18 169    12.2   20.7   14.5    2.9    0.4 -999.9 -999.9  330.0
climcol 1995  6 19 170    14.1   22.8   25.9    4.4    0.0 -999.9 -999.9  330.0
climcol 1995  6 20 171    11.9   26.2   25.6    4.7    0.0 -999.9 -999.9  330.0
climcol 1995  6 21 172    11.9   24.5   26.2    5.1    0.0 -999.9 -999.9  330.0
climcol 1995  6 22 173     8.9   16.9   26.6    4.6    0.0 -999.9 -999.9  330.0
climcol 1995  6 23 174     7.8   16.9   22.8    4.2    0.0 -999.9 -999.9  330.0
climcol 1995  6 24 175    11.3   18.5   20.6    4.0    0.0 -999.9 -999.9  330.0
climcol 1995  6 25 176     9.7   22.0   26.3    4.5    0.0 -999.9 -999.9  330.0
climcol 1995  6 26 177    13.3   25.7   29.4    5.8    0.0 -999.9 -999.9  330.0
climcol 1995  6 27 178    14.1   26.8   28.2    6.1    0.0 -999.9 -999.9  330.0
climcol 1995  6 28 179    16.3   27.7   28.8    6.3    0.0 -999.9 -999.9  330.0
climcol 1995  6 29 180    12.4   27.5   29.8    5.8    0.0 -999.9 -999.9  330.0
climcol 1995  6 30 181    14.5   30.9   28.6    5.5    0.0 -999.9 -999.9  330.0
climcol 1995  7  1 182    13.7   30.0   22.8    4.7    0.0 -999.9 -999.9  330.0
climcol 1995  7  2 183    15.6   16.1    8.4    1.7   19.8 -999.9 -999.9  330.0
climcol 1995  7  3 184    13.9   18.1   20.1    3.7    3.2 -999.9 -999.9  330.0
climcol 1995  7  4 185    12.6   16.9   21.0    3.7    0.2 -999.9 -999.9  330.0
climcol 1995  7  5 186    11.2   15.7   23.5    4.1    0.0 -999.9 -999.9  330.0
climcol 1995  7  6 187    12.6   16.5   22.1    3.9    0.0 -999.9 -999.9  330.0
climcol 1995  7  7 188    12.9   18.0   25.7    4.6    0.0 -999.9 -999.9  330.0
climcol 1995  7  8 189    15.4   16.0   24.9    4.9    0.0 -999.9 -999.9  330.0
climcol 1995  7  9 190    16.1   16.6   24.9    5.3    0.0 -999.9 -999.9  330.0
climcol 1995  7 10 191    15.1   17.3   27.1    5.7    0.0 -999.9 -999.9  330.0
climcol 1995  7 11 192    18.6   26.8   18.9    3.8    1.8 -999.9 -999.9  330.0
climcol 1995  7 12 193    18.6   26.8   18.9    3.8    1.8 -999.9 -999.9  330.0
climcol 1995  7 13 194    18.6   26.8   18.9    3.8    1.8 -999.9 -999.9  330.0
