climtom 2000  1  1   1    10.6   30.2   30.2    5.3    0.0 -999.9 -999.9  330.0
climtom 2000  1  2   2    10.2   31.4   30.3    5.4    0.0 -999.9 -999.9  330.0
climtom 2000  1  3   3    12.1   29.8   28.4    4.8    0.0 -999.9 -999.9  330.0
climtom 2000  1  4   4    12.1   31.4   30.4    5.7    0.0 -999.9 -999.9  330.0
climtom 2000  1  5   5    15.7   31.4   29.2    5.0    0.0 -999.9 -999.9  330.0
climtom 2000  1  6   6    11.0   29.8   30.4    5.1    0.0 -999.9 -999.9  330.0
climtom 2000  1  7   7    11.4   27.8   28.2    4.7    0.0 -999.9 -999.9  330.0
climtom 2000  1  8   8     9.8   28.2   30.9    4.8    0.0 -999.9 -999.9  330.0
climtom 2000  1  9   9    10.6   29.4   32.0    5.2    0.0 -999.9 -999.9  330.0
climtom 2000  1 10  10    11.8   30.6   32.0    5.3    0.0 -999.9 -999.9  330.0
climtom 2000  1 11  11    11.8   31.8   31.6    5.3    0.0 -999.9 -999.9  330.0
climtom 2000  1 12  12    11.0   29.8   29.8    5.2    0.0 -999.9 -999.9  330.0
climtom 2000  1 13  13    11.8   30.2   31.4    5.2    0.0 -999.9 -999.9  330.0
climtom 2000  1 14  14    10.6   27.0   31.8    5.2    0.0 -999.9 -999.9  330.0
climtom 2000  1 15  15     9.8   26.3   27.4    4.3    0.0 -999.9 -999.9  330.0
climtom 2000  1 16  16     9.0   27.0   30.7    4.8    0.0 -999.9 -999.9  330.0
climtom 2000  1 17  17    11.0   30.2   31.0    5.3    0.0 -999.9 -999.9  330.0
climtom 2000  1 18  18    12.1   32.2   30.9    5.5    0.0 -999.9 -999.9  330.0
climtom 2000  1 19  19    13.3   31.4   31.0    5.6    0.0 -999.9 -999.9  330.0
climtom 2000  1 20  20    12.9   30.2   31.0    5.7    0.0 -999.9 -999.9  330.0
climtom 2000  1 21  21    13.3   27.0   31.2    5.3    0.0 -999.9 -999.9  330.0
climtom 2000  1 22  22    11.0   27.5   31.1    4.9    0.0 -999.9 -999.9  330.0
climtom 2000  1 23  23     9.8   27.0   31.0    5.0    0.0 -999.9 -999.9  330.0
climtom 2000  1 24  24    11.0   29.8   30.7    5.0    0.0 -999.9 -999.9  330.0
climtom 2000  1 25  25    11.4   30.6   30.4    5.2    0.0 -999.9 -999.9  330.0
climtom 2000  1 26  26    12.1   31.4   30.1    5.1    0.0 -999.9 -999.9  330.0
climtom 2000  1 27  27    15.7   31.8   30.1    5.5    0.0 -999.9 -999.9  330.0
climtom 2000  1 28  28    14.5   30.2   28.8    4.9    0.0 -999.9 -999.9  330.0
climtom 2000  1 29  29    13.3   29.4   28.4    4.7    0.0 -999.9 -999.9  330.0
climtom 2000  1 30  30    11.4   28.6   29.9    4.8    0.0 -999.9 -999.9  330.0
climtom 2000  1 31  31    11.8   29.8   29.1    5.2    0.0 -999.9 -999.9  330.0
climtom 2000  2  1  32    11.0   27.5   26.7    4.3    0.0 -999.9 -999.9  330.0
climtom 2000  2  2  33    13.3   29.4   29.5    5.0    0.0 -999.9 -999.9  330.0
climtom 2000  2  3  34    14.5   32.9   28.1    5.0    0.0 -999.9 -999.9  330.0
climtom 2000  2  4  35    10.2   27.8   28.9    4.6    0.0 -999.9 -999.9  330.0
climtom 2000  2  5  36    11.8   27.0   27.4    4.4    0.0 -999.9 -999.9  330.0
climtom 2000  2  6  37    12.9   28.2   24.3    3.6    0.0 -999.9 -999.9  330.0
climtom 2000  2  7  38    11.8   30.2   26.9    4.7    0.0 -999.9 -999.9  330.0
climtom 2000  2  8  39    11.4   23.9   13.3    1.5    0.0 -999.9 -999.9  330.0
climtom 2000  2  9  40    16.5   28.6   17.9    2.7    0.0 -999.9 -999.9  330.0
climtom 2000  2 10  41    11.8   30.2   20.5    3.4    0.0 -999.9 -999.9  330.0
climtom 2000  2 11  42    16.1   22.7    7.5    0.8   14.8 -999.9 -999.9  330.0
climtom 2000  2 12  43    13.3   23.1   23.9    3.2    1.4 -999.9 -999.9  330.0
climtom 2000  2 13  44     9.4   26.3   28.3    4.0    0.0 -999.9 -999.9  330.0
climtom 2000  2 14  45    11.8   30.6   27.7    4.5    0.0 -999.9 -999.9  330.0
climtom 2000  2 15  46    12.1   24.7   26.0    3.9    0.0 -999.9 -999.9  330.0
climtom 2000  2 16  47    11.8   27.8   26.1    3.9    0.0 -999.9 -999.9  330.0
climtom 2000  2 17  48    11.4   27.8   27.1    4.4    0.0 -999.9 -999.9  330.0
climtom 2000  2 18  49    11.0   27.8   26.6    3.8    0.0 -999.9 -999.9  330.0
climtom 2000  2 19  50    11.8   30.6   26.1    4.6    0.0 -999.9 -999.9  330.0
climtom 2000  2 20  51    11.8   31.0   26.5    4.3    0.0 -999.9 -999.9  330.0
climtom 2000  2 21  52    13.3   31.4   26.5    4.7    0.0 -999.9 -999.9  330.0
climtom 2000  2 22  53    13.3   27.0   18.6    2.5    0.0 -999.9 -999.9  330.0
climtom 2000  2 23  54    11.0   29.8   25.5    4.2    0.0 -999.9 -999.9  330.0
climtom 2000  2 24  55    11.8   29.8   26.4    4.4    0.0 -999.9 -999.9  330.0
climtom 2000  2 25  56    12.1   28.6   22.3    3.6    0.0 -999.9 -999.9  330.0
climtom 2000  2 26  57    12.5   22.0   12.5    1.6    9.2 -999.9 -999.9  330.0
climtom 2000  2 27  58     8.6   22.7   24.6    3.4    0.2 -999.9 -999.9  330.0
climtom 2000  2 28  59    10.2   23.9   25.4    3.5    0.0 -999.9 -999.9  330.0
climtom 2000  2 29  60     8.6   25.1   22.3    3.0    0.0 -999.9 -999.9  330.0
climtom 2000  3  1  61    10.6   26.7   24.9    3.6    0.0 -999.9 -999.9  330.0
climtom 2000  3  2  62    10.6   26.3   21.4    3.0    0.0 -999.9 -999.9  330.0
climtom 2000  3  3  63     9.8   26.7   24.6    3.6    0.0 -999.9 -999.9  330.0
climtom 2000  3  4  64    10.2   26.3   18.3    3.4    0.0 -999.9 -999.9  330.0
climtom 2000  3  5  65    11.0   27.0   20.0    3.1    0.0 -999.9 -999.9  330.0
climtom 2000  3  6  66    12.9   30.6   23.0    3.3    0.0 -999.9 -999.9  330.0
climtom 2000  3  7  67     9.0   29.8   22.5    3.6    0.0 -999.9 -999.9  330.0
climtom 2000  3  8  68    11.0   25.5   22.5    3.4    0.0 -999.9 -999.9  330.0
climtom 2000  3  9  69    12.5   23.9   16.2    1.9    0.0 -999.9 -999.9  330.0
climtom 2000  3 10  70    14.1   28.2   18.0    2.5    0.0 -999.9 -999.9  330.0
climtom 2000  3 11  71    12.1   26.3   20.2    2.9    0.0 -999.9 -999.9  330.0
climtom 2000  3 12  72    12.5   24.7   14.2    1.9    0.0 -999.9 -999.9  330.0
climtom 2000  3 13  73    11.8   24.3   17.0    2.5    0.0 -999.9 -999.9  330.0
climtom 2000  3 14  74     8.6   27.0   22.8    3.4    0.0 -999.9 -999.9  330.0
climtom 2000  3 15  75    12.9   25.1   13.5    1.6    0.0 -999.9 -999.9  330.0
climtom 2000  3 16  76    10.6   24.3   22.2    3.1    0.0 -999.9 -999.9  330.0
climtom 2000  3 17  77     7.4   26.3   21.9    2.8    0.0 -999.9 -999.9  330.0
climtom 2000  3 18  78     9.0   28.2   21.1    3.0    0.0 -999.9 -999.9  330.0
climtom 2000  3 19  79     7.1   23.5   18.4    2.3    0.0 -999.9 -999.9  330.0
climtom 2000  3 20  80     8.6   22.0   21.4    2.8    0.0 -999.9 -999.9  330.0
climtom 2000  3 21  81     5.9   25.9   21.3    3.0    0.0 -999.9 -999.9  330.0
climtom 2000  3 22  82     6.3   26.3   19.7    2.7    0.0 -999.9 -999.9  330.0
climtom 2000  3 23  83     8.2   22.4   14.6    1.8    0.0 -999.9 -999.9  330.0
climtom 2000  3 24  84     7.8   27.5   21.0    3.1    0.0 -999.9 -999.9  330.0
climtom 2000  3 25  85     9.0   27.8   20.3    3.0    0.0 -999.9 -999.9  330.0
climtom 2000  3 26  86    10.2   22.0   15.9    2.3    0.0 -999.9 -999.9  330.0
climtom 2000  3 27  87     6.3   19.6   20.6    3.0    0.0 -999.9 -999.9  330.0
climtom 2000  3 28  88     5.9   24.3   20.9    2.6    0.0 -999.9 -999.9  330.0
climtom 2000  3 29  89     5.5   27.0   19.3    2.6    0.0 -999.9 -999.9  330.0
climtom 2000  3 30  90     7.4   22.7   18.3    2.1    0.0 -999.9 -999.9  330.0
climtom 2000  3 31  91     6.7   23.5   19.2    2.2    0.0 -999.9 -999.9  330.0
climtom 2000  4  1  92     6.7   31.0   18.3    2.8    0.0 -999.9 -999.9  330.0
climtom 2000  4  2  93     7.1   23.5   17.8    2.3    0.0 -999.9 -999.9  330.0
climtom 2000  4  3  94    10.6   24.3   18.5    2.4    0.0 -999.9 -999.9  330.0
climtom 2000  4  4  95     6.3   24.3   18.4    2.4    0.0 -999.9 -999.9  330.0
climtom 2000  4  5  96    10.2   23.9   17.7    1.9    0.0 -999.9 -999.9  330.0
climtom 2000  4  6  97     5.5   24.3   18.2    2.4    0.0 -999.9 -999.9  330.0
climtom 2000  4  7  98    10.6   19.2    8.0    0.4    0.0 -999.9 -999.9  330.0
climtom 2000  4  8  99     5.9   22.4   16.5    1.9    0.2 -999.9 -999.9  330.0
climtom 2000  4  9 100     7.4   20.0   12.9    1.5    0.0 -999.9 -999.9  330.0
climtom 2000  4 10 101     3.9   21.6   17.8    2.0    0.4 -999.9 -999.9  330.0
climtom 2000  4 11 102     5.1   24.7   18.3    2.2    0.0 -999.9 -999.9  330.0
climtom 2000  4 12 103     3.9   27.5   17.4    2.4    0.0 -999.9 -999.9  330.0
climtom 2000  4 13 104    12.5   16.5    3.0    0.0    3.0 -999.9 -999.9  330.0
climtom 2000  4 14 105    12.5   18.8    4.2    0.0    1.6 -999.9 -999.9  330.0
climtom 2000  4 15 106     8.2   22.4   14.9    1.7    0.0 -999.9 -999.9  330.0
climtom 2000  4 16 107     8.2   24.3   14.7    1.8    0.0 -999.9 -999.9  330.0
climtom 2000  4 17 108     8.6   21.6   12.9    1.3    0.0 -999.9 -999.9  330.0
climtom 2000  4 18 109     7.8   20.4    9.3    0.6    0.0 -999.9 -999.9  330.0
climtom 2000  4 19 110     7.4   13.3    2.6    0.0    0.2 -999.9 -999.9  330.0
climtom 2000  4 20 111    11.8   20.8   14.9    1.5    0.0 -999.9 -999.9  330.0
climtom 2000  4 21 112     6.3   18.8   13.4    1.1    0.0 -999.9 -999.9  330.0
climtom 2000  4 22 113     5.1   23.9   15.3    1.9    0.0 -999.9 -999.9  330.0
climtom 2000  4 23 114     3.1   25.5   15.6    1.7    0.0 -999.9 -999.9  330.0
climtom 2000  4 24 115     5.1   14.5    4.0    0.2    0.0 -999.9 -999.9  330.0
climtom 2000  4 25 116     9.0   18.4    8.4    0.5    0.0 -999.9 -999.9  330.0
climtom 2000  4 26 117     9.0   16.1    9.9    0.5    3.4 -999.9 -999.9  330.0
climtom 2000  4 27 118     3.5   18.0   12.8    1.1    0.0 -999.9 -999.9  330.0
climtom 2000  4 28 119     2.3   18.8   12.4    1.1    0.0 -999.9 -999.9  330.0
climtom 2000  4 29 120     2.7   22.4   12.3    1.2    0.0 -999.9 -999.9  330.0
climtom 2000  4 30 121     7.8   21.2   10.2    0.9    0.0 -999.9 -999.9  330.0
climtom 2000  5  1 122    10.6   15.7    4.5    0.1    1.2 -999.9 -999.9  330.0
climtom 2000  5  2 123     8.2   16.9   11.0    0.8    0.0 -999.9 -999.9  330.0
climtom 2000  5  3 124     3.1   17.3   13.3    1.1    0.0 -999.9 -999.9  330.0
climtom 2000  5  4 125     1.6   20.0   13.7    1.3    0.0 -999.9 -999.9  330.0
climtom 2000  5  5 126     0.4   19.6   13.5    1.3    0.0 -999.9 -999.9  330.0
climtom 2000  5  6 127     0.8   19.6   12.4    1.1    0.0 -999.9 -999.9  330.0
climtom 2000  5  7 128     7.4   14.9    4.9    0.1    0.0 -999.9 -999.9  330.0
climtom 2000  5  8 129     6.3    9.8    2.6    0.5    0.0 -999.9 -999.9  330.0
climtom 2000  5  9 130     7.1   15.7    7.9    0.3    0.0 -999.9 -999.9  330.0
climtom 2000  5 10 131     7.1   16.1    5.4    0.0    0.0 -999.9 -999.9  330.0
climtom 2000  5 11 132     7.8   18.8   10.6    0.8    0.0 -999.9 -999.9  330.0
climtom 2000  5 12 133     2.7   16.9    8.2    0.3    0.0 -999.9 -999.9  330.0
climtom 2000  5 13 134     7.4   12.9    3.8    0.3    0.0 -999.9 -999.9  330.0
climtom 2000  5 14 135     7.8   15.7    4.1    0.3    1.4 -999.9 -999.9  330.0
climtom 2000  5 15 136     9.8   17.6    5.5    0.0    0.0 -999.9 -999.9  330.0
climtom 2000  5 16 137     5.9   20.4   12.3    1.1    0.0 -999.9 -999.9  330.0
climtom 2000  5 17 138     3.5   19.2    8.3    0.4    0.0 -999.9 -999.9  330.0
climtom 2000  5 18 139     6.3   17.3    5.8    0.2    0.0 -999.9 -999.9  330.0
climtom 2000  5 19 140     3.5   16.5    5.8    0.0    0.0 -999.9 -999.9  330.0
climtom 2000  5 20 141     5.5   14.5    5.2    0.0    0.0 -999.9 -999.9  330.0
climtom 2000  5 21 142     5.9   14.9    6.6    0.1    0.0 -999.9 -999.9  330.0
climtom 2000  5 22 143     3.5   19.2    9.7    0.6    0.0 -999.9 -999.9  330.0
climtom 2000  5 23 144     4.7   15.3    4.9    0.0    0.0 -999.9 -999.9  330.0
climtom 2000  5 24 145    11.0   13.7    2.3    0.0    8.0 -999.9 -999.9  330.0
climtom 2000  5 25 146     8.2   16.1    4.6    0.0    3.8 -999.9 -999.9  330.0
climtom 2000  5 26 147     4.7   11.0    3.1    0.0    0.0 -999.9 -999.9  330.0
climtom 2000  5 27 148     3.1   16.1    7.7    0.2    0.2 -999.9 -999.9  330.0
climtom 2000  5 28 149     4.7   13.3    2.6    0.0    5.2 -999.9 -999.9  330.0
climtom 2000  5 29 150     9.0   17.3    9.8    0.6    0.8 -999.9 -999.9  330.0
climtom 2000  5 30 151     7.1   10.2    1.3    0.4    0.0 -999.9 -999.9  330.0
climtom 2000  5 31 152     3.1   13.7    6.1    0.0    0.0 -999.9 -999.9  330.0
climtom 2000  6  1 153     2.7   12.5    5.1    0.0    0.2 -999.9 -999.9  330.0
climtom 2000  6  2 154     7.8   17.3    1.5    0.0    0.0 -999.9 -999.9  330.0
climtom 2000  6  3 155    12.5   20.8    8.1    1.6    0.0 -999.9 -999.9  330.0
climtom 2000  6  4 156     9.8   18.0    4.6    3.2   10.4 -999.9 -999.9  330.0
climtom 2000  6  5 157     6.3   14.9    8.1    3.9    7.2 -999.9 -999.9  330.0
climtom 2000  6  6 158     2.0   13.7    8.6    2.5    0.0 -999.9 -999.9  330.0
climtom 2000  6  7 159     0.8    9.4    4.6    3.8    0.2 -999.9 -999.9  330.0
climtom 2000  6  8 160     3.5    9.0    3.3    0.0    0.0 -999.9 -999.9  330.0
climtom 2000  6  9 161     3.5   10.2    1.8    0.0    2.2 -999.9 -999.9  330.0
climtom 2000  6 10 162     5.5   11.8    3.7    0.6    0.2 -999.9 -999.9  330.0
climtom 2000  6 11 163     7.8   15.7    3.9    3.2    0.0 -999.9 -999.9  330.0
climtom 2000  6 12 164    11.8   14.5    2.6    3.9   39.2 -999.9 -999.9  330.0
climtom 2000  6 13 165    11.4   16.5    1.4    2.5   73.2 -999.9 -999.9  330.0
climtom 2000  6 14 166     9.0   13.3    4.7    3.8    6.8 -999.9 -999.9  330.0
climtom 2000  6 15 167     7.8   11.0    4.2    0.0   36.4 -999.9 -999.9  330.0
climtom 2000  6 16 168     5.1   14.9   10.0    0.6    0.0 -999.9 -999.9  330.0
climtom 2000  6 17 169     1.6    6.7    3.5    0.0    0.0 -999.9 -999.9  330.0
climtom 2000  6 18 170     2.7   11.8    8.2    0.2    0.0 -999.9 -999.9  330.0
climtom 2000  6 19 171     1.6    9.8    2.5    0.2    0.8 -999.9 -999.9  330.0
climtom 2000  6 20 172     9.0   13.7    0.5    0.2    0.6 -999.9 -999.9  330.0
climtom 2000  6 21 173    11.4   19.2    1.4    0.2    1.6 -999.9 -999.9  330.0
climtom 2000  6 22 174    12.5   20.4    1.9    0.0    4.6 -999.9 -999.9  330.0
climtom 2000  6 23 175    12.1   15.7    1.2    0.6    3.2 -999.9 -999.9  330.0
climtom 2000  6 24 176     5.1   16.1    3.6    0.0    6.6 -999.9 -999.9  330.0
climtom 2000  6 25 177     9.0   13.7    5.4    0.2    0.6 -999.9 -999.9  330.0
climtom 2000  6 26 178     8.6   14.9    3.7    0.2    0.6 -999.9 -999.9  330.0
climtom 2000  6 27 179     7.8   11.8    4.6    0.3   43.8 -999.9 -999.9  330.0
climtom 2000  6 28 180     7.4   10.2    3.4    0.3    0.0 -999.9 -999.9  330.0
climtom 2000  6 29 181     8.6    9.8    0.6    0.3    0.0 -999.9 -999.9  330.0
climtom 2000  6 30 182    14.1   16.9    3.9    0.0   12.8 -999.9 -999.9  330.0
climtom 2000  7  1 183     5.5   12.9    5.4    0.0    9.2 -999.9 -999.9  330.0
climtom 2000  7  2 184     5.1   14.9    9.9    0.0    0.0 -999.9 -999.9  330.0
climtom 2000  7  3 185     7.1   14.1    5.8    0.0    0.0 -999.9 -999.9  330.0
climtom 2000  7  4 186     4.7   12.1    3.2    0.0    0.0 -999.9 -999.9  330.0
climtom 2000  7  5 187     9.8   13.3    3.6    0.0    0.0 -999.9 -999.9  330.0
climtom 2000  7  6 188     9.8   12.1    1.2    0.0    5.8 -999.9 -999.9  330.0
climtom 2000  7  7 189     5.1   16.1    8.9    0.4    0.8 -999.9 -999.9  330.0
climtom 2000  7  8 190     2.7   12.9    8.7    0.4    0.0 -999.9 -999.9  330.0
climtom 2000  7  9 191     5.5   12.5    7.8    0.1    0.0 -999.9 -999.9  330.0
climtom 2000  7 10 192     1.2   13.7   10.7    0.7    0.0 -999.9 -999.9  330.0
climtom 2000  7 11 193    -1.6   12.9   10.9    0.6    0.0 -999.9 -999.9  330.0
climtom 2000  7 12 194    -1.6   11.0   10.9    0.6    0.0 -999.9 -999.9  330.0
climtom 2000  7 13 195     0.0   14.1    9.5    0.4    0.0 -999.9 -999.9  330.0
climtom 2000  7 14 196    -1.6    7.4    3.0    0.0    0.0 -999.9 -999.9  330.0
climtom 2000  7 15 197    -0.8    7.4    4.2    0.0    0.0 -999.9 -999.9  330.0
climtom 2000  7 16 198    -2.0   13.3    8.2    0.3    0.0 -999.9 -999.9  330.0
climtom 2000  7 17 199     0.8    9.8    3.8    0.0    0.0 -999.9 -999.9  330.0
climtom 2000  7 18 200    -0.4   10.6   10.7    0.4    0.0 -999.9 -999.9  330.0
climtom 2000  7 19 201    -2.4   14.9   11.0    0.6    0.4 -999.9 -999.9  330.0
climtom 2000  7 20 202     7.1   10.2    2.2    0.0    1.0 -999.9 -999.9  330.0
climtom 2000  7 21 203    -0.4   11.4   11.6    0.5    0.0 -999.9 -999.9  330.0
climtom 2000  7 22 204     0.0    9.0    6.3    0.0    0.0 -999.9 -999.9  330.0
climtom 2000  7 23 205    -1.6   14.9    9.3    0.4    0.0 -999.9 -999.9  330.0
climtom 2000  7 24 206     3.1   15.7   10.0    0.6    0.0 -999.9 -999.9  330.0
climtom 2000  7 25 207     2.3   14.9   10.2    0.6    0.0 -999.9 -999.9  330.0
climtom 2000  7 26 208    -1.6   15.7    9.9    0.5    0.0 -999.9 -999.9  330.0
climtom 2000  7 27 209     3.1   13.3    7.4    0.1    0.0 -999.9 -999.9  330.0
climtom 2000  7 28 210     3.5   12.5   10.1    0.4    0.0 -999.9 -999.9  330.0
climtom 2000  7 29 211     2.0   17.3   10.1    0.6    0.0 -999.9 -999.9  330.0
climtom 2000  7 30 212     1.2    9.8    4.1    0.0    0.0 -999.9 -999.9  330.0
climtom 2000  7 31 213     1.5   10.2    4.5    0.0    0.0 -999.9 -999.9  330.0
climtom 2000  8  1 214     5.1   12.1    3.6    0.0    6.8 -999.9 -999.9  330.0
climtom 2000  8  2 215     0.4   12.9   12.4    0.7    0.0 -999.9 -999.9  330.0
climtom 2000  8  3 216    -1.2   17.6   11.8    0.8    0.0 -999.9 -999.9  330.0
climtom 2000  8  4 217     0.8   11.8    8.3    0.3    0.0 -999.9 -999.9  330.0
climtom 2000  8  5 218     2.0   11.8    2.5    0.0    0.4 -999.9 -999.9  330.0
climtom 2000  8  6 219     9.0   15.7    3.2    0.0    0.0 -999.9 -999.9  330.0
climtom 2000  8  7 220     7.8   14.1    5.3    0.0    0.0 -999.9 -999.9  330.0
climtom 2000  8  8 221     2.7   15.7   10.8    0.8    0.0 -999.9 -999.9  330.0
climtom 2000  8  9 222     3.9   14.1   12.0    0.7    0.0 -999.9 -999.9  330.0
climtom 2000  8 10 223    -1.2   20.8   12.6    1.2    0.0 -999.9 -999.9  330.0
climtom 2000  8 11 224     5.9   18.4    9.0    0.7    0.2 -999.9 -999.9  330.0
climtom 2000  8 12 225     7.4   16.9    8.4    0.7    0.0 -999.9 -999.9  330.0
climtom 2000  8 13 226     4.3   16.5    7.8    0.4    0.0 -999.9 -999.9  330.0
climtom 2000  8 14 227     7.8   14.1    4.2    0.0    0.4 -999.9 -999.9  330.0
climtom 2000  8 15 228     2.3   12.5    6.5    0.0    0.0 -999.9 -999.9  330.0
climtom 2000  8 16 229     6.7   17.3    6.7    0.1    0.0 -999.9 -999.9  330.0
climtom 2000  8 17 230     6.7   14.5    5.3    0.0    0.0 -999.9 -999.9  330.0
climtom 2000  8 18 231     6.7   18.8    7.3    0.2    0.4 -999.9 -999.9  330.0
climtom 2000  8 19 232     6.3   12.5    3.6    0.0    0.0 -999.9 -999.9  330.0
climtom 2000  8 20 233     7.1   14.5    6.0    0.0    0.0 -999.9 -999.9  330.0
climtom 2000  8 21 234     6.7   17.6    8.8    0.0    0.0 -999.9 -999.9  330.0
climtom 2000  8 22 235     5.1   18.0    8.2    0.4    0.0 -999.9 -999.9  330.0
climtom 2000  8 23 236     6.7   16.5    7.2    0.1    7.2 -999.9 -999.9  330.0
climtom 2000  8 24 237     2.0   18.0   12.7    1.1    2.4 -999.9 -999.9  330.0
climtom 2000  8 25 238     5.9   16.5    9.5    0.5    2.0 -999.9 -999.9  330.0
climtom 2000  8 26 239     6.3   15.3   12.1    0.8    0.0 -999.9 -999.9  330.0
climtom 2000  8 27 240     2.0   14.1   14.1    1.0    0.0 -999.9 -999.9  330.0
climtom 2000  8 28 241     2.7   11.0    5.9    0.0    0.0 -999.9 -999.9  330.0
climtom 2000  8 29 242     1.6   15.3    9.8    0.6    0.0 -999.9 -999.9  330.0
climtom 2000  8 30 243     5.9   13.3   16.3    1.4    2.0 -999.9 -999.9  330.0
climtom 2000  8 31 244     0.0   16.1   16.3    1.4    0.0 -999.9 -999.9  330.0
climtom 2000  9  1 245     0.4   16.9   17.9    1.5    0.0 -999.9 -999.9  330.0
climtom 2000  9  2 246     3.9   18.0   18.3    1.6    0.0 -999.9 -999.9  330.0
climtom 2000  9  3 247     2.3   19.6   18.6    1.8    0.0 -999.9 -999.9  330.0
climtom 2000  9  4 248     2.0   19.2   17.9    1.8    0.0 -999.9 -999.9  330.0
climtom 2000  9  5 249     5.9   17.6   10.5    0.8    0.0 -999.9 -999.9  330.0
climtom 2000  9  6 250     9.8   13.7    5.4    0.0    0.0 -999.9 -999.9  330.0
climtom 2000  9  7 251    10.6   18.0   10.8    0.8    0.0 -999.9 -999.9  330.0
climtom 2000  9  8 252     9.8   12.1    1.9    0.0   28.4 -999.9 -999.9  330.0
climtom 2000  9  9 253     9.0   13.3    3.2    0.0   46.8 -999.9 -999.9  330.0
climtom 2000  9 10 254     6.3   11.0    7.4    0.2   28.4 -999.9 -999.9  330.0
climtom 2000  9 11 255     4.7   12.5    9.2    0.4    1.4 -999.9 -999.9  330.0
climtom 2000  9 12 256     5.1   14.9   11.3    0.8    0.8 -999.9 -999.9  330.0
climtom 2000  9 13 257     6.3   10.2    4.9    0.0   15.8 -999.9 -999.9  330.0
climtom 2000  9 14 258     8.2   16.1   10.6    0.8   10.0 -999.9 -999.9  330.0
climtom 2000  9 15 259     5.1   16.1   13.3    1.0    0.0 -999.9 -999.9  330.0
climtom 2000  9 16 260     9.8   18.0   12.7    1.0    4.0 -999.9 -999.9  330.0
climtom 2000  9 17 261     9.8   16.1    8.1    0.2    2.8 -999.9 -999.9  330.0
climtom 2000  9 18 262    11.0   18.8   12.9    1.1    0.4 -999.9 -999.9  330.0
climtom 2000  9 19 263    10.6   17.3    7.8    0.5   18.8 -999.9 -999.9  330.0
climtom 2000  9 20 264     8.2   13.3    9.4    0.3   10.0 -999.9 -999.9  330.0
climtom 2000  9 21 265     3.5   16.9   13.7    1.1    0.0 -999.9 -999.9  330.0
climtom 2000  9 22 266     7.1   13.7    6.3    0.0    0.0 -999.9 -999.9  330.0
climtom 2000  9 23 267     7.8   16.5   22.0    2.0    0.0 -999.9 -999.9  330.0
climtom 2000  9 24 268     4.3   18.4   22.3    2.2    0.0 -999.9 -999.9  330.0
climtom 2000  9 25 269     5.5   21.6   21.8    2.3    0.0 -999.9 -999.9  330.0
climtom 2000  9 26 270     8.6   25.5   21.6    2.7    0.0 -999.9 -999.9  330.0
climtom 2000  9 27 271     9.0   25.1   20.2    2.7    0.0 -999.9 -999.9  330.0
climtom 2000  9 28 272    11.8   18.4   11.2    1.0    0.0 -999.9 -999.9  330.0
climtom 2000  9 29 273     8.2   20.4   22.8    2.4    0.0 -999.9 -999.9  330.0
climtom 2000  9 30 274     6.3   22.7   22.9    2.6    0.0 -999.9 -999.9  330.0
climtom 2000 10  1 275     6.3   19.6   17.9    1.7    0.0 -999.9 -999.9  330.0
climtom 2000 10  2 276    11.4   18.0    8.0    0.5    0.8 -999.9 -999.9  330.0
climtom 2000 10  3 277    10.6   19.2   18.9    2.1    1.4 -999.9 -999.9  330.0
climtom 2000 10  4 278     6.7   20.8   21.1    2.2    0.0 -999.9 -999.9  330.0
climtom 2000 10  5 279     6.3   22.4   22.3    2.5    0.0 -999.9 -999.9  330.0
climtom 2000 10  6 280     7.4   22.7   23.1    2.8    0.0 -999.9 -999.9  330.0
climtom 2000 10  7 281     7.1   23.5   22.3    2.7    0.0 -999.9 -999.9  330.0
climtom 2000 10  8 282     4.7   18.0   16.1    1.4    0.2 -999.9 -999.9  330.0
climtom 2000 10  9 283     4.7   20.4   24.6    2.8    0.0 -999.9 -999.9  330.0
climtom 2000 10 10 284     6.7   21.6   22.7    2.6    0.0 -999.9 -999.9  330.0
climtom 2000 10 11 285     4.3   20.4   17.6    1.9    0.0 -999.9 -999.9  330.0
climtom 2000 10 12 286     7.8   20.0   20.0    2.4    0.0 -999.9 -999.9  330.0
climtom 2000 10 13 287     3.5   21.6   25.0    3.0    0.0 -999.9 -999.9  330.0
climtom 2000 10 14 288     5.5   30.6   23.9    3.1    0.0 -999.9 -999.9  330.0
climtom 2000 10 15 289    10.2   20.4   11.9    1.0    0.2 -999.9 -999.9  330.0
climtom 2000 10 16 290     8.6   27.0   22.1    3.4    0.0 -999.9 -999.9  330.0
climtom 2000 10 17 291     8.6   25.5   24.8    3.4    0.0 -999.9 -999.9  330.0
climtom 2000 10 18 292     9.0   23.5   24.6    3.2    0.0 -999.9 -999.9  330.0
climtom 2000 10 19 293    12.1   26.3   13.4    3.1    0.0 -999.9 -999.9  330.0
climtom 2000 10 20 294    11.4   21.8   23.2    4.3    0.0 -999.9 -999.9  330.0
climtom 2000 10 21 295     9.4   17.3   10.3    0.7    0.2 -999.9 -999.9  330.0
climtom 2000 10 22 296    10.6   22.4   16.4    1.9    0.0 -999.9 -999.9  330.0
climtom 2000 10 23 297     8.2   24.3   21.9    3.0    0.0 -999.9 -999.9  330.0
climtom 2000 10 24 298    12.1   21.2   17.8    2.1    3.0 -999.9 -999.9  330.0
climtom 2000 10 25 299     9.0   21.6   17.4    2.1    0.0 -999.9 -999.9  330.0
climtom 2000 10 26 300     8.2   24.7   22.2    3.0    0.0 -999.9 -999.9  330.0
climtom 2000 10 27 301     9.4   28.2   26.2    3.8    0.0 -999.9 -999.9  330.0
climtom 2000 10 28 302    10.2   29.8   26.1    4.2    0.0 -999.9 -999.9  330.0
climtom 2000 10 29 303     8.2   29.4   21.8    0.8    0.0 -999.9 -999.9  330.0
climtom 2000 10 30 304    12.1   19.6    9.9    0.9    0.0 -999.9 -999.9  330.0
climtom 2000 10 31 305    12.1   17.6    9.9    0.4    0.2 -999.9 -999.9  330.0
climtom 2000 11  1 306     9.4   25.5   23.0    3.1    0.4 -999.9 -999.9  330.0
climtom 2000 11  2 307     8.6   23.1   18.0    2.4    0.0 -999.9 -999.9  330.0
climtom 2000 11  3 308    10.6   25.1   23.5    3.4    0.0 -999.9 -999.9  330.0
climtom 2000 11  4 309     7.1   18.4   10.2    0.7    0.0 -999.9 -999.9  330.0
climtom 2000 11  5 310    11.8   23.5   27.1    3.9    0.0 -999.9 -999.9  330.0
climtom 2000 11  6 311    10.2   23.9   22.0    3.0    0.0 -999.9 -999.9  330.0
climtom 2000 11  7 312     9.8   20.8   17.6    2.0    0.0 -999.9 -999.9  330.0
climtom 2000 11  8 313     9.0   22.4   21.6    2.7    0.0 -999.9 -999.9  330.0
climtom 2000 11  9 314     6.7   17.6   12.9    1.2    0.0 -999.9 -999.9  330.0
climtom 2000 11 10 315     5.5   23.5   28.9    4.3    0.0 -999.9 -999.9  330.0
climtom 2000 11 11 316     9.4   19.6   19.0    2.2    5.4 -999.9 -999.9  330.0
climtom 2000 11 12 317     6.3   19.6   26.4    3.2    0.0 -999.9 -999.9  330.0
climtom 2000 11 13 318     5.5   19.2   29.7    3.9    0.0 -999.9 -999.9  330.0
climtom 2000 11 14 319     5.5   24.3   29.5    4.0    0.0 -999.9 -999.9  330.0
climtom 2000 11 15 320     7.8   27.5   29.1    4.3    0.0 -999.9 -999.9  330.0
climtom 2000 11 16 321     9.0   28.6   29.1    4.4    0.0 -999.9 -999.9  330.0
climtom 2000 11 17 322    10.2   31.0   28.5    4.6    0.0 -999.9 -999.9  330.0
climtom 2000 11 18 323    14.9   27.5   29.2    4.8    0.0 -999.9 -999.9  330.0
climtom 2000 11 19 324     8.2   24.7   27.8    4.0    0.0 -999.9 -999.9  330.0
climtom 2000 11 20 325     9.4   28.2   29.9    4.7    0.0 -999.9 -999.9  330.0
climtom 2000 11 21 326     9.4   27.8   28.4    4.7    0.0 -999.9 -999.9  330.0
climtom 2000 11 22 327    11.8   27.8   28.7    4.4    0.0 -999.9 -999.9  330.0
climtom 2000 11 23 328    13.3   26.7   30.1    4.7    0.0 -999.9 -999.9  330.0
climtom 2000 11 24 329    10.6   28.6   30.1    4.8    0.0 -999.9 -999.9  330.0
climtom 2000 11 25 330     9.8   29.4   28.1    4.8    0.0 -999.9 -999.9  330.0
climtom 2000 11 26 331    14.9   28.6   28.3    4.8    0.0 -999.9 -999.9  330.0
climtom 2000 11 27 332    12.1   27.5   27.9    4.3    0.0 -999.9 -999.9  330.0
climtom 2000 11 28 333    12.5   28.2   29.8    4.5    0.0 -999.9 -999.9  330.0
climtom 2000 11 29 334    11.8   29.8   30.7    4.8    0.0 -999.9 -999.9  330.0
climtom 2000 11 30 335    14.9   31.4   30.5    5.3    0.0 -999.9 -999.9  330.0
climtom 2000 12  1 336    15.7   29.0   30.9    5.2    0.0 -999.9 -999.9  330.0
climtom 2000 12  2 337     9.8   27.0   31.4    5.4    0.0 -999.9 -999.9  330.0
climtom 2000 12  3 338    10.2   25.9   31.6    4.8    0.0 -999.9 -999.9  330.0
climtom 2000 12  4 339     8.6   28.6   31.4    5.3    0.0 -999.9 -999.9  330.0
climtom 2000 12  5 340    14.9   31.0   31.6    5.1    0.0 -999.9 -999.9  330.0
climtom 2000 12  6 341    13.7   30.2   31.3    5.6    0.0 -999.9 -999.9  330.0
climtom 2000 12  7 342    10.6   27.5   31.6    5.1    0.0 -999.9 -999.9  330.0
climtom 2000 12  8 343     9.0   27.5   31.6    5.2    0.0 -999.9 -999.9  330.0
climtom 2000 12  9 344    12.1   30.2   31.6    5.6    0.0 -999.9 -999.9  330.0
climtom 2000 12 10 345    13.3   29.4   31.7    5.4    0.0 -999.9 -999.9  330.0
climtom 2000 12 11 346    12.9   28.6   31.8    5.0    0.0 -999.9 -999.9  330.0
climtom 2000 12 12 347    11.4   28.6   31.7    5.0    0.0 -999.9 -999.9  330.0
climtom 2000 12 13 348     9.8   27.5   30.7    4.8    0.0 -999.9 -999.9  330.0
climtom 2000 12 14 349    14.1   22.7   12.8    1.6    0.0 -999.9 -999.9  330.0
climtom 2000 12 15 350    11.4   25.5   31.6    4.8    0.2 -999.9 -999.9  330.0
climtom 2000 12 16 351    10.6   29.8   29.6    5.5    0.0 -999.9 -999.9  330.0
climtom 2000 12 17 352    14.1   31.0   31.9    5.5    0.0 -999.9 -999.9  330.0
climtom 2000 12 18 353    17.6   31.0   24.7    4.1    0.0 -999.9 -999.9  330.0
climtom 2000 12 19 354    13.7   29.4   30.3    5.1    0.0 -999.9 -999.9  330.0
climtom 2000 12 20 355    13.7   28.2   30.2    4.8    0.0 -999.9 -999.9  330.0
climtom 2000 12 21 356    14.5   27.0   27.8    4.2    0.0 -999.9 -999.9  330.0
climtom 2000 12 22 357    13.7   27.5   30.8    4.8    0.0 -999.9 -999.9  330.0
climtom 2000 12 23 358    10.6   29.4   31.6    5.3    0.0 -999.9 -999.9  330.0
climtom 2000 12 24 359    11.4   29.0   27.4    4.4    0.0 -999.9 -999.9  330.0
climtom 2000 12 25 360    15.7   28.2   21.6    3.4    0.0 -999.9 -999.9  330.0
climtom 2000 12 26 361    11.8   26.7   24.6    3.8    0.0 -999.9 -999.9  330.0
climtom 2000 12 27 362     9.4   25.9   29.8    4.5    0.0 -999.9 -999.9  330.0
climtom 2000 12 28 363     9.8   27.0   31.3    4.9    0.0 -999.9 -999.9  330.0
climtom 2000 12 29 364    11.4   28.6   31.5    5.4    0.0 -999.9 -999.9  330.0
climtom 2000 12 30 365    12.9   32.5   31.1    5.6    0.0 -999.9 -999.9  330.0
climtom 2000 12 31 366    11.0   31.4   30.6    5.3    0.0 -999.9 -999.9  330.0
