climfet 2004  5  1 122     7.0   15.5   16.2    3.0    0.0    3.1   10.4  330.0
climfet 2004  5  2 123     3.4   18.6   25.0    3.4    0.0    1.4   10.8  330.0
climfet 2004  5  3 124     3.5   19.2   27.1    3.8    0.0    1.7    9.9  330.0
climfet 2004  5  4 125     5.2   12.4   10.3    1.9    0.0    3.5   10.2  330.0
climfet 2004  5  5 126     4.1   11.3   17.2    2.5    0.0    3.1    9.3  330.0
climfet 2004  5  6 127     2.8   11.7   17.4    2.4    0.0    2.8    9.0  330.0
climfet 2004  5  7 128     2.9   13.2   14.8    2.3    0.0    2.7    9.4  330.0
climfet 2004  5  8 129     3.3   13.9   20.1    3.0    0.0    4.1    9.5  330.0
climfet 2004  5  9 130     2.5   15.6   23.6    3.0    0.0    2.2    9.7  330.0
climfet 2004  5 10 131     9.2   19.0   23.1    3.8    0.0    1.6   12.9  330.0
climfet 2004  5 11 132    10.9   19.0   19.8    3.4    0.0    1.8   14.4  330.0
climfet 2004  5 12 133     8.9   18.0   18.7    3.6    0.0    3.5   12.8  330.0
climfet 2004  5 13 134     8.0   12.9   14.5    3.0    0.0    3.4    9.9  330.0
climfet 2004  5 14 135     5.3   15.4   17.4    2.9    0.0    2.1    9.4  330.0
climfet 2004  5 15 136     6.3   20.1   29.5    4.6    0.0    2.5   10.9  330.0
climfet 2004  5 16 137     7.9   22.8   29.7    5.1    0.0    3.1   12.5  330.0
climfet 2004  5 17 138    10.9   24.5   30.8    5.9    0.0    3.1   13.4  330.0
climfet 2004  5 18 139    10.4   27.1   29.9    5.5    0.0    1.8   13.8  330.0
climfet 2004  5 19 140    11.1   28.0   30.2    5.5    0.0    1.2   13.9  330.0
climfet 2004  5 20 141    11.1   28.1   30.2    5.5    0.0    1.1   14.4  330.0
climfet 2004  5 21 142    13.6   22.0   21.0    4.5    0.0    2.9   15.9  330.0
climfet 2004  5 22 143     7.8   17.1   27.5    5.5    0.0    5.2    9.4  330.0
climfet 2004  5 23 144     4.5   17.9   31.6    5.6    0.0    5.0    8.0  330.0
climfet 2004  5 24 145     7.4   20.2   32.0    6.4    0.0    4.8    8.8  330.0
climfet 2004  5 25 146     6.8   23.8   30.3    5.3    0.0    2.0    9.9  330.0
climfet 2004  5 26 147     8.0   22.9   22.4    3.8    0.0    1.4   12.8  330.0
climfet 2004  5 27 148    10.9   20.7   18.2    3.4    0.0    1.4   14.5  330.0
climfet 2004  5 28 149     6.5   23.1   23.0    4.0    0.0    1.2   11.1  330.0
climfet 2004  5 29 150     9.9   25.7   25.3    4.7    0.0    1.2   13.8  330.0
climfet 2004  5 30 151    13.9   20.9   19.5    4.1    0.0    2.4   15.7  330.0
climfet 2004  5 31 152    10.5   14.9    8.7    1.6    0.0    2.5   13.5  330.0
climfet 2004  6  1 153    12.6   17.4    8.3    1.6    5.7    3.1   16.7  330.0
climfet 2004  6  2 154    12.2   22.2   24.5    4.8   18.0    2.3   18.6  330.0
climfet 2004  6  3 155     8.7   21.5   30.3    5.3    0.0    2.6   15.6  330.0
climfet 2004  6  4 156     7.3   25.2   26.6    4.6   17.0    1.5   17.5  330.0
climfet 2004  6  5 157    13.3   22.0   23.2    4.4    0.0    2.2   19.0  330.0
climfet 2004  6  6 158    11.5   25.9   31.3    6.1    0.0    2.6   20.3  330.0
climfet 2004  6  7 159    12.5   30.5   30.8    6.1    0.0    1.4   22.8  330.0
climfet 2004  6  8 160    13.2   30.8   30.2    6.4    0.0    1.8   23.8  330.0
climfet 2004  6  9 161    14.0   31.3   28.4    5.8    0.0    1.1   25.8  330.0
climfet 2004  6 10 162    14.8   29.2   22.4    5.1   17.0    2.0   24.8  330.0
climfet 2004  6 11 163    16.0   27.7   25.0    5.5    0.0    1.8   24.1  330.0
climfet 2004  6 12 164    11.6   23.7   32.7    6.5    0.0    3.0   17.6  330.0
climfet 2004  6 13 165    10.0   23.5   28.7    6.0    0.0    3.5   16.6  330.0
climfet 2004  6 14 166     9.1   24.3   32.0    6.6    0.0    3.8   16.3  330.0
climfet 2004  6 15 167    10.9   28.2   27.8    5.8   17.0    2.2   18.0  330.0
climfet 2004  6 16 168    14.3   27.7   27.9    6.1    0.0    2.7   21.1  330.0
climfet 2004  6 17 169    12.9   29.3   29.0    6.0    0.0    1.8   23.0  330.0
climfet 2004  6 18 170    11.1   23.8   30.0    5.6    0.0    2.0   17.9  330.0
climfet 2004  6 19 171    12.4   20.8   17.8    3.9    0.0    2.0   16.8  330.0
climfet 2004  6 20 172     9.1   19.9   22.2    4.4    0.0    2.3   14.4  330.0
climfet 2004  6 21 173     8.1   20.2   10.4    2.4    0.0    1.9   15.0  330.0
climfet 2004  6 22 174    14.1   28.4   20.4    5.3    0.0    3.5   24.0  330.0
climfet 2004  6 23 175    15.8   22.0   23.3    5.9    0.0    4.8   19.9  330.0
climfet 2004  6 24 176    10.6   22.4   24.6    4.9    0.0    2.6   17.4  330.0
climfet 2004  6 25 177     7.1   22.9   29.5    5.0    0.0    1.6   16.0  330.0
climfet 2004  6 26 178    11.4   31.3   28.1    5.9    0.0    1.6   21.3  330.0
climfet 2004  6 27 179    17.5   26.7   19.8    5.0    0.0    2.2   24.2  330.0
climfet 2004  6 28 180    11.1   25.7   29.4    5.9    0.0    2.2   19.9  330.0
climfet 2004  6 29 181     9.2   26.9   30.9    6.0    0.0    2.1   17.6  330.0
climfet 2004  6 30 182     9.4   30.0   31.2    6.4    0.0    2.2   19.7  330.0
climfet 2004  7  1 183    13.4   22.5   21.8    4.8    0.0    2.4   19.3  330.0
climfet 2004  7  2 184    11.3   23.0   26.9    5.5    0.0    3.3   18.2  330.0
climfet 2004  7  3 185    10.3   23.4   24.6    5.0    0.0    2.5   18.0  330.0
climfet 2004  7  4 186     9.4   27.1   31.1    5.9    0.0    2.3   19.3  330.0
climfet 2004  7  5 187    13.2   24.0   15.7    3.5    0.0    1.3   20.1  330.0
climfet 2004  7  6 188    11.2   24.8   18.4    4.0    0.0    2.0   17.5  330.0
climfet 2004  7  7 189    14.3   21.8   18.1    4.4    3.7    4.3   19.0  330.0
climfet 2004  7  8 190    12.0   17.4   13.8    3.2   10.2    5.3   15.4  330.0
climfet 2004  7  9 191     9.4   21.1   22.5    4.4    6.0    2.8   16.3  330.0
climfet 2004  7 10 192     7.1   20.1   20.3    3.4    0.0    1.5   15.1  330.0
climfet 2004  7 11 193     7.9   18.3   17.2    3.2    0.0    2.6   14.5  330.0
climfet 2004  7 12 194    11.6   21.1   17.6    3.7   18.5    2.0   17.6  330.0
climfet 2004  7 13 195     8.4   21.8   16.8    3.3    0.0    1.3   16.1  330.0
climfet 2004  7 14 196    13.4   23.5   21.0    4.3    0.0    1.6   19.5  330.0
climfet 2004  7 15 197    10.9   28.2   29.2    5.5    0.0    1.6   21.8  330.0
climfet 2004  7 16 198    14.8   32.3   26.3    5.8    0.0    1.5   26.7  330.0
climfet 2004  7 17 199    16.6   24.5   15.7    3.7    0.0    2.4   22.0  330.0
climfet 2004  7 18 200    14.3   23.7   16.2    3.4    0.0    1.5   21.3  330.0
climfet 2004  7 19 201    13.7   25.3   16.0    3.3    0.0    1.1   21.7  330.0
climfet 2004  7 20 202    16.4   26.3   25.5    5.3    0.0    1.9   24.4  330.0
climfet 2004  7 21 203    14.3   25.5   10.6    2.5    0.0    1.1   22.1  330.0
climfet 2004  7 22 204    14.6   31.0   25.2    5.2    0.0    1.4   26.9  330.0
climfet 2004  7 23 205    17.8   27.3   16.1    4.1    0.0    2.4   25.1  330.0
climfet 2004  7 24 206    14.2   27.8   28.3    6.1    0.0    2.5   21.1  330.0
climfet 2004  7 25 207    12.5   27.3   28.8    5.9    0.0    2.3   19.3  330.0
climfet 2004  7 26 208    10.9   25.6   27.6    5.2    0.0    2.0   19.3  330.0
climfet 2004  7 27 209    13.2   24.9   21.0    4.4    0.0    2.0   20.3  330.0
climfet 2004  7 28 210    10.9   28.9   28.6    5.6    0.0    1.7   21.4  330.0
climfet 2004  7 29 211    11.7   29.6   26.3    5.6    0.0    2.3   21.2  330.0
climfet 2004  7 30 212    14.5   29.1   26.4    5.4    0.0    1.5   24.8  330.0
climfet 2004  7 31 213    16.0   33.2   26.7    6.0    0.0    1.7   25.7  330.0
