climfra 2001  1  1   1     2.0   11.0    2.6 -999.9    0.4 -999.9 -999.9  330.0
climfra 2001  1  2   2     5.0   15.0    6.3 -999.9    0.6 -999.9 -999.9  330.0
climfra 2001  1  3   3     3.0   13.0    5.1 -999.9    4.4 -999.9 -999.9  330.0
climfra 2001  1  4   4     6.0   14.0    5.1 -999.9    3.2 -999.9 -999.9  330.0
climfra 2001  1  5   5     7.0   15.0    2.1 -999.9   10.8 -999.9 -999.9  330.0
climfra 2001  1  6   6     8.0   11.0    1.2 -999.9    4.0 -999.9 -999.9  330.0
climfra 2001  1  7   7     6.0   11.0    4.2 -999.9    3.0 -999.9 -999.9  330.0
climfra 2001  1  8   8     4.0   10.0    4.9 -999.9    0.0 -999.9 -999.9  330.0
climfra 2001  1  9   9    -1.0    9.0    2.3 -999.9    0.2 -999.9 -999.9  330.0
climfra 2001  1 10  10     4.0   14.0    5.4 -999.9    0.0 -999.9 -999.9  330.0
climfra 2001  1 11  11     9.0   15.0    3.5 -999.9    0.0 -999.9 -999.9  330.0
climfra 2001  1 12  12     6.6   16.8    4.6 -999.9    0.0 -999.9 -999.9  330.0
climfra 2001  1 13  13     8.0   12.4    3.0 -999.9    0.0 -999.9 -999.9  330.0
climfra 2001  1 14  14     1.0    4.5    1.5 -999.9    0.0 -999.9 -999.9  330.0
climfra 2001  1 15  15     2.1    8.8    1.8 -999.9    0.2 -999.9 -999.9  330.0
climfra 2001  1 16  16     5.8   10.9    3.5 -999.9    1.6 -999.9 -999.9  330.0
climfra 2001  1 17  17     4.0    8.4    2.5 -999.9    0.6 -999.9 -999.9  330.0
climfra 2001  1 18  18     2.6    7.9    2.1 -999.9    1.0 -999.9 -999.9  330.0
climfra 2001  1 19  19     5.1   11.1    3.8 -999.9    1.0 -999.9 -999.9  330.0
climfra 2001  1 20  20     5.4    9.5    2.6 -999.9    0.2 -999.9 -999.9  330.0
climfra 2001  1 21  21     7.4   11.7    2.8 -999.9    0.2 -999.9 -999.9  330.0
climfra 2001  1 22  22     4.4   11.6    2.3 -999.9    4.8 -999.9 -999.9  330.0
climfra 2001  1 23  23     6.8   15.7    4.8 -999.9    1.4 -999.9 -999.9  330.0
climfra 2001  1 24  24     9.2   13.6    3.1 -999.9   11.2 -999.9 -999.9  330.0
climfra 2001  1 25  25     5.6   12.9    5.5 -999.9    6.8 -999.9 -999.9  330.0
climfra 2001  1 26  26     3.6   11.1    5.0 -999.9   10.0 -999.9 -999.9  330.0
climfra 2001  1 27  27     5.8   12.6    4.7 -999.9    3.6 -999.9 -999.9  330.0
climfra 2001  1 28  28     3.6    9.2    4.0 -999.9    2.4 -999.9 -999.9  330.0
climfra 2001  1 29  29     5.6    7.9    4.8 -999.9    0.0 -999.9 -999.9  330.0
climfra 2001  1 30  30    -1.5    8.7    7.1 -999.9    4.4 -999.9 -999.9  330.0
climfra 2001  1 31  31     5.2   10.4    2.6 -999.9    2.0 -999.9 -999.9  330.0
climfra 2001  2  1  32     3.8    8.9    7.8 -999.9    0.0 -999.9 -999.9  330.0
climfra 2001  2  2  33    -3.0    9.9    6.2 -999.9    0.6 -999.9 -999.9  330.0
climfra 2001  2  3  34     7.2   13.1    2.9 -999.9    0.8 -999.9 -999.9  330.0
climfra 2001  2  4  35     5.4   16.0    7.3 -999.9    0.0 -999.9 -999.9  330.0
climfra 2001  2  5  36     7.2   15.1    5.2 -999.9    0.0 -999.9 -999.9  330.0
climfra 2001  2  6  37     8.7   14.7    4.1 -999.9    0.0 -999.9 -999.9  330.0
climfra 2001  2  7  38    10.7   17.4    4.0 -999.9    0.0 -999.9 -999.9  330.0
climfra 2001  2  8  39     5.8   12.2    3.8 -999.9    0.0 -999.9 -999.9  330.0
climfra 2001  2  9  40     4.4   11.8    6.5 -999.9    0.0 -999.9 -999.9  330.0
climfra 2001  2 10  41    -0.9   13.5    7.9 -999.9    0.0 -999.9 -999.9  330.0
climfra 2001  2 11  42     9.4   14.6    5.9 -999.9    0.0 -999.9 -999.9  330.0
climfra 2001  2 12  43     4.1   19.6    9.0 -999.9    0.0 -999.9 -999.9  330.0
climfra 2001  2 13  44     8.0    9.6    1.4 -999.9    0.0 -999.9 -999.9  330.0
climfra 2001  2 14  45     5.6   13.8    9.1 -999.9    0.0 -999.9 -999.9  330.0
climfra 2001  2 15  46     1.6   13.7    7.7 -999.9    0.0 -999.9 -999.9  330.0
climfra 2001  2 16  47     0.1    8.7    3.3 -999.9    0.0 -999.9 -999.9  330.0
climfra 2001  2 17  48     2.3   10.9    8.9 -999.9    0.0 -999.9 -999.9  330.0
climfra 2001  2 18  49     4.4   11.7    9.4 -999.9    0.0 -999.9 -999.9  330.0
climfra 2001  2 19  50    -1.9   10.6   10.3 -999.9    0.0 -999.9 -999.9  330.0
climfra 2001  2 20  51    -1.8   10.7    8.7 -999.9    0.0 -999.9 -999.9  330.0
climfra 2001  2 21  52    -1.0   11.8   11.1 -999.9    0.0 -999.9 -999.9  330.0
climfra 2001  2 22  53    -1.9   13.1   11.5 -999.9    0.0 -999.9 -999.9  330.0
climfra 2001  2 23  54     7.5   10.7    4.1 -999.9    0.0 -999.9 -999.9  330.0
climfra 2001  2 24  55     3.4    9.8    7.8 -999.9    0.0 -999.9 -999.9  330.0
climfra 2001  2 25  56     0.0    5.9    8.2 -999.9    0.0 -999.9 -999.9  330.0
climfra 2001  2 26  57    -1.0    7.4    8.5 -999.9    0.0 -999.9 -999.9  330.0
climfra 2001  2 27  58     1.2    7.3    6.1 -999.9    0.0 -999.9 -999.9  330.0
climfra 2001  2 28  59     1.3    9.1    0.0 -999.9    0.0 -999.9 -999.9  330.0
climfra 2001  3  1  60     2.7    8.3    6.4 -999.9    0.0 -999.9 -999.9  330.0
climfra 2001  3  2  61     3.7   13.2    2.9 -999.9    0.0 -999.9 -999.9  330.0
climfra 2001  3  3  62     9.1   17.3    7.8 -999.9    0.0 -999.9 -999.9  330.0
climfra 2001  3  4  63     7.6   10.4    3.3 -999.9    0.0 -999.9 -999.9  330.0
climfra 2001  3  5  64     6.6   17.7   12.9 -999.9    0.0 -999.9 -999.9  330.0
climfra 2001  3  6  65     8.7   18.7    9.5 -999.9    0.0 -999.9 -999.9  330.0
climfra 2001  3  7  66    10.9   19.5   10.8 -999.9    0.0 -999.9 -999.9  330.0
climfra 2001  3  8  67     9.8   16.0   10.5 -999.9    0.0 -999.9 -999.9  330.0
climfra 2001  3  9  68     6.1   15.8    6.2 -999.9    0.0 -999.9 -999.9  330.0
climfra 2001  3 10  69    11.2   15.8    4.2 -999.9    0.0 -999.9 -999.9  330.0
climfra 2001  3 11  70    12.3   21.9   10.7 -999.9    0.0 -999.9 -999.9  330.0
climfra 2001  3 12  71    10.7   12.5    3.0 -999.9    0.0 -999.9 -999.9  330.0
climfra 2001  3 13  72     6.7   14.0    7.9 -999.9    0.0 -999.9 -999.9  330.0
climfra 2001  3 14  73     8.7   16.0   10.3 -999.9    0.0 -999.9 -999.9  330.0
climfra 2001  3 15  74     7.8   18.1   16.2 -999.9    0.0 -999.9 -999.9  330.0
climfra 2001  3 16  75     6.4   16.9    7.8 -999.9    0.0 -999.9 -999.9  330.0
climfra 2001  3 17  76     8.7   15.7   12.1 -999.9    0.0 -999.9 -999.9  330.0
climfra 2001  3 18  77     6.1   15.6    5.5 -999.9    0.0 -999.9 -999.9  330.0
climfra 2001  3 19  78     6.5   17.6   11.0 -999.9    0.0 -999.9 -999.9  330.0
climfra 2001  3 20  79    10.5   22.9   10.1 -999.9    0.0 -999.9 -999.9  330.0
climfra 2001  3 21  80    13.3   15.1    3.7 -999.9    0.0 -999.9 -999.9  330.0
climfra 2001  3 22  81    13.1   17.5    8.4 -999.9    0.0 -999.9 -999.9  330.0
climfra 2001  3 23  82     9.7   20.9   13.4 -999.9    0.0 -999.9 -999.9  330.0
climfra 2001  3 24  83    11.5   25.4   17.0 -999.9    0.0 -999.9 -999.9  330.0
climfra 2001  3 25  84    10.9   16.6    9.8 -999.9    0.0 -999.9 -999.9  330.0
climfra 2001  3 26  85     6.4   17.6   14.2 -999.9    0.0 -999.9 -999.9  330.0
climfra 2001  3 27  86     9.4   18.7   17.0 -999.9    0.0 -999.9 -999.9  330.0
climfra 2001  3 28  87     8.8   15.5    8.2 -999.9    0.0 -999.9 -999.9  330.0
climfra 2001  3 29  88     8.3   13.3   11.8 -999.9    0.0 -999.9 -999.9  330.0
climfra 2001  3 30  89     5.2   15.3   14.7 -999.9    0.0 -999.9 -999.9  330.0
climfra 2001  3 31  90     4.3   18.5   18.3 -999.9    0.0 -999.9 -999.9  330.0
climfra 2001  4  1  91     5.8   23.2   20.4 -999.9    0.0 -999.9 -999.9  330.0
climfra 2001  4  2  92    10.4   23.9   19.4 -999.9    0.0 -999.9 -999.9  330.0
climfra 2001  4  3  93    10.2   17.3   10.5 -999.9    0.0 -999.9 -999.9  330.0
climfra 2001  4  4  94     9.3   14.1    4.8 -999.9    0.0 -999.9 -999.9  330.0
climfra 2001  4  5  95     3.7   18.3   17.0 -999.9    0.0 -999.9 -999.9  330.0
climfra 2001  4  6  96    12.6   21.1   10.5 -999.9    0.0 -999.9 -999.9  330.0
climfra 2001  4  7  97     7.6   13.6   13.7 -999.9    0.0 -999.9 -999.9  330.0
climfra 2001  4  8  98     9.2   12.9    9.6 -999.9    0.0 -999.9 -999.9  330.0
climfra 2001  4  9  99     7.8   15.5    9.4 -999.9    0.0 -999.9 -999.9  330.0
climfra 2001  4 10 100    10.8   14.2    8.5 -999.9    0.0 -999.9 -999.9  330.0
climfra 2001  4 11 101     8.6   15.4   13.9 -999.9    0.0 -999.9 -999.9  330.0
climfra 2001  4 12 102     5.2   15.0   15.6 -999.9    0.0 -999.9 -999.9  330.0
climfra 2001  4 13 103     3.9   15.4   21.0 -999.9    0.0 -999.9 -999.9  330.0
climfra 2001  4 14 104     3.3   14.0   24.0 -999.9    0.0 -999.9 -999.9  330.0
climfra 2001  4 15 105     1.1   15.3   17.2 -999.9    0.0 -999.9 -999.9  330.0
climfra 2001  4 16 106     9.3   16.1   14.3 -999.9    0.0 -999.9 -999.9  330.0
climfra 2001  4 17 107     2.8   15.1   17.6 -999.9    0.0 -999.9 -999.9  330.0
climfra 2001  4 18 108     1.7   13.6   11.1 -999.9    0.0 -999.9 -999.9  330.0
climfra 2001  4 19 109     8.6   13.1   11.5 -999.9    0.0 -999.9 -999.9  330.0
climfra 2001  4 20 110     1.4   12.1   18.7 -999.9    0.0 -999.9 -999.9  330.0
climfra 2001  4 21 111     2.0   12.0   15.5 -999.9    0.0 -999.9 -999.9  330.0
climfra 2001  4 22 112     2.2   12.9   11.2 -999.9    0.0 -999.9 -999.9  330.0
climfra 2001  4 23 113     7.6   17.2   19.2 -999.9    0.0 -999.9 -999.9  330.0
climfra 2001  4 24 114    11.6   21.9   15.1 -999.9    0.0 -999.9 -999.9  330.0
climfra 2001  4 25 115     7.7   16.9   17.0 -999.9    0.0 -999.9 -999.9  330.0
climfra 2001  4 26 116     4.8   19.5   24.8 -999.9    0.0 -999.9 -999.9  330.0
climfra 2001  4 27 117     7.6   18.0   15.1 -999.9    0.0 -999.9 -999.9  330.0
climfra 2001  4 28 118     6.8   20.1   21.6 -999.9    0.0 -999.9 -999.9  330.0
climfra 2001  4 29 119    10.2   13.8    5.0 -999.9    0.0 -999.9 -999.9  330.0
climfra 2001  4 30 120     8.5    9.6    3.8 -999.9    0.0 -999.9 -999.9  330.0
climfra 2001  5  1 121     7.5   17.4   17.9 -999.9    0.0 -999.9 -999.9  330.0
climfra 2001  5  2 122     9.7   19.0   16.9 -999.9    0.0 -999.9 -999.9  330.0
climfra 2001  5  3 123     6.8   18.6   17.9 -999.9    0.0 -999.9 -999.9  330.0
climfra 2001  5  4 124     7.7   18.0   21.2 -999.9    0.0 -999.9 -999.9  330.0
climfra 2001  5  5 125     8.4   10.9    2.8 -999.9    0.0 -999.9 -999.9  330.0
climfra 2001  5  6 126     8.0   12.1    5.0 -999.9    0.0 -999.9 -999.9  330.0
climfra 2001  5  7 127     9.5   14.5    7.2 -999.9    0.0 -999.9 -999.9  330.0
climfra 2001  5  8 128    10.4   17.0    7.8 -999.9    0.0 -999.9 -999.9  330.0
climfra 2001  5  9 129     7.3   23.3   18.9 -999.9    0.0 -999.9 -999.9  330.0
climfra 2001  5 10 130    12.8   19.7   11.2 -999.9    0.0 -999.9 -999.9  330.0
climfra 2001  5 11 131    10.5   23.6   19.3 -999.9    0.0 -999.9 -999.9  330.0
climfra 2001  5 12 132    10.6   28.9   26.2 -999.9    0.0 -999.9 -999.9  330.0
climfra 2001  5 13 133    14.2   20.1   15.3 -999.9    0.0 -999.9 -999.9  330.0
climfra 2001  5 14 134    12.8   24.0   21.4 -999.9    0.0 -999.9 -999.9  330.0
climfra 2001  5 15 135    14.5   25.1   21.7 -999.9    0.0 -999.9 -999.9  330.0
climfra 2001  5 16 136    13.4   25.6   21.8 -999.9    0.0 -999.9 -999.9  330.0
climfra 2001  5 17 137    14.2   17.6    7.4 -999.9    0.0 -999.9 -999.9  330.0
climfra 2001  5 18 138     7.1   19.0   24.1 -999.9    0.0 -999.9 -999.9  330.0
climfra 2001  5 19 139     5.9   23.5   28.8 -999.9    0.0 -999.9 -999.9  330.0
climfra 2001  5 20 140     8.0   25.6   27.1 -999.9    0.0 -999.9 -999.9  330.0
climfra 2001  5 21 141    11.9   26.8   23.3 -999.9    0.0 -999.9 -999.9  330.0
climfra 2001  5 22 142    15.9   27.3   20.8 -999.9    0.0 -999.9 -999.9  330.0
climfra 2001  5 23 143    15.6   19.7    6.7 -999.9    0.0 -999.9 -999.9  330.0
climfra 2001  5 24 144    15.0   20.4    8.3 -999.9    0.0 -999.9 -999.9  330.0
climfra 2001  5 25 145    14.0   23.5   18.7 -999.9    0.0 -999.9 -999.9  330.0
climfra 2001  5 26 146    10.4   24.6   20.5 -999.9    0.0 -999.9 -999.9  330.0
climfra 2001  5 27 147    10.8   30.3   26.8 -999.9    0.0 -999.9 -999.9  330.0
climfra 2001  5 28 148    13.5   33.2   28.0 -999.9    0.0 -999.9 -999.9  330.0
climfra 2001  5 29 149    14.1   34.2   28.6 -999.9    0.0 -999.9 -999.9  330.0
climfra 2001  5 30 150    14.4   34.7   26.0 -999.9    0.0 -999.9 -999.9  330.0
climfra 2001  5 31 151    18.1   27.7    9.7 -999.9    0.0 -999.9 -999.9  330.0
climfra 2001  6  1 152    11.6   25.3   29.5 -999.9    0.0 -999.9 -999.9  330.0
climfra 2001  6  2 153     9.4   24.7   27.1 -999.9    0.0 -999.9 -999.9  330.0
climfra 2001  6  3 154    13.7   23.5   19.7 -999.9    0.0 -999.9 -999.9  330.0
climfra 2001  6  4 155     7.3   27.5   29.8 -999.9    0.0 -999.9 -999.9  330.0
climfra 2001  6  5 156     9.2   24.8   19.8 -999.9    0.0 -999.9 -999.9  330.0
climfra 2001  6  6 157    13.4   23.6   22.3 -999.9    0.0 -999.9 -999.9  330.0
climfra 2001  6  7 158     8.4   26.3   27.0 -999.9    0.0 -999.9 -999.9  330.0
climfra 2001  6  8 159    12.4   26.8   18.1 -999.9    0.0 -999.9 -999.9  330.0
climfra 2001  6  9 160    15.3   23.0   15.2 -999.9    0.0 -999.9 -999.9  330.0
climfra 2001  6 10 161    15.4   21.6   13.4 -999.9    0.0 -999.9 -999.9  330.0
climfra 2001  6 11 162     9.5   24.3   28.0 -999.9    0.0 -999.9 -999.9  330.0
climfra 2001  6 12 163     8.6   28.3   25.0 -999.9    0.0 -999.9 -999.9  330.0
climfra 2001  6 13 164    13.7   27.9   28.1 -999.9    0.0 -999.9 -999.9  330.0
climfra 2001  6 14 165    12.6   28.4   26.1 -999.9    0.0 -999.9 -999.9  330.0
climfra 2001  6 15 166    16.9   24.4   12.8 -999.9    0.0 -999.9 -999.9  330.0
climfra 2001  6 16 167    13.7   21.0   14.7 -999.9    0.0 -999.9 -999.9  330.0
climfra 2001  6 17 168    12.0   21.6   20.5 -999.9    0.0 -999.9 -999.9  330.0
climfra 2001  6 18 169    12.9   23.6   24.8 -999.9    0.0 -999.9 -999.9  330.0
climfra 2001  6 19 170     8.9   26.7   29.9 -999.9    0.0 -999.9 -999.9  330.0
climfra 2001  6 20 171    10.3   31.5   29.9 -999.9    0.0 -999.9 -999.9  330.0
climfra 2001  6 21 172    11.7   33.8   29.6 -999.9    0.0 -999.9 -999.9  330.0
climfra 2001  6 22 173    13.3   34.3   29.2 -999.9    0.0 -999.9 -999.9  330.0
climfra 2001  6 23 174    16.6   28.4   20.7 -999.9    0.0 -999.9 -999.9  330.0
climfra 2001  6 24 175    18.7   33.3   24.5 -999.9    0.0 -999.9 -999.9  330.0
climfra 2001  6 25 176    19.3   39.7   23.9 -999.9    0.0 -999.9 -999.9  330.0
climfra 2001  6 26 177    20.2   25.2    9.7 -999.9    0.0 -999.9 -999.9  330.0
climfra 2001  6 27 178    17.4   24.0   11.5 -999.9    0.0 -999.9 -999.9  330.0
climfra 2001  6 28 179    11.9   26.7   26.4 -999.9    0.0 -999.9 -999.9  330.0
climfra 2001  6 29 180    11.5   32.8   29.5 -999.9    0.0 -999.9 -999.9  330.0
climfra 2001  6 30 181    15.0   30.7   27.6 -999.9    0.0 -999.9 -999.9  330.0
