climble 1994  1  1   1     1.6   11.1    4.3    0.1    5.5 -999.9 -999.9  330.0
climble 1994  1  2   2     4.8   10.8    3.0    0.0    0.0 -999.9 -999.9  330.0
climble 1994  1  3   3     6.1   11.5    1.6    0.3    6.5 -999.9 -999.9  330.0
climble 1994  1  4   4     3.3    8.6    2.5    0.2    4.5 -999.9 -999.9  330.0
climble 1994  1  5   5     5.2    9.0    1.6    0.2    8.0 -999.9 -999.9  330.0
climble 1994  1  6   6     5.4    7.4    1.6    0.3    1.5 -999.9 -999.9  330.0
climble 1994  1  7   7     1.0    6.5    3.2    0.0    0.0 -999.9 -999.9  330.0
climble 1994  1  8   8    -0.3    3.5    1.7    0.1    0.5 -999.9 -999.9  330.0
climble 1994  1  9   9     2.2    6.7    1.6    0.0    1.0 -999.9 -999.9  330.0
climble 1994  1 10  10     5.6    7.6    1.7    0.1    5.0 -999.9 -999.9  330.0
climble 1994  1 11  11     2.5    8.3    1.7    0.2    5.0 -999.9 -999.9  330.0
climble 1994  1 12  12     6.9   13.1    1.7    0.0    5.5 -999.9 -999.9  330.0
climble 1994  1 13  13     8.8   10.6    2.4    0.7    0.0 -999.9 -999.9  330.0
climble 1994  1 14  14     5.8    9.8    5.1    0.1    0.5 -999.9 -999.9  330.0
climble 1994  1 15  15     2.4    6.4    1.7    0.0    0.0 -999.9 -999.9  330.0
climble 1994  1 16  16     2.4    4.6    1.8    0.1    1.5 -999.9 -999.9  330.0
climble 1994  1 17  17     0.4    2.8    3.1    0.1    0.5 -999.9 -999.9  330.0
climble 1994  1 18  18    -3.6    0.1    1.9    0.0    0.5 -999.9 -999.9  330.0
climble 1994  1 19  19    -1.8    1.8    1.8    0.0    0.0 -999.9 -999.9  330.0
climble 1994  1 20  20    -0.7    6.1    4.4    0.1    0.5 -999.9 -999.9  330.0
climble 1994  1 21  21     1.8    5.9    1.9    0.0    0.0 -999.9 -999.9  330.0
climble 1994  1 22  22     5.2    8.6    1.9    0.0    0.5 -999.9 -999.9  330.0
climble 1994  1 23  23     7.4    9.8    2.0    0.0    1.0 -999.9 -999.9  330.0
climble 1994  1 24  24     7.6   11.4    2.0    0.0    3.5 -999.9 -999.9  330.0
climble 1994  1 25  25     9.9   12.8    2.2    0.8    1.5 -999.9 -999.9  330.0
climble 1994  1 26  26     5.6    9.2    6.4    0.8    0.0 -999.9 -999.9  330.0
climble 1994  1 27  27     6.1   12.1    2.1    0.4    0.5 -999.9 -999.9  330.0
climble 1994  1 28  28     4.0    8.8    7.2    0.9    0.0 -999.9 -999.9  330.0
climble 1994  1 29  29     0.5    9.5    3.9    0.7    0.0 -999.9 -999.9  330.0
climble 1994  1 30  30     6.0    9.7    2.7    1.2    0.5 -999.9 -999.9  330.0
climble 1994  1 31  31    -1.7    7.8    5.9    0.3    0.0 -999.9 -999.9  330.0
climble 1994  2  1  32     2.7    8.9    2.2    1.0    0.0 -999.9 -999.9  330.0
climble 1994  2  2  33     4.3    8.5    2.3    0.5   12.0 -999.9 -999.9  330.0
climble 1994  2  3  34     4.6    9.9    2.3    0.2    6.5 -999.9 -999.9  330.0
climble 1994  2  4  35     5.3   10.7    4.7    0.7    2.5 -999.9 -999.9  330.0
climble 1994  2  5  36     3.8    9.3    4.6    0.7    1.0 -999.9 -999.9  330.0
climble 1994  2  6  37    -0.6    9.4    9.1    0.2    0.0 -999.9 -999.9  330.0
climble 1994  2  7  38     4.5    8.8    2.7    0.8    3.0 -999.9 -999.9  330.0
climble 1994  2  8  39    -0.7    8.7    7.8    0.4    2.0 -999.9 -999.9  330.0
climble 1994  2  9  40     3.6   10.5    3.5    0.7    1.0 -999.9 -999.9  330.0
climble 1994  2 10  41     1.2    8.1    6.1    0.5    0.0 -999.9 -999.9  330.0
climble 1994  2 11  42     1.0    3.9    2.6    0.3    1.5 -999.9 -999.9  330.0
climble 1994  2 12  43    -0.8    5.7   11.0    0.5    0.0 -999.9 -999.9  330.0
climble 1994  2 13  44    -2.5    2.2    6.5    1.0    0.0 -999.9 -999.9  330.0
climble 1994  2 14  45    -5.3    1.0    2.8    1.3    0.0 -999.9 -999.9  330.0
climble 1994  2 15  46    -1.1    9.9    5.6    0.8    0.5 -999.9 -999.9  330.0
climble 1994  2 16  47     0.0    4.3    2.9    0.5    0.0 -999.9 -999.9  330.0
climble 1994  2 17  48    -0.1    3.7    2.9    0.3    0.0 -999.9 -999.9  330.0
climble 1994  2 18  49     0.5    7.1    3.0    0.8    0.0 -999.9 -999.9  330.0
climble 1994  2 19  50    -2.6    9.0   11.0    0.6    2.0 -999.9 -999.9  330.0
climble 1994  2 20  51    -1.0    1.8    3.0    0.4    4.0 -999.9 -999.9  330.0
climble 1994  2 21  52    -9.6    1.3    4.9    0.5    0.0 -999.9 -999.9  330.0
climble 1994  2 22  53    -0.5   10.2    3.8    0.4    4.0 -999.9 -999.9  330.0
climble 1994  2 23  54     5.4    9.0    4.1    0.5    5.5 -999.9 -999.9  330.0
climble 1994  2 24  55     5.9   11.2    5.7    0.9    0.0 -999.9 -999.9  330.0
climble 1994  2 25  56     7.5   10.9    3.4    0.9    0.0 -999.9 -999.9  330.0
climble 1994  2 26  57     6.5   14.8    4.2    1.8    0.0 -999.9 -999.9  330.0
climble 1994  2 27  58     8.3   11.3    3.7    0.7    3.0 -999.9 -999.9  330.0
climble 1994  2 28  59     6.2   13.2    6.1    0.9    3.0 -999.9 -999.9  330.0
climble 1994  3  1  60     4.3    9.7    4.8    1.3    0.5 -999.9 -999.9  330.0
climble 1994  3  2  61     5.7   12.2    6.0    1.0    4.5 -999.9 -999.9  330.0
climble 1994  3  3  62     1.4   11.3    3.8    0.8    0.0 -999.9 -999.9  330.0
climble 1994  3  4  63     0.9   11.4   12.8    1.2    0.0 -999.9 -999.9  330.0
climble 1994  3  5  64     1.8   16.0   11.6    1.5    0.0 -999.9 -999.9  330.0
climble 1994  3  6  65     1.5   11.2    9.2    1.3    0.0 -999.9 -999.9  330.0
climble 1994  3  7  66     5.1   12.4    4.7    1.6    1.0 -999.9 -999.9  330.0
climble 1994  3  8  67     9.2   17.3    9.9    1.9    1.0 -999.9 -999.9  330.0
climble 1994  3  9  68     6.3   17.9   14.1    1.9    0.0 -999.9 -999.9  330.0
climble 1994  3 10  69     6.4   13.4   13.7    2.1    0.0 -999.9 -999.9  330.0
climble 1994  3 11  70     1.0   13.5   11.6    1.0    0.0 -999.9 -999.9  330.0
climble 1994  3 12  71     4.6   11.3    7.6    2.2    0.0 -999.9 -999.9  330.0
climble 1994  3 13  72     6.8   12.5    4.5    2.1    0.0 -999.9 -999.9  330.0
climble 1994  3 14  73     4.7   14.1    5.5    2.2    0.5 -999.9 -999.9  330.0
climble 1994  3 15  74     8.5   12.0    4.2    1.7    0.5 -999.9 -999.9  330.0
climble 1994  3 16  75     3.2   11.2    7.8    2.0    0.5 -999.9 -999.9  330.0
climble 1994  3 17  76     3.4    9.8   10.3    2.2    0.0 -999.9 -999.9  330.0
climble 1994  3 18  77     3.5   12.0    4.9    1.5    1.0 -999.9 -999.9  330.0
climble 1994  3 19  78     8.1   10.6    4.5    1.2    0.5 -999.9 -999.9  330.0
climble 1994  3 20  79     4.8    9.8    4.5    0.8    1.0 -999.9 -999.9  330.0
climble 1994  3 21  80     8.2   11.6    4.7    1.1    0.5 -999.9 -999.9  330.0
climble 1994  3 22  81     0.0   13.3    9.3    1.5    0.5 -999.9 -999.9  330.0
climble 1994  3 23  82     8.1   13.0    4.7    1.2    7.0 -999.9 -999.9  330.0
climble 1994  3 24  83    11.2   14.0    4.7    1.2    0.0 -999.9 -999.9  330.0
climble 1994  3 25  84    10.9   14.3    6.1    2.3    0.5 -999.9 -999.9  330.0
climble 1994  3 26  85     4.2   11.2   18.6    2.4    0.0 -999.9 -999.9  330.0
climble 1994  3 27  86    -0.1   12.2   17.8    2.0    0.0 -999.9 -999.9  330.0
climble 1994  3 28  87     7.0   16.8    7.8    3.1    0.0 -999.9 -999.9  330.0
climble 1994  3 29  88    11.6   16.3    5.1    2.8    0.0 -999.9 -999.9  330.0
climble 1994  3 30  89     5.4   21.8   19.5    3.3    3.0 -999.9 -999.9  330.0
climble 1994  3 31  90     6.9   14.4   13.9    3.6    2.5 -999.9 -999.9  330.0
climble 1994  4  1  91     4.5   10.4   10.1    2.4    2.5 -999.9 -999.9  330.0
climble 1994  4  2  92     2.5    7.3    6.9    1.9    4.5 -999.9 -999.9  330.0
climble 1994  4  3  93     0.4   11.0   15.5    2.5    6.5 -999.9 -999.9  330.0
climble 1994  4  4  94     5.1   13.8    9.8    3.6    1.0 -999.9 -999.9  330.0
climble 1994  4  5  95     2.4   10.7   14.0    3.1    3.0 -999.9 -999.9  330.0
climble 1994  4  6  96     3.9   11.9   14.2    2.8    0.0 -999.9 -999.9  330.0
climble 1994  4  7  97     4.6    9.0    7.2    1.4    8.0 -999.9 -999.9  330.0
climble 1994  4  8  98     4.3   10.9    9.7    2.9    5.5 -999.9 -999.9  330.0
climble 1994  4  9  99     2.6    7.8   11.2    2.2    5.5 -999.9 -999.9  330.0
climble 1994  4 10 100     2.1    8.5    7.5    1.5    0.5 -999.9 -999.9  330.0
climble 1994  4 11 101     1.6   13.0   14.1    3.0    0.0 -999.9 -999.9  330.0
climble 1994  4 12 102     3.0   12.9   14.8    2.8    0.0 -999.9 -999.9  330.0
climble 1994  4 13 103     5.1   10.3    7.4    1.7    0.5 -999.9 -999.9  330.0
climble 1994  4 14 104     2.0    7.4   10.4    2.0    2.5 -999.9 -999.9  330.0
climble 1994  4 15 105    -0.6    9.2    7.3    1.6    0.5 -999.9 -999.9  330.0
climble 1994  4 16 106     1.3   11.8    9.0    2.4    0.0 -999.9 -999.9  330.0
climble 1994  4 17 107     5.9   11.1    7.9    3.7    0.0 -999.9 -999.9  330.0
climble 1994  4 18 108     3.3    8.8    8.5    3.4    0.0 -999.9 -999.9  330.0
climble 1994  4 19 109     1.1   12.6   15.0    2.9    0.0 -999.9 -999.9  330.0
climble 1994  4 20 110     5.5   13.5    7.4    2.4    0.0 -999.9 -999.9  330.0
climble 1994  4 21 111     7.1   14.2    8.1    2.7    0.0 -999.9 -999.9  330.0
climble 1994  4 22 112     4.0   20.1   23.3    3.8    0.0 -999.9 -999.9  330.0
climble 1994  4 23 113     9.6   19.3   14.3    4.2    0.5 -999.9 -999.9  330.0
climble 1994  4 24 114     9.6   16.7   11.1    3.2    0.5 -999.9 -999.9  330.0
climble 1994  4 25 115     6.3   15.3   19.9    4.3    0.5 -999.9 -999.9  330.0
climble 1994  4 26 116     9.5   15.9    7.3    1.9    1.5 -999.9 -999.9  330.0
climble 1994  4 27 117    12.3   17.4    6.7    2.3    0.0 -999.9 -999.9  330.0
climble 1994  4 28 118     8.4   23.0   20.5    3.3    0.0 -999.9 -999.9  330.0
climble 1994  4 29 119    10.1   25.9   26.4    4.1    0.0 -999.9 -999.9  330.0
climble 1994  4 30 120    11.9   26.7   23.0    4.9    0.0 -999.9 -999.9  330.0
climble 1994  5  1 121     7.5   17.8   27.3    4.6    0.0 -999.9 -999.9  330.0
climble 1994  5  2 122     4.1   19.7   25.0    4.0    0.0 -999.9 -999.9  330.0
climble 1994  5  3 123     6.7   25.8   22.4    5.5    0.0 -999.9 -999.9  330.0
climble 1994  5  4 124     8.7   16.9   12.2    4.1    0.0 -999.9 -999.9  330.0
climble 1994  5  5 125     4.7   13.1    7.7    2.0    1.5 -999.9 -999.9  330.0
climble 1994  5  6 126    11.3   16.9    6.7    2.5    0.0 -999.9 -999.9  330.0
climble 1994  5  7 127     9.2   23.2   22.2    4.3    5.5 -999.9 -999.9  330.0
climble 1994  5  8 128     8.7   16.6   14.9    4.2    0.0 -999.9 -999.9  330.0
climble 1994  5  9 129     5.3   17.7   19.0    3.5    0.5 -999.9 -999.9  330.0
climble 1994  5 10 130     5.9   20.4   21.9    3.9    0.0 -999.9 -999.9  330.0
climble 1994  5 11 131     7.2   22.5   22.2    5.0    1.0 -999.9 -999.9  330.0
climble 1994  5 12 132     9.9   18.9   17.1    4.7    0.0 -999.9 -999.9  330.0
climble 1994  5 13 133     8.6   24.0   24.5    5.5    0.5 -999.9 -999.9  330.0
climble 1994  5 14 134    13.8   17.8    9.7    2.3   10.5 -999.9 -999.9  330.0
climble 1994  5 15 135     8.9   22.3   21.8    4.0    9.5 -999.9 -999.9  330.0
climble 1994  5 16 136    11.4   21.0   15.6    3.9    7.0 -999.9 -999.9  330.0
climble 1994  5 17 137    10.7   19.1   14.8    4.6    0.0 -999.9 -999.9  330.0
climble 1994  5 18 138     8.6   15.9   15.2    2.9    0.0 -999.9 -999.9  330.0
climble 1994  5 19 139     8.7   15.8    9.3    3.3    0.0 -999.9 -999.9  330.0
climble 1994  5 20 140     9.9   17.7    9.9    2.2    6.5 -999.9 -999.9  330.0
climble 1994  5 21 141    10.9   18.2   14.3    4.6    1.0 -999.9 -999.9  330.0
climble 1994  5 22 142    11.0   20.3   16.6    5.5    0.0 -999.9 -999.9  330.0
climble 1994  5 23 143     9.9   19.9   23.2    4.6    0.5 -999.9 -999.9  330.0
climble 1994  5 24 144    10.8   19.9   11.5    3.0    8.0 -999.9 -999.9  330.0
climble 1994  5 25 145    10.9   18.3   11.8    3.5    4.5 -999.9 -999.9  330.0
climble 1994  5 26 146    10.9   17.8   14.1    3.5    4.0 -999.9 -999.9  330.0
climble 1994  5 27 147     8.2   14.5    8.6    3.1    0.0 -999.9 -999.9  330.0
climble 1994  5 28 148     8.9   16.4   18.9    4.4    0.0 -999.9 -999.9  330.0
climble 1994  5 29 149     6.1   15.7   15.2    3.9    0.0 -999.9 -999.9  330.0
climble 1994  5 30 150     5.6   17.2   28.8    4.9    0.0 -999.9 -999.9  330.0
climble 1994  5 31 151     5.2   23.2   30.6    4.9    0.0 -999.9 -999.9  330.0
climble 1994  6  1 152    10.2   29.7   23.5    5.5   10.0 -999.9 -999.9  330.0
climble 1994  6  2 153    13.8   18.3   10.6    2.4    6.0 -999.9 -999.9  330.0
climble 1994  6  3 154    11.8   18.8   17.4    5.7    0.0 -999.9 -999.9  330.0
climble 1994  6  4 155     9.1   14.0    7.7    1.9    9.5 -999.9 -999.9  330.0
climble 1994  6  5 156     7.3   17.1   23.3    4.7    1.5 -999.9 -999.9  330.0
climble 1994  6  6 157     9.6   17.1    7.5    1.1    1.0 -999.9 -999.9  330.0
climble 1994  6  7 158    11.9   24.7   23.2    5.0    0.0 -999.9 -999.9  330.0
climble 1994  6  8 159    11.1   17.3    8.0    2.9    0.0 -999.9 -999.9  330.0
climble 1994  6  9 160     6.9   18.3   22.2    4.4    0.0 -999.9 -999.9  330.0
climble 1994  6 10 161    10.0   16.2   10.3    3.8    0.0 -999.9 -999.9  330.0
climble 1994  6 11 162     5.7   15.6   16.9    3.3    1.0 -999.9 -999.9  330.0
climble 1994  6 12 163     7.4   19.9   26.5    5.4    0.0 -999.9 -999.9  330.0
climble 1994  6 13 164    10.2   21.5   28.8    5.2    0.0 -999.9 -999.9  330.0
climble 1994  6 14 165    10.3   23.8   27.1    5.4    0.0 -999.9 -999.9  330.0
climble 1994  6 15 166     9.8   23.5   30.6    5.2    0.0 -999.9 -999.9  330.0
climble 1994  6 16 167     8.7   24.1   30.3    5.5    0.0 -999.9 -999.9  330.0
climble 1994  6 17 168     9.9   25.5   29.4    5.0    0.0 -999.9 -999.9  330.0
climble 1994  6 18 169    12.1   28.3   30.9    6.0    0.0 -999.9 -999.9  330.0
climble 1994  6 19 170    12.9   26.5   29.9    5.9    0.0 -999.9 -999.9  330.0
climble 1994  6 20 171    13.2   21.4   16.7    4.7    0.0 -999.9 -999.9  330.0
climble 1994  6 21 172    10.4   24.3   19.5    5.2    0.0 -999.9 -999.9  330.0
climble 1994  6 22 173    16.4   21.3    7.6    3.1    0.0 -999.9 -999.9  330.0
climble 1994  6 23 174    13.9   26.1   31.9    5.5    0.0 -999.9 -999.9  330.0
climble 1994  6 24 175    14.3   32.5   31.0    6.7    5.5 -999.9 -999.9  330.0
climble 1994  6 25 176    15.4   20.3    7.6    1.7   13.0 -999.9 -999.9  330.0
climble 1994  6 26 177    12.8   22.2   19.1    5.1    0.0 -999.9 -999.9  330.0
climble 1994  6 27 178     9.7   25.2   31.5    4.9    0.0 -999.9 -999.9  330.0
climble 1994  6 28 179    12.6   30.1   29.0    5.3    0.0 -999.9 -999.9  330.0
climble 1994  6 29 180    16.0   23.5   22.5    5.2    0.0 -999.9 -999.9  330.0
climble 1994  6 30 181     8.4   25.2   31.3    5.1    1.0 -999.9 -999.9  330.0
climble 1994  7  1 182    12.8   31.5   25.4    5.8    0.0 -999.9 -999.9  330.0
climble 1994  7  2 183    18.2   24.9   17.6    5.0    0.0 -999.9 -999.9  330.0
climble 1994  7  3 184    16.6   30.4   25.6    5.7    0.0 -999.9 -999.9  330.0
climble 1994  7  4 185    20.1   27.1   19.5    5.7    0.0 -999.9 -999.9  330.0
climble 1994  7  5 186    10.9   21.1   12.9    4.5    0.0 -999.9 -999.9  330.0
climble 1994  7  6 187    13.2   22.2    9.6    3.9    0.0 -999.9 -999.9  330.0
climble 1994  7  7 188    12.2   22.4   12.8    4.7    2.5 -999.9 -999.9  330.0
climble 1994  7  8 189    14.0   21.5   14.8    5.0    0.0 -999.9 -999.9  330.0
climble 1994  7  9 190    13.1   22.1   16.0    3.5    0.0 -999.9 -999.9  330.0
climble 1994  7 10 191    11.2   27.3   30.1    5.0    0.0 -999.9 -999.9  330.0
climble 1994  7 11 192    13.6   30.4   30.8    5.6    0.0 -999.9 -999.9  330.0
climble 1994  7 12 193    13.7   34.3   30.6    5.6    0.0 -999.9 -999.9  330.0
climble 1994  7 13 194    15.5   30.2   24.2    5.5    0.0 -999.9 -999.9  330.0
climble 1994  7 14 195    16.9   26.4   17.0    4.9    0.0 -999.9 -999.9  330.0
climble 1994  7 15 196    12.5   27.1   26.3    5.4    0.0 -999.9 -999.9  330.0
climble 1994  7 16 197    14.2   29.4   27.1    5.5    0.0 -999.9 -999.9  330.0
climble 1994  7 17 198    18.7   26.5    9.2    3.6   16.0 -999.9 -999.9  330.0
climble 1994  7 18 199    18.3   26.4   10.8    3.5    1.0 -999.9 -999.9  330.0
climble 1994  7 19 200    16.0   20.0    7.3    1.3    6.0 -999.9 -999.9  330.0
climble 1994  7 20 201    13.4   27.3   20.9    5.0    5.5 -999.9 -999.9  330.0
climble 1994  7 21 202    13.4   28.8   24.6    4.9    0.0 -999.9 -999.9  330.0
climble 1994  7 22 203    15.1   29.8   22.7    5.2    0.0 -999.9 -999.9  330.0
climble 1994  7 23 204    18.3   31.0   19.3    6.0    0.0 -999.9 -999.9  330.0
climble 1994  7 24 205    17.4   33.4   18.8    4.1    1.0 -999.9 -999.9  330.0
climble 1994  7 25 206    16.6   29.8   18.9    4.5    0.0 -999.9 -999.9  330.0
climble 1994  7 26 207    16.1   29.9   17.1    4.8    0.0 -999.9 -999.9  330.0
climble 1994  7 27 208    16.6   32.7   26.2    5.3    0.5 -999.9 -999.9  330.0
climble 1994  7 28 209    15.5   25.2   14.6    3.7    0.5 -999.9 -999.9  330.0
climble 1994  7 29 210    15.4   27.2   15.7    4.4    0.0 -999.9 -999.9  330.0
climble 1994  7 30 211    19.2   31.1   19.6    5.0    0.5 -999.9 -999.9  330.0
climble 1994  7 31 212    16.7   26.9   19.4    4.4    0.0 -999.9 -999.9  330.0
climble 1994  8  1 213    16.5   24.9   18.8    4.7    0.0 -999.9 -999.9  330.0
climble 1994  8  2 214    12.5   27.9   25.4    4.7    0.0 -999.9 -999.9  330.0
climble 1994  8  3 215    15.6   32.5   28.3    5.4    0.0 -999.9 -999.9  330.0
climble 1994  8  4 216    19.0   32.8   24.1    5.3    0.0 -999.9 -999.9  330.0
climble 1994  8  5 217    18.1   27.3   14.9    3.5   13.5 -999.9 -999.9  330.0
climble 1994  8  6 218    15.5   27.2   20.4    5.0    0.0 -999.9 -999.9  330.0
climble 1994  8  7 219    16.8   27.3   16.3    4.4   18.0 -999.9 -999.9  330.0
climble 1994  8  8 220    16.8   26.1   18.3    4.7    0.0 -999.9 -999.9  330.0
climble 1994  8  9 221    14.7   27.6   20.7    4.7   13.5 -999.9 -999.9  330.0
climble 1994  8 10 222    16.6   24.5   16.4    4.0    3.0 -999.9 -999.9  330.0
climble 1994  8 11 223    14.5   22.3   12.5    3.1    3.5 -999.9 -999.9  330.0
climble 1994  8 12 224    14.5   20.0    6.5    1.6    0.0 -999.9 -999.9  330.0
climble 1994  8 13 225    13.1   23.1   14.9    3.9    0.5 -999.9 -999.9  330.0
climble 1994  8 14 226    10.7   22.6   21.4    3.7    0.0 -999.9 -999.9  330.0
climble 1994  8 15 227     8.6   24.1   24.5    3.8    0.0 -999.9 -999.9  330.0
climble 1994  8 16 228    10.0   25.4   24.1    3.5    0.0 -999.9 -999.9  330.0
climble 1994  8 17 229    13.2   16.2    6.6    1.4    5.0 -999.9 -999.9  330.0
climble 1994  8 18 230    10.2   20.9   20.0    3.5    0.5 -999.9 -999.9  330.0
climble 1994  8 19 231    15.7   22.6    7.8    2.8    0.5 -999.9 -999.9  330.0
climble 1994  8 20 232    11.3   23.0   23.5    3.7    0.0 -999.9 -999.9  330.0
climble 1994  8 21 233    11.8   23.2   14.2    2.8    0.0 -999.9 -999.9  330.0
climble 1994  8 22 234    14.4   26.8   10.7    1.7    0.0 -999.9 -999.9  330.0
climble 1994  8 23 235    14.2   25.9   13.1    3.5    1.5 -999.9 -999.9  330.0
climble 1994  8 24 236     9.7   21.7    9.5    2.9    0.5 -999.9 -999.9  330.0
climble 1994  8 25 237    12.2   22.3   11.5    2.8    0.0 -999.9 -999.9  330.0
climble 1994  8 26 238    15.3   22.2   10.6    2.3    0.0 -999.9 -999.9  330.0
climble 1994  8 27 239    13.2   22.3    6.1    1.8    1.0 -999.9 -999.9  330.0
climble 1994  8 28 240    11.5   20.1   15.5    3.1    0.0 -999.9 -999.9  330.0
climble 1994  8 29 241     7.3   21.1   22.7    2.9    0.0 -999.9 -999.9  330.0
climble 1994  8 30 242    11.5   22.7   19.6    3.0    0.0 -999.9 -999.9  330.0
climble 1994  8 31 243    10.6   20.0    9.7    1.5    6.5 -999.9 -999.9  330.0
climble 1994  9  1 244    14.3   21.2    8.6    2.8    0.0 -999.9 -999.9  330.0
climble 1994  9  2 245    11.9   20.3   16.5    2.7    0.0 -999.9 -999.9  330.0
climble 1994  9  3 246     4.7   22.1   15.0    2.0    0.0 -999.9 -999.9  330.0
climble 1994  9  4 247    13.8   22.9   12.1    2.6    0.0 -999.9 -999.9  330.0
climble 1994  9  5 248    14.8   21.9   12.9    3.5    0.0 -999.9 -999.9  330.0
climble 1994  9  6 249     9.2   14.7    5.3    0.4   18.5 -999.9 -999.9  330.0
climble 1994  9  7 250    13.3   20.0    7.4    1.7    0.0 -999.9 -999.9  330.0
climble 1994  9  8 251    11.2   19.0   11.2    2.7    1.0 -999.9 -999.9  330.0
climble 1994  9  9 252    10.6   18.6   13.6    3.1    8.0 -999.9 -999.9  330.0
climble 1994  9 10 253    11.1   19.0   13.0    3.0    0.5 -999.9 -999.9  330.0
climble 1994  9 11 254    11.0   19.6   10.2    2.5    3.5 -999.9 -999.9  330.0
climble 1994  9 12 255    15.7   20.5   12.5    3.1    0.5 -999.9 -999.9  330.0
climble 1994  9 13 256     9.5   19.8   16.2    2.7    0.0 -999.9 -999.9  330.0
climble 1994  9 14 257    11.2   18.6    8.3    2.5    2.5 -999.9 -999.9  330.0
climble 1994  9 15 258     8.2   14.3    6.8    1.3    3.0 -999.9 -999.9  330.0
climble 1994  9 16 259     6.5   15.0    8.6    1.7    0.0 -999.9 -999.9  330.0
climble 1994  9 17 260     6.5   13.6    7.7    1.7    0.0 -999.9 -999.9  330.0
climble 1994  9 18 261     8.2   13.7   10.3    1.7    0.0 -999.9 -999.9  330.0
climble 1994  9 19 262     3.3   13.4    4.7    0.9    9.5 -999.9 -999.9  330.0
climble 1994  9 20 263    10.3   17.3    5.5    1.3    6.0 -999.9 -999.9  330.0
climble 1994  9 21 264     5.3   16.5    6.6    1.5    0.0 -999.9 -999.9  330.0
climble 1994  9 22 265     9.3   16.2    5.4    1.6    0.5 -999.9 -999.9  330.0
climble 1994  9 23 266    12.1   20.6    9.1    1.7    0.5 -999.9 -999.9  330.0
climble 1994  9 24 267    15.0   22.7   14.1    3.0    0.0 -999.9 -999.9  330.0
climble 1994  9 25 268    11.2   22.5   12.1    2.4    1.5 -999.9 -999.9  330.0
climble 1994  9 26 269    13.5   19.4    5.9    1.6    8.5 -999.9 -999.9  330.0
climble 1994  9 27 270     9.9   18.6    6.7    1.2    0.0 -999.9 -999.9  330.0
climble 1994  9 28 271     7.6   19.1   10.6    1.7    0.0 -999.9 -999.9  330.0
climble 1994  9 29 272     8.4   21.8   10.4    2.0    0.5 -999.9 -999.9  330.0
climble 1994  9 30 273     7.2   20.1   15.7    1.3    0.0 -999.9 -999.9  330.0
climble 1994 10  1 274     8.2   19.2   10.8    1.6    0.0 -999.9 -999.9  330.0
climble 1994 10  2 275     9.3   16.3    5.0    1.1    3.0 -999.9 -999.9  330.0
climble 1994 10  3 276    11.4   15.6    4.4    1.2    1.0 -999.9 -999.9  330.0
climble 1994 10  4 277     5.7   12.3    9.3    1.5    0.0 -999.9 -999.9  330.0
climble 1994 10  5 278    -0.3   14.1   13.6    1.1    0.0 -999.9 -999.9  330.0
climble 1994 10  6 279     3.0   13.9   14.2    1.0    0.0 -999.9 -999.9  330.0
climble 1994 10  7 280     2.8   14.6   11.6    1.3    0.0 -999.9 -999.9  330.0
climble 1994 10  8 281     1.3   15.8   13.7    1.0    0.0 -999.9 -999.9  330.0
climble 1994 10  9 282     1.7   17.9   15.6    1.3    0.5 -999.9 -999.9  330.0
climble 1994 10 10 283     3.3   19.9   14.3    1.1    0.0 -999.9 -999.9  330.0
climble 1994 10 11 284    10.0   22.5   10.1    1.5    0.0 -999.9 -999.9  330.0
climble 1994 10 12 285     8.7   21.0    6.7    1.2    0.0 -999.9 -999.9  330.0
climble 1994 10 13 286     5.8   18.6   13.8    1.1    0.0 -999.9 -999.9  330.0
climble 1994 10 14 287     6.4   23.4   13.6    1.0    0.0 -999.9 -999.9  330.0
climble 1994 10 15 288    10.3   23.6   13.6    1.0    0.5 -999.9 -999.9  330.0
climble 1994 10 16 289     7.8   13.9    3.4    0.7    0.0 -999.9 -999.9  330.0
climble 1994 10 17 290     4.3   12.1    9.4    1.4    0.0 -999.9 -999.9  330.0
climble 1994 10 18 291     1.8   12.4    8.4    0.8    0.0 -999.9 -999.9  330.0
climble 1994 10 19 292     7.0   18.2    6.1    1.1    4.5 -999.9 -999.9  330.0
climble 1994 10 20 293     9.6   14.3    3.1    0.7    0.5 -999.9 -999.9  330.0
climble 1994 10 21 294     8.4   15.3    5.4    1.1    2.5 -999.9 -999.9  330.0
climble 1994 10 22 295    11.5   16.6    3.2    0.4    2.0 -999.9 -999.9  330.0
climble 1994 10 23 296    11.2   14.1    5.9    1.4    2.0 -999.9 -999.9  330.0
climble 1994 10 24 297     9.4   13.6    6.9    1.1    0.5 -999.9 -999.9  330.0
climble 1994 10 25 298     8.4   14.1    5.5    1.3    5.5 -999.9 -999.9  330.0
climble 1994 10 26 299     6.6   12.8    5.9    1.2    0.0 -999.9 -999.9  330.0
climble 1994 10 27 300     6.2   11.5    3.0    0.7    8.0 -999.9 -999.9  330.0
climble 1994 10 28 301     2.8   13.3    9.0    0.4    7.5 -999.9 -999.9  330.0
climble 1994 10 29 302     5.9   14.2    2.7    0.5    3.5 -999.9 -999.9  330.0
climble 1994 10 30 303    11.6   15.2    2.7    0.4    1.0 -999.9 -999.9  330.0
climble 1994 10 31 304    12.9   16.7    2.8    1.8    1.0 -999.9 -999.9  330.0
climble 1994 11  1 305     8.1   15.2    9.5    0.7    0.0 -999.9 -999.9  330.0
climble 1994 11  2 306     4.0   13.9    6.6    0.5    0.0 -999.9 -999.9  330.0
climble 1994 11  3 307     8.6   18.5    9.9    0.5    0.0 -999.9 -999.9  330.0
climble 1994 11  4 308    13.4   18.0    2.6    1.6   11.0 -999.9 -999.9  330.0
climble 1994 11  5 309    13.0   16.9    2.4    1.3    7.0 -999.9 -999.9  330.0
climble 1994 11  6 310     7.1   12.4    7.3    0.4    0.0 -999.9 -999.9  330.0
climble 1994 11  7 311     4.9   13.0    7.2    0.2    0.0 -999.9 -999.9  330.0
climble 1994 11  8 312     8.8   13.7    3.1    0.6    0.0 -999.9 -999.9  330.0
climble 1994 11  9 313     8.1   12.5    2.3    0.4    0.5 -999.9 -999.9  330.0
climble 1994 11 10 314     9.6   13.2    2.8    0.6    0.0 -999.9 -999.9  330.0
climble 1994 11 11 315     8.2   13.1    2.8    0.4    0.0 -999.9 -999.9  330.0
climble 1994 11 12 316     6.9   11.7    2.2    0.3    1.0 -999.9 -999.9  330.0
climble 1994 11 13 317     9.2   13.1    4.1    0.5    0.0 -999.9 -999.9  330.0
climble 1994 11 14 318    12.0   14.7    2.1    0.8    3.0 -999.9 -999.9  330.0
climble 1994 11 15 319    10.9   15.7    5.8    1.0    1.0 -999.9 -999.9  330.0
climble 1994 11 16 320     7.9   10.9    2.0    0.6    0.0 -999.9 -999.9  330.0
climble 1994 11 17 321     6.4   12.7    2.8    0.5    0.5 -999.9 -999.9  330.0
climble 1994 11 18 322     7.9   13.7    2.0    0.0   11.0 -999.9 -999.9  330.0
climble 1994 11 19 323    11.8   14.2    2.0    0.1    0.0 -999.9 -999.9  330.0
climble 1994 11 20 324    12.3   15.8    4.7    0.5    0.0 -999.9 -999.9  330.0
climble 1994 11 21 325    10.7   14.9    1.9    0.2    0.0 -999.9 -999.9  330.0
climble 1994 11 22 326    11.7   13.4    1.9    0.2    0.0 -999.9 -999.9  330.0
climble 1994 11 23 327     8.1   14.4    2.8    0.3    0.0 -999.9 -999.9  330.0
climble 1994 11 24 328     5.6   11.3    1.8    0.0    0.0 -999.9 -999.9  330.0
climble 1994 11 25 329     9.6   12.6    1.8    0.2    0.0 -999.9 -999.9  330.0
climble 1994 11 26 330    10.2   11.9    1.8    0.0    0.0 -999.9 -999.9  330.0
climble 1994 11 27 331    10.1   11.9    1.7    0.1    0.0 -999.9 -999.9  330.0
climble 1994 11 28 332     5.3    9.7    1.7    0.5    0.0 -999.9 -999.9  330.0
climble 1994 11 29 333     6.3    8.3    1.7    0.6    0.0 -999.9 -999.9  330.0
climble 1994 11 30 334     2.0   10.2    3.2    0.1    0.0 -999.9 -999.9  330.0
climble 1994 12  1 335     1.9    5.3    1.8    0.3    0.0 -999.9 -999.9  330.0
climble 1994 12  2 336    -0.7   10.5    4.9    0.0    0.0 -999.9 -999.9  330.0
climble 1994 12  3 337     7.2   13.5    2.9    0.3    0.0 -999.9 -999.9  330.0
climble 1994 12  4 338     9.1   14.3    1.7    0.3    0.0 -999.9 -999.9  330.0
climble 1994 12  5 339     7.9   12.0    5.2    0.0    0.0 -999.9 -999.9  330.0
climble 1994 12  6 340     4.8   10.2    5.4    0.0    0.5 -999.9 -999.9  330.0
climble 1994 12  7 341     6.1   10.3    2.0    0.7    3.5 -999.9 -999.9  330.0
climble 1994 12  8 342     6.5   12.0    1.6    0.7    7.5 -999.9 -999.9  330.0
climble 1994 12  9 343     5.4    9.4    1.6    0.0    6.5 -999.9 -999.9  330.0
climble 1994 12 10 344     6.1   13.7    1.5    0.3    0.0 -999.9 -999.9  330.0
climble 1994 12 11 345    11.5   14.1    1.5    0.7    0.0 -999.9 -999.9  330.0
climble 1994 12 12 346    11.3   14.1    2.8    0.7    0.0 -999.9 -999.9  330.0
climble 1994 12 13 347     4.5   12.3    4.5    0.0    2.5 -999.9 -999.9  330.0
climble 1994 12 14 348     2.8    8.1    4.3    0.0    0.0 -999.9 -999.9  330.0
climble 1994 12 15 349    -1.8    7.3    4.8    0.0    0.0 -999.9 -999.9  330.0
climble 1994 12 16 350     0.4    9.0    1.5    0.0    1.0 -999.9 -999.9  330.0
climble 1994 12 17 351     6.6    9.3    1.5    0.2    0.0 -999.9 -999.9  330.0
climble 1994 12 18 352     4.2    7.9    1.5    0.1    0.5 -999.9 -999.9  330.0
climble 1994 12 19 353     2.6    8.3    5.2    0.0    0.5 -999.9 -999.9  330.0
climble 1994 12 20 354     1.2    7.1    4.7    0.0    1.0 -999.9 -999.9  330.0
climble 1994 12 21 355    -2.0    5.2    1.7    0.2    2.5 -999.9 -999.9  330.0
climble 1994 12 22 356     1.0    2.9    1.7    0.2    0.0 -999.9 -999.9  330.0
climble 1994 12 23 357    -1.1    0.8    2.0    0.2    0.0 -999.9 -999.9  330.0
climble 1994 12 24 358    -3.4   -2.1    1.5    0.1    0.0 -999.9 -999.9  330.0
climble 1994 12 25 359    -5.1    0.1    1.6    0.4    0.0 -999.9 -999.9  330.0
climble 1994 12 26 360    -3.9   10.7    1.5    0.0    1.0 -999.9 -999.9  330.0
climble 1994 12 27 361     4.2   12.9    1.5    0.0    6.0 -999.9 -999.9  330.0
climble 1994 12 28 362    11.6   13.4    1.5    0.8    0.0 -999.9 -999.9  330.0
climble 1994 12 29 363     9.1   11.1    1.5    1.3    2.0 -999.9 -999.9  330.0
climble 1994 12 30 364     6.1    9.1    4.6    0.9    0.5 -999.9 -999.9  330.0
climble 1994 12 31 365     3.3    8.8    2.5    0.8    0.0 -999.9 -999.9  330.0
climble 1995  1  1   1     0.1    4.4    5.8    0.0    0.5 -999.9 -999.9  330.0
climble 1995  1  2   2    -1.6    2.4    4.0    0.2    0.5 -999.9 -999.9  330.0
climble 1995  1  3   3    -2.2    1.2    1.8    0.2    0.0 -999.9 -999.9  330.0
climble 1995  1  4   4    -2.0    1.4    5.7    0.0    0.0 -999.9 -999.9  330.0
climble 1995  1  5   5    -5.1   -1.0    2.4    0.5    0.0 -999.9 -999.9  330.0
climble 1995  1  6   6    -2.7    4.1    2.1    0.1    3.0 -999.9 -999.9  330.0
climble 1995  1  7   7    -0.4    6.0    5.5    0.0    0.0 -999.9 -999.9  330.0
climble 1995  1  8   8     0.5    8.0    1.6    0.0    5.0 -999.9 -999.9  330.0
climble 1995  1  9   9     0.9    8.8    3.0    0.0    1.0 -999.9 -999.9  330.0
climble 1995  1 10  10     6.4   10.6    2.0    0.2   10.0 -999.9 -999.9  330.0
climble 1995  1 11  11     1.7    7.1    2.5    0.4    1.0 -999.9 -999.9  330.0
climble 1995  1 12  12    -0.2    5.3    2.6    0.5    1.0 -999.9 -999.9  330.0
climble 1995  1 13  13     0.0    5.5    1.7    0.3    0.0 -999.9 -999.9  330.0
climble 1995  1 14  14     3.3    7.0    1.9    0.4    0.0 -999.9 -999.9  330.0
climble 1995  1 15  15     3.9   10.9    3.5    0.3    0.0 -999.9 -999.9  330.0
climble 1995  1 16  16    -0.2    5.9    4.2    0.0    0.0 -999.9 -999.9  330.0
climble 1995  1 17  17     3.5   11.0    3.2    1.8    6.0 -999.9 -999.9  330.0
climble 1995  1 18  18     5.0    7.0    2.1    0.5    1.0 -999.9 -999.9  330.0
climble 1995  1 19  19     2.1    9.3    1.8    1.0    1.0 -999.9 -999.9  330.0
climble 1995  1 20  20     5.0    9.9    4.3    1.1    1.0 -999.9 -999.9  330.0
climble 1995  1 21  21     2.6   11.9    1.9    0.5   23.0 -999.9 -999.9  330.0
climble 1995  1 22  22     7.4   14.0    1.9    0.2   10.5 -999.9 -999.9  330.0
climble 1995  1 23  23     5.3    8.5    4.5    1.2    0.0 -999.9 -999.9  330.0
climble 1995  1 24  24     3.6   12.3    2.0    1.6   10.5 -999.9 -999.9  330.0
climble 1995  1 25  25     4.8   14.4    2.0    0.0    1.0 -999.9 -999.9  330.0
climble 1995  1 26  26     4.5   11.2    2.1    0.9    7.0 -999.9 -999.9  330.0
climble 1995  1 27  27     0.6   10.5    2.5    0.8    7.5 -999.9 -999.9  330.0
climble 1995  1 28  28     6.3   11.2    4.6    0.9    0.0 -999.9 -999.9  330.0
climble 1995  1 29  29     7.7   11.3    2.1    0.8    2.5 -999.9 -999.9  330.0
climble 1995  1 30  30     3.2    8.3    4.3    0.3    4.0 -999.9 -999.9  330.0
climble 1995  1 31  31    -1.3    9.8    2.2    0.5    0.0 -999.9 -999.9  330.0
climble 1995  2  1  32     8.1   12.3    3.5    1.2    9.5 -999.9 -999.9  330.0
climble 1995  2  2  33     5.1    9.5    8.1    0.2    0.0 -999.9 -999.9  330.0
climble 1995  2  3  34     2.7    9.8    4.0    0.8    5.0 -999.9 -999.9  330.0
climble 1995  2  4  35     7.2   11.9    2.3    0.3    3.0 -999.9 -999.9  330.0
climble 1995  2  5  36     5.4   11.4    2.4    0.3    0.0 -999.9 -999.9  330.0
climble 1995  2  6  37     8.8   10.1    2.4    0.6    0.0 -999.9 -999.9  330.0
climble 1995  2  7  38     5.7    9.5    2.5    0.6    0.0 -999.9 -999.9  330.0
climble 1995  2  8  39     7.2   10.7    2.8    0.4    0.0 -999.9 -999.9  330.0
climble 1995  2  9  40     3.1    7.9    3.9    0.3    2.0 -999.9 -999.9  330.0
climble 1995  2 10  41     1.6   10.8    3.6    0.0    1.5 -999.9 -999.9  330.0
climble 1995  2 11  42     7.9   11.0    2.8    0.5    1.5 -999.9 -999.9  330.0
climble 1995  2 12  43     6.7   12.4    9.7    0.8    0.0 -999.9 -999.9  330.0
climble 1995  2 13  44     8.5   10.9    2.7    0.7    4.5 -999.9 -999.9  330.0
climble 1995  2 14  45     4.9   12.7    8.3    1.1    3.0 -999.9 -999.9  330.0
climble 1995  2 15  46     8.2   14.7    7.1    1.4    5.5 -999.9 -999.9  330.0
climble 1995  2 16  47     6.3   11.0    6.0    1.5    3.0 -999.9 -999.9  330.0
climble 1995  2 17  48     5.8    9.9    3.8    1.4    0.0 -999.9 -999.9  330.0
climble 1995  2 18  49     3.7   10.1    8.5    1.1    0.0 -999.9 -999.9  330.0
climble 1995  2 19  50     6.2   11.1    3.0    0.7    2.0 -999.9 -999.9  330.0
climble 1995  2 20  51     8.5   12.7    3.2    0.6    3.0 -999.9 -999.9  330.0
climble 1995  2 21  52     4.9    9.3    4.9    1.2    0.5 -999.9 -999.9  330.0
climble 1995  2 22  53     0.6    8.8   11.2    1.1    3.0 -999.9 -999.9  330.0
climble 1995  2 23  54     1.7    9.3    6.5    1.3    4.0 -999.9 -999.9  330.0
climble 1995  2 24  55     4.6    9.8    3.3    0.7    8.5 -999.9 -999.9  330.0
climble 1995  2 25  56     6.4   10.8    7.7    1.5    1.5 -999.9 -999.9  330.0
climble 1995  2 26  57     1.7    7.5    9.3    0.9    0.5 -999.9 -999.9  330.0
climble 1995  2 27  58    -2.2    8.8   10.9    1.0    0.0 -999.9 -999.9  330.0
climble 1995  2 28  59     6.5   12.9    4.2    1.3    0.0 -999.9 -999.9  330.0
climble 1995  3  1  60     6.6   10.8    8.2    1.3    0.5 -999.9 -999.9  330.0
climble 1995  3  2  61     3.0    9.1    8.2    1.9    5.5 -999.9 -999.9  330.0
climble 1995  3  3  62     2.1    7.6   10.6    1.5    0.5 -999.9 -999.9  330.0
climble 1995  3  4  63     0.8    6.6    5.9    0.9    1.0 -999.9 -999.9  330.0
climble 1995  3  5  64     1.0    7.7    3.8    0.9    2.5 -999.9 -999.9  330.0
climble 1995  3  6  65     2.4    8.3    9.9    1.5    0.5 -999.9 -999.9  330.0
climble 1995  3  7  66     0.0    8.8    9.7    1.2    7.5 -999.9 -999.9  330.0
climble 1995  3  8  67     2.1    8.9    7.9    1.7    1.5 -999.9 -999.9  330.0
climble 1995  3  9  68     0.1    9.7   14.0    1.3    0.0 -999.9 -999.9  330.0
climble 1995  3 10  69     1.7   13.3   14.6    1.4    0.0 -999.9 -999.9  330.0
climble 1995  3 11  70     3.6   17.1   15.3    1.5    0.0 -999.9 -999.9  330.0
climble 1995  3 12  71     6.6   14.0    5.5    1.7    0.0 -999.9 -999.9  330.0
climble 1995  3 13  72     5.6   13.2   14.7    1.9    0.0 -999.9 -999.9  330.0
climble 1995  3 14  73    -1.1    7.8    4.4    0.7    2.5 -999.9 -999.9  330.0
climble 1995  3 15  74     3.5   10.4    7.2    1.6    1.5 -999.9 -999.9  330.0
climble 1995  3 16  75     0.6   10.6   10.1    1.8    2.0 -999.9 -999.9  330.0
climble 1995  3 17  76     6.8   14.5    5.7    2.0    4.0 -999.9 -999.9  330.0
climble 1995  3 18  77     6.2   11.5    5.0    1.6   16.0 -999.9 -999.9  330.0
climble 1995  3 19  78     6.2    8.8    6.1    1.2    1.5 -999.9 -999.9  330.0
climble 1995  3 20  79    -0.4    8.5   13.1    1.3    0.0 -999.9 -999.9  330.0
climble 1995  3 21  80    -0.4    9.7   14.1    1.6    0.0 -999.9 -999.9  330.0
climble 1995  3 22  81    -0.4   11.1   18.9    1.7    0.0 -999.9 -999.9  330.0
climble 1995  3 23  82     0.0   17.5   19.8    2.2    0.0 -999.9 -999.9  330.0
climble 1995  3 24  83     3.7   16.1   16.0    2.4    0.0 -999.9 -999.9  330.0
climble 1995  3 25  84     5.2   11.5    4.8    0.9    0.0 -999.9 -999.9  330.0
climble 1995  3 26  85     8.0   14.5    8.0    2.9    0.0 -999.9 -999.9  330.0
climble 1995  3 27  86     3.2    9.6    8.5    2.0    3.0 -999.9 -999.9  330.0
climble 1995  3 28  87    -2.5    9.8    4.9    1.1    5.0 -999.9 -999.9  330.0
climble 1995  3 29  88     2.6    7.8   16.0    2.7    0.0 -999.9 -999.9  330.0
climble 1995  3 30  89    -1.7   10.9   18.4    2.0    0.0 -999.9 -999.9  330.0
climble 1995  3 31  90     3.1    9.7    5.1    0.5    0.5 -999.9 -999.9  330.0
climble 1995  4  1  91     8.3   12.2    5.1    0.5    0.0 -999.9 -999.9  330.0
climble 1995  4  2  92     8.5   19.1   14.1    2.3    0.0 -999.9 -999.9  330.0
climble 1995  4  3  93     6.0   21.0   19.4    2.7    0.0 -999.9 -999.9  330.0
climble 1995  4  4  94     7.6   14.1    5.3    1.4    0.0 -999.9 -999.9  330.0
climble 1995  4  5  95     5.0   18.2   16.6    2.4    0.0 -999.9 -999.9  330.0
climble 1995  4  6  96     6.7   12.4    5.4    0.7    0.0 -999.9 -999.9  330.0
climble 1995  4  7  97     9.8   18.0   10.9    2.9    0.0 -999.9 -999.9  330.0
climble 1995  4  8  98     5.8   12.0   21.5    3.3    0.0 -999.9 -999.9  330.0
climble 1995  4  9  99    -0.4   11.8   22.1    2.4    0.0 -999.9 -999.9  330.0
climble 1995  4 10 100     1.9   14.2   15.8    2.3    0.0 -999.9 -999.9  330.0
climble 1995  4 11 101     4.1   16.5   20.6    2.6    0.0 -999.9 -999.9  330.0
climble 1995  4 12 102     4.7   18.1   18.7    3.1    0.0 -999.9 -999.9  330.0
climble 1995  4 13 103     4.5   13.8    8.4    2.9    0.0 -999.9 -999.9  330.0
climble 1995  4 14 104     6.0   13.8   12.6    2.9    0.0 -999.9 -999.9  330.0
climble 1995  4 15 105     2.9   12.5    7.6    1.3    0.0 -999.9 -999.9  330.0
climble 1995  4 16 106     4.4   10.1   10.3    1.7    0.0 -999.9 -999.9  330.0
climble 1995  4 17 107     6.2   11.3    5.9    1.0    0.0 -999.9 -999.9  330.0
climble 1995  4 18 108     8.4   11.6    6.0    1.4   13.5 -999.9 -999.9  330.0
climble 1995  4 19 109     4.0    9.8   10.4    2.1    0.0 -999.9 -999.9  330.0
climble 1995  4 20 110    -1.5   10.8   19.0    2.1    0.5 -999.9 -999.9  330.0
climble 1995  4 21 111     0.3    9.2    7.5    1.2    3.5 -999.9 -999.9  330.0
climble 1995  4 22 112     6.4   13.2   14.5    3.1    0.0 -999.9 -999.9  330.0
climble 1995  4 23 113     3.2   12.0    6.8    1.4    9.5 -999.9 -999.9  330.0
climble 1995  4 24 114     7.0    8.3    6.2    0.1   11.5 -999.9 -999.9  330.0
climble 1995  4 25 115     7.5   11.1    6.3    0.3    4.5 -999.9 -999.9  330.0
climble 1995  4 26 116     8.9   13.6    6.5    0.9    9.0 -999.9 -999.9  330.0
climble 1995  4 27 117     7.7   10.1    6.4    0.7    0.0 -999.9 -999.9  330.0
climble 1995  4 28 118     6.7   11.8    6.4    1.6    0.0 -999.9 -999.9  330.0
climble 1995  4 29 119     5.1   15.6    6.6    1.3    5.5 -999.9 -999.9  330.0
climble 1995  4 30 120     8.7   14.9    7.4    1.8    0.0 -999.9 -999.9  330.0
climble 1995  5  1 121     5.7   17.0   14.2    3.0    0.0 -999.9 -999.9  330.0
climble 1995  5  2 122     7.6   21.8   25.9    3.4    0.0 -999.9 -999.9  330.0
climble 1995  5  3 123     8.3   23.1   27.6    4.1    0.0 -999.9 -999.9  330.0
climble 1995  5  4 124     9.2   26.6   26.7    3.9    0.0 -999.9 -999.9  330.0
climble 1995  5  5 125    11.8   28.1   26.3    4.2    0.0 -999.9 -999.9  330.0
climble 1995  5  6 126    11.3   27.5   25.8    4.5    0.0 -999.9 -999.9  330.0
climble 1995  5  7 127    10.7   25.4   25.7    4.6    0.0 -999.9 -999.9  330.0
climble 1995  5  8 128    11.4   22.4   27.5    4.9    0.0 -999.9 -999.9  330.0
climble 1995  5  9 129     6.3   17.6   21.1    4.1    0.0 -999.9 -999.9  330.0
climble 1995  5 10 130     7.1   18.2   17.5    3.5    0.0 -999.9 -999.9  330.0
climble 1995  5 11 131     7.8   16.5   15.6    3.7    0.0 -999.9 -999.9  330.0
climble 1995  5 12 132     7.7   13.6    6.9    2.8   27.5 -999.9 -999.9  330.0
climble 1995  5 13 133     3.1   10.0    8.9    1.9    9.5 -999.9 -999.9  330.0
climble 1995  5 14 134     0.5   13.2   17.7    2.7    0.0 -999.9 -999.9  330.0
climble 1995  5 15 135     3.1   14.8   19.3    2.9    0.0 -999.9 -999.9  330.0
climble 1995  5 16 136     7.2   14.6   10.3    2.0   16.0 -999.9 -999.9  330.0
climble 1995  5 17 137     9.7   15.3   12.2    4.0    4.0 -999.9 -999.9  330.0
climble 1995  5 18 138     6.1   12.6   13.7    3.0    2.0 -999.9 -999.9  330.0
climble 1995  5 19 139     2.0   15.4   23.9    3.6    0.0 -999.9 -999.9  330.0
climble 1995  5 20 140     2.8   15.8   19.2    3.2    0.0 -999.9 -999.9  330.0
climble 1995  5 21 141     3.7   17.7   22.5    3.7    0.0 -999.9 -999.9  330.0
climble 1995  5 22 142     5.7   19.7   24.3    3.9    0.0 -999.9 -999.9  330.0
climble 1995  5 23 143     9.0   23.3   25.8    4.6    0.0 -999.9 -999.9  330.0
climble 1995  5 24 144    13.8   18.0    7.3    1.9    1.0 -999.9 -999.9  330.0
climble 1995  5 25 145    10.4   16.9    8.9    2.1    6.0 -999.9 -999.9  330.0
climble 1995  5 26 146     9.3   20.8   27.1    4.5    0.0 -999.9 -999.9  330.0
climble 1995  5 27 147    10.3   22.5   21.4    4.7    0.0 -999.9 -999.9  330.0
climble 1995  5 28 148    12.3   19.8    8.5    1.7    4.5 -999.9 -999.9  330.0
climble 1995  5 29 149    10.1   20.2   16.3    4.5    0.0 -999.9 -999.9  330.0
climble 1995  5 30 150    10.7   17.6   11.6    3.1    3.0 -999.9 -999.9  330.0
climble 1995  5 31 151     6.4   19.8   18.6    4.0    0.0 -999.9 -999.9  330.0
climble 1995  6  1 152     7.0   18.7    9.2    2.5    1.5 -999.9 -999.9  330.0
climble 1995  6  2 153     9.9   19.5   19.2    4.1    0.0 -999.9 -999.9  330.0
climble 1995  6  3 154    10.0   16.7    7.6    3.0    2.0 -999.9 -999.9  330.0
climble 1995  6  4 155    10.9   17.4   11.1    3.4    3.5 -999.9 -999.9  330.0
climble 1995  6  5 156     8.3   18.0   10.6    3.4    1.0 -999.9 -999.9  330.0
climble 1995  6  6 157     6.8   19.2   11.8    3.3    0.0 -999.9 -999.9  330.0
climble 1995  6  7 158    11.1   18.8    8.4    3.0    4.5 -999.9 -999.9  330.0
climble 1995  6  8 159     9.0   18.0   20.1    4.2    0.5 -999.9 -999.9  330.0
climble 1995  6  9 160     4.9   18.9   25.9    3.9    0.0 -999.9 -999.9  330.0
climble 1995  6 10 161     5.7   17.9   11.0    3.4    0.0 -999.9 -999.9  330.0
climble 1995  6 11 162     5.2   17.2   10.5    3.4    0.5 -999.9 -999.9  330.0
climble 1995  6 12 163    10.2   17.3   13.3    4.0    0.0 -999.9 -999.9  330.0
climble 1995  6 13 164     8.4   14.9    9.1    2.6    0.5 -999.9 -999.9  330.0
climble 1995  6 14 165     7.0   15.8    8.6    2.3    0.5 -999.9 -999.9  330.0
climble 1995  6 15 166     6.2   17.6   11.7    3.3    0.0 -999.9 -999.9  330.0
climble 1995  6 16 167     9.2   22.2   18.0    4.4    0.0 -999.9 -999.9  330.0
climble 1995  6 17 168    10.9   17.8    7.8    3.4    2.0 -999.9 -999.9  330.0
climble 1995  6 18 169    13.1   20.0    7.8    2.4    0.0 -999.9 -999.9  330.0
climble 1995  6 19 170    10.9   25.0   31.7    5.2    0.0 -999.9 -999.9  330.0
climble 1995  6 20 171    14.6   27.9   17.9    4.2    0.0 -999.9 -999.9  330.0
climble 1995  6 21 172    13.6   25.5   24.1    5.3    0.0 -999.9 -999.9  330.0
climble 1995  6 22 173     8.8   19.2   23.4    5.7    0.0 -999.9 -999.9  330.0
climble 1995  6 23 174     8.6   19.3   18.9    5.0    0.0 -999.9 -999.9  330.0
climble 1995  6 24 175    11.2   20.2   18.7    5.4    0.0 -999.9 -999.9  330.0
climble 1995  6 25 176    11.9   23.1   20.1    4.7    0.0 -999.9 -999.9  330.0
climble 1995  6 26 177    13.2   25.9   29.6    5.6    0.0 -999.9 -999.9  330.0
climble 1995  6 27 178    15.7   27.6   28.9    5.9    0.0 -999.9 -999.9  330.0
climble 1995  6 28 179    17.2   29.6   29.4    6.5    0.0 -999.9 -999.9  330.0
climble 1995  6 29 180    15.6   29.7   32.1    6.6    0.0 -999.9 -999.9  330.0
climble 1995  6 30 181    16.2   32.5   31.8    6.0    0.0 -999.9 -999.9  330.0
climble 1995  7  1 182    16.4   31.6   18.9    4.6    0.0 -999.9 -999.9  330.0
climble 1995  7  2 183    16.3   25.4   11.8    3.0   35.5 -999.9 -999.9  330.0
climble 1995  7  3 184    13.6   19.2    8.0    2.2    1.5 -999.9 -999.9  330.0
climble 1995  7  4 185     8.3   22.4   20.0    4.2    0.0 -999.9 -999.9  330.0
climble 1995  7  5 186     9.5   20.6   16.0    3.2    0.0 -999.9 -999.9  330.0
climble 1995  7  6 187    10.5   23.4   22.1    4.0    0.0 -999.9 -999.9  330.0
climble 1995  7  7 188    11.7   27.0   31.1    5.1    0.0 -999.9 -999.9  330.0
climble 1995  7  8 189    13.3   29.1   25.9    5.1    0.0 -999.9 -999.9  330.0
climble 1995  7  9 190    17.4   32.3   28.2    6.0    0.0 -999.9 -999.9  330.0
climble 1995  7 10 191    19.1   33.3   25.7    6.3   14.0 -999.9 -999.9  330.0
climble 1995  7 11 192    18.0   28.1   13.1    4.0    1.0 -999.9 -999.9  330.0
climble 1995  7 12 193    15.2   28.7   25.2    5.4    0.0 -999.9 -999.9  330.0
climble 1995  7 13 194    16.8   30.8   21.3    5.3    0.0 -999.9 -999.9  330.0
climble 1995  7 14 195    16.4   25.3   17.5    4.7    2.0 -999.9 -999.9  330.0
climble 1995  7 15 196    15.2   23.5   12.8    3.0   18.5 -999.9 -999.9  330.0
climble 1995  7 16 197    14.9   23.1   12.2    3.8    0.0 -999.9 -999.9  330.0
climble 1995  7 17 198    15.2   24.7    9.7    4.0    0.0 -999.9 -999.9  330.0
climble 1995  7 18 199    15.2   27.4   26.9    5.5    0.0 -999.9 -999.9  330.0
climble 1995  7 19 200    15.4   28.7   20.9    4.7    0.0 -999.9 -999.9  330.0
climble 1995  7 20 201    17.4   33.8   30.0    5.8    0.0 -999.9 -999.9  330.0
climble 1995  7 21 202    20.1   37.1   25.0    6.0    3.0 -999.9 -999.9  330.0
climble 1995  7 22 203    15.5   22.1   15.5    2.9    1.5 -999.9 -999.9  330.0
climble 1995  7 23 204     9.3   24.4   30.1    4.9    0.0 -999.9 -999.9  330.0
climble 1995  7 24 205    10.5   27.5   30.1    5.2    0.0 -999.9 -999.9  330.0
climble 1995  7 25 206    13.6   31.5   29.9    6.7    0.0 -999.9 -999.9  330.0
climble 1995  7 26 207    19.9   29.7   16.8    5.3    0.5 -999.9 -999.9  330.0
climble 1995  7 27 208    16.0   22.1    9.4    2.0    5.5 -999.9 -999.9  330.0
climble 1995  7 28 209    16.7   24.7   12.1    3.7    0.0 -999.9 -999.9  330.0
climble 1995  7 29 210    17.9   27.3   19.0    4.6    0.0 -999.9 -999.9  330.0
climble 1995  7 30 211    15.4   29.9   26.7    4.9    0.0 -999.9 -999.9  330.0
climble 1995  7 31 212    17.0   32.0   24.4    5.3    0.0 -999.9 -999.9  330.0
climble 1995  8  1 213    15.5   33.7   27.1    5.0    0.0 -999.9 -999.9  330.0
climble 1995  8  2 214    17.6   35.3   26.4    5.7    0.0 -999.9 -999.9  330.0
climble 1995  8  3 215    18.2   32.4   27.8    5.7    0.0 -999.9 -999.9  330.0
climble 1995  8  4 216    14.4   31.8   27.8    5.6    0.0 -999.9 -999.9  330.0
climble 1995  8  5 217    14.8   32.8   24.6    5.5    2.0 -999.9 -999.9  330.0
climble 1995  8  6 218    17.8   27.3   15.0    4.4    7.0 -999.9 -999.9  330.0
climble 1995  8  7 219    15.4   17.5    6.7    0.3   16.0 -999.9 -999.9  330.0
climble 1995  8  8 220    14.7   19.7    7.9    4.0    0.0 -999.9 -999.9  330.0
climble 1995  8  9 221    12.9   26.9   24.9    5.1    0.0 -999.9 -999.9  330.0
climble 1995  8 10 222    13.7   28.9   22.2    5.3    0.0 -999.9 -999.9  330.0
climble 1995  8 11 223    16.5   31.7   25.0    4.8    0.0 -999.9 -999.9  330.0
climble 1995  8 12 224    15.9   32.0   22.5    4.8    9.0 -999.9 -999.9  330.0
climble 1995  8 13 225    16.3   25.4   11.7    3.5    0.0 -999.9 -999.9  330.0
climble 1995  8 14 226    11.6   24.0   15.7    3.6    0.0 -999.9 -999.9  330.0
climble 1995  8 15 227    11.1   25.1   26.0    4.2    0.0 -999.9 -999.9  330.0
climble 1995  8 16 228    12.5   27.6   25.6    4.2    0.0 -999.9 -999.9  330.0
climble 1995  8 17 229    14.5   28.1   24.8    4.9    0.0 -999.9 -999.9  330.0
climble 1995  8 18 230    13.7   28.3   25.0    4.5    0.0 -999.9 -999.9  330.0
climble 1995  8 19 231    13.8   30.9   24.9    3.9    0.0 -999.9 -999.9  330.0
climble 1995  8 20 232    16.0   30.3   17.3    4.6    0.0 -999.9 -999.9  330.0
climble 1995  8 21 233    17.0   28.5   22.9    4.6    0.0 -999.9 -999.9  330.0
climble 1995  8 22 234    15.4   29.5   21.0    3.9    0.0 -999.9 -999.9  330.0
climble 1995  8 23 235    16.3   28.7   12.9    3.1   13.0 -999.9 -999.9  330.0
climble 1995  8 24 236    15.1   24.6   16.8    3.9    0.0 -999.9 -999.9  330.0
climble 1995  8 25 237    14.6   24.9    9.8    3.1    0.0 -999.9 -999.9  330.0
climble 1995  8 26 238    14.2   23.6   13.5    3.7    0.0 -999.9 -999.9  330.0
climble 1995  8 27 239    14.4   24.2   11.4    3.8    0.0 -999.9 -999.9  330.0
climble 1995  8 28 240    10.1   20.2   16.3    3.4    0.0 -999.9 -999.9  330.0
climble 1995  8 29 241     9.6   19.4    7.9    2.5    0.0 -999.9 -999.9  330.0
climble 1995  8 30 242    10.8   20.0   12.5    2.6    0.0 -999.9 -999.9  330.0
climble 1995  8 31 243    11.7   20.8    8.5    2.7    0.0 -999.9 -999.9  330.0
climble 1995  9  1 244     8.2   21.8   18.4    2.9    0.0 -999.9 -999.9  330.0
climble 1995  9  2 245    13.2   21.4    6.1    2.3    1.5 -999.9 -999.9  330.0
climble 1995  9  3 246    11.0   19.6   11.8    3.4    0.0 -999.9 -999.9  330.0
climble 1995  9  4 247     7.0   18.9   10.0    2.2    0.0 -999.9 -999.9  330.0
climble 1995  9  5 248    11.6   19.5    9.6    2.3    1.5 -999.9 -999.9  330.0
climble 1995  9  6 249     7.5   23.3   16.7    3.5    8.0 -999.9 -999.9  330.0
climble 1995  9  7 250    14.4   17.8    5.5    1.9   11.0 -999.9 -999.9  330.0
climble 1995  9  8 251    15.5   20.1    9.4    3.3    0.5 -999.9 -999.9  330.0
climble 1995  9  9 252    12.8   21.2   15.2    3.5    0.0 -999.9 -999.9  330.0
climble 1995  9 10 253    13.9   20.4    5.2    1.7    9.5 -999.9 -999.9  330.0
climble 1995  9 11 254    14.4   20.7   13.6    3.7    0.0 -999.9 -999.9  330.0
climble 1995  9 12 255    10.6   17.4    6.3    1.7   17.0 -999.9 -999.9  330.0
climble 1995  9 13 256     6.9   19.8   16.2    2.4    0.0 -999.9 -999.9  330.0
climble 1995  9 14 257     7.0   20.0    7.8    2.2    2.0 -999.9 -999.9  330.0
climble 1995  9 15 258     9.5   17.1    7.7    1.6    2.0 -999.9 -999.9  330.0
climble 1995  9 16 259    12.0   17.4    5.1    1.5    3.5 -999.9 -999.9  330.0
climble 1995  9 17 260     8.2   18.9    9.7    1.9    2.0 -999.9 -999.9  330.0
climble 1995  9 18 261    13.5   20.4    8.4    1.5    3.0 -999.9 -999.9  330.0
climble 1995  9 19 262    11.9   22.0    6.4    2.1    0.0 -999.9 -999.9  330.0
climble 1995  9 20 263    13.1   18.4    9.4    2.6    0.0 -999.9 -999.9  330.0
climble 1995  9 21 264     7.9   18.6    9.6    1.8    0.0 -999.9 -999.9  330.0
climble 1995  9 22 265     7.1   20.7   12.1    1.6    0.5 -999.9 -999.9  330.0
climble 1995  9 23 266     7.8   18.0    5.4    1.0    0.0 -999.9 -999.9  330.0
climble 1995  9 24 267    11.4   17.3    7.3    1.8    6.0 -999.9 -999.9  330.0
climble 1995  9 25 268     6.8   17.1   14.7    1.6    0.0 -999.9 -999.9  330.0
climble 1995  9 26 269     6.8   17.7    5.1    1.7    0.0 -999.9 -999.9  330.0
climble 1995  9 27 270    13.3   17.7    5.0    1.9    2.0 -999.9 -999.9  330.0
climble 1995  9 28 271     5.2   15.1   10.6    1.5    0.5 -999.9 -999.9  330.0
climble 1995  9 29 272     3.6   16.9   15.8    1.2    0.0 -999.9 -999.9  330.0
climble 1995  9 30 273     3.1   17.4   14.3    1.6    0.5 -999.9 -999.9  330.0
climble 1995 10  1 274    11.8   20.5    6.6    1.8    0.0 -999.9 -999.9  330.0
climble 1995 10  2 275    10.4   20.1    7.2    1.7    0.5 -999.9 -999.9  330.0
climble 1995 10  3 276    14.1   21.0    9.2    1.9    0.0 -999.9 -999.9  330.0
climble 1995 10  4 277    15.3   21.2    4.9    2.7    2.5 -999.9 -999.9  330.0
climble 1995 10  5 278    12.2   18.2   10.9    1.8    0.0 -999.9 -999.9  330.0
climble 1995 10  6 279     8.7   20.3   12.5    1.8    0.0 -999.9 -999.9  330.0
climble 1995 10  7 280    10.8   22.9   14.3    1.4    0.0 -999.9 -999.9  330.0
climble 1995 10  8 281    10.9   24.3   15.8    1.4    0.0 -999.9 -999.9  330.0
climble 1995 10  9 282    11.6   25.8   13.8    1.6    0.5 -999.9 -999.9  330.0
climble 1995 10 10 283    11.1   26.7   14.4    1.2    0.0 -999.9 -999.9  330.0
climble 1995 10 11 284    11.6   21.0    6.8    1.0    0.5 -999.9 -999.9  330.0
climble 1995 10 12 285    11.0   26.5   12.2    1.3    0.0 -999.9 -999.9  330.0
climble 1995 10 13 286    11.4   19.3    7.7    0.9    0.5 -999.9 -999.9  330.0
climble 1995 10 14 287    10.5   21.9   13.1    0.9    0.5 -999.9 -999.9  330.0
climble 1995 10 15 288    11.3   16.1    3.4    0.3    2.0 -999.9 -999.9  330.0
climble 1995 10 16 289     9.3   17.7    5.3    0.8    0.0 -999.9 -999.9  330.0
climble 1995 10 17 290     9.9   21.7    9.6    1.0    0.0 -999.9 -999.9  330.0
climble 1995 10 18 291    14.4   19.9    7.3    1.4    0.5 -999.9 -999.9  330.0
climble 1995 10 19 292     9.6   16.0    6.7    1.3    0.0 -999.9 -999.9  330.0
climble 1995 10 20 293     6.7   16.2    3.5    1.2    0.0 -999.9 -999.9  330.0
climble 1995 10 21 294     8.5   15.0    6.3    1.2    0.0 -999.9 -999.9  330.0
climble 1995 10 22 295     1.6   15.7   12.7    0.3    0.0 -999.9 -999.9  330.0
climble 1995 10 23 296     5.5   19.9   11.9    0.7    0.0 -999.9 -999.9  330.0
climble 1995 10 24 297    10.8   21.8   11.6    2.0    1.0 -999.9 -999.9  330.0
climble 1995 10 25 298    12.4   17.9   10.5    1.5    0.0 -999.9 -999.9  330.0
climble 1995 10 26 299     8.0   19.8    3.5    0.8    0.0 -999.9 -999.9  330.0
climble 1995 10 27 300    15.2   17.4    2.8    0.7    0.0 -999.9 -999.9  330.0
climble 1995 10 28 301    11.3   14.6    2.8    0.3    1.0 -999.9 -999.9  330.0
climble 1995 10 29 302    10.2   12.5    2.7    0.1    0.0 -999.9 -999.9  330.0
climble 1995 10 30 303     5.9   13.2   10.4    0.2    0.0 -999.9 -999.9  330.0
climble 1995 10 31 304     1.2   10.8    4.0    0.2    0.5 -999.9 -999.9  330.0
climble 1995 11  1 305     5.3    9.4    2.6    0.5    0.0 -999.9 -999.9  330.0
climble 1995 11  2 306     2.7   12.7    5.6    0.5    0.0 -999.9 -999.9  330.0
climble 1995 11  3 307     4.1   11.0    4.3    0.5    0.0 -999.9 -999.9  330.0
climble 1995 11  4 308     1.4    8.8    9.1    0.5    0.0 -999.9 -999.9  330.0
climble 1995 11  5 309    -4.2    5.3    9.6    0.3    0.0 -999.9 -999.9  330.0
climble 1995 11  6 310    -5.0    9.4    9.8    0.1    0.5 -999.9 -999.9  330.0
climble 1995 11  7 311    -4.5    9.0    4.7    0.4    0.0 -999.9 -999.9  330.0
climble 1995 11  8 312    -0.4   13.2    4.3    0.4    0.0 -999.9 -999.9  330.0
climble 1995 11  9 313     4.6   13.7    8.4    0.1    0.0 -999.9 -999.9  330.0
climble 1995 11 10 314     3.8   13.9    3.6    0.9    0.5 -999.9 -999.9  330.0
climble 1995 11 11 315    10.1   18.5    2.7    2.6    0.0 -999.9 -999.9  330.0
climble 1995 11 12 316    11.2   16.1    2.2    2.1    1.0 -999.9 -999.9  330.0
climble 1995 11 13 317     7.5   10.3    2.1    0.4    0.5 -999.9 -999.9  330.0
climble 1995 11 14 318     5.6    9.1    2.1    0.4    1.0 -999.9 -999.9  330.0
climble 1995 11 15 319     8.1   11.2    2.1    0.6    1.5 -999.9 -999.9  330.0
climble 1995 11 16 320     9.5   14.6    3.9    1.6    4.0 -999.9 -999.9  330.0
climble 1995 11 17 321     3.0    8.4    4.9    0.5    0.5 -999.9 -999.9  330.0
climble 1995 11 18 322    -1.6    6.6    7.3    0.0    0.0 -999.9 -999.9  330.0
climble 1995 11 19 323    -2.3    8.4    6.0    0.2    0.5 -999.9 -999.9  330.0
climble 1995 11 20 324    -1.0   10.0    7.5    0.0    0.0 -999.9 -999.9  330.0
climble 1995 11 21 325     0.5    7.4    2.5    0.6    0.5 -999.9 -999.9  330.0
climble 1995 11 22 326     5.3    9.5    1.9    0.0    0.0 -999.9 -999.9  330.0
climble 1995 11 23 327     7.3   11.1    1.9    0.5    0.0 -999.9 -999.9  330.0
climble 1995 11 24 328     6.0   11.1    2.8    0.6    0.0 -999.9 -999.9  330.0
climble 1995 11 25 329     5.4   13.4    6.4    0.1    0.5 -999.9 -999.9  330.0
climble 1995 11 26 330     6.8    9.6    1.8    0.5    4.0 -999.9 -999.9  330.0
climble 1995 11 27 331     3.3    9.9    6.9    0.0    0.0 -999.9 -999.9  330.0
climble 1995 11 28 332     4.8    9.1    2.1    0.8    0.0 -999.9 -999.9  330.0
climble 1995 11 29 333     0.8    4.8    3.8    0.0    0.0 -999.9 -999.9  330.0
climble 1995 11 30 334     3.2    8.7    5.8    0.1    0.0 -999.9 -999.9  330.0
climble 1995 12  1 335    -0.1    9.4    3.6    0.0    0.5 -999.9 -999.9  330.0
climble 1995 12  2 336     6.1    8.8    1.7    0.0    1.5 -999.9 -999.9  330.0
climble 1995 12  3 337     7.0    8.1    1.6    0.0    2.5 -999.9 -999.9  330.0
climble 1995 12  4 338     2.0    6.0    3.0    0.5    0.0 -999.9 -999.9  330.0
climble 1995 12  5 339    -3.2   -0.8    1.6    0.4    0.0 -999.9 -999.9  330.0
climble 1995 12  6 340    -3.5   -1.2    1.6    0.3    0.0 -999.9 -999.9  330.0
climble 1995 12  7 341    -3.3    0.2    1.8    0.2    0.5 -999.9 -999.9  330.0
climble 1995 12  8 342    -3.6    2.0    1.6    0.1    0.5 -999.9 -999.9  330.0
climble 1995 12  9 343     0.3    5.8    1.6    0.1    0.0 -999.9 -999.9  330.0
climble 1995 12 10 344     0.7    2.1    1.5    0.2    0.0 -999.9 -999.9  330.0
climble 1995 12 11 345    -0.4    2.4    2.1    0.1    0.0 -999.9 -999.9  330.0
climble 1995 12 12 346    -0.5    4.2    1.5    0.1    0.0 -999.9 -999.9  330.0
climble 1995 12 13 347    -1.5    2.0    3.1    0.4    0.0 -999.9 -999.9  330.0
climble 1995 12 14 348    -3.3    0.5    1.5    0.1    0.0 -999.9 -999.9  330.0
climble 1995 12 15 349    -2.9    0.4    1.6    0.5    0.0 -999.9 -999.9  330.0
climble 1995 12 16 350    -2.8    3.1    2.1    0.1    2.0 -999.9 -999.9  330.0
climble 1995 12 17 351     1.2    7.0    1.5    0.0    0.5 -999.9 -999.9  330.0
climble 1995 12 18 352     4.1    6.1    1.5    0.0    0.0 -999.9 -999.9  330.0
climble 1995 12 19 353     2.0    5.4    1.5    0.0    1.0 -999.9 -999.9  330.0
climble 1995 12 20 354     3.3    8.0    1.5    0.2    4.0 -999.9 -999.9  330.0
climble 1995 12 21 355     2.2   10.4    1.5    0.0    7.5 -999.9 -999.9  330.0
climble 1995 12 22 356     9.2   11.8    1.5    0.3    6.4 -999.9 -999.9  330.0
climble 1995 12 23 357    10.4   12.0    1.5    0.7    1.4 -999.9 -999.9  330.0
climble 1995 12 24 358     6.5    9.8    1.5    0.3    4.2 -999.9 -999.9  330.0
climble 1995 12 25 359     3.9    5.2    1.5    0.3    0.0 -999.9 -999.9  330.0
climble 1995 12 26 360    -1.3    1.6    1.7    0.5    0.2 -999.9 -999.9  330.0
climble 1995 12 27 361    -2.1    2.3    1.6    0.4    0.0 -999.9 -999.9  330.0
climble 1995 12 28 362    -4.4   -0.9    1.9    0.7    0.0 -999.9 -999.9  330.0
climble 1995 12 29 363    -6.2   -1.2    1.6    0.5    0.0 -999.9 -999.9  330.0
climble 1995 12 30 364    -2.1    7.1    1.5    0.2   10.7 -999.9 -999.9  330.0
climble 1995 12 31 365     3.8    6.5    1.5    0.0    2.0 -999.9 -999.9  330.0
