 serres 2004  1  1   1    -3.5    5.0    4.1 -999.9    0.0    1.1    5.1  330.0
 serres 2004  1  2   2    -0.2    9.1    7.8 -999.9    0.0    4.9    6.0  330.0
 serres 2004  1  3   3     1.4    5.8    7.5 -999.9    0.0    4.1    5.5  330.0
 serres 2004  1  4   4    -5.9    5.7    7.6 -999.9    0.0    2.9    4.1  330.0
 serres 2004  1  5   5    -4.4    9.2    7.9 -999.9    0.0    3.6    4.6  330.0
 serres 2004  1  6   6    -3.2    9.2    6.4 -999.9    0.0    1.1    5.2  330.0
 serres 2004  1  7   7    -2.9    9.8    6.3 -999.9    0.0    0.8    6.1  330.0
 serres 2004  1  8   8    -0.4   13.2    5.8 -999.9    4.2    1.0    6.8  330.0
 serres 2004  1  9   9     5.6    8.0    1.5 -999.9    2.2    0.6    9.5  330.0
 serres 2004  1 10  10     3.2   14.0    7.3 -999.9    0.4    1.8    8.6  330.0
 serres 2004  1 11  11     3.5   13.7    3.3 -999.9    0.0    1.3    9.5  330.0
 serres 2004  1 12  12     6.3   12.1    0.7 -999.9    0.4    1.6   10.3  330.0
 serres 2004  1 13  13    10.6   16.6    2.4 -999.9    0.0    1.7   12.8  330.0
 serres 2004  1 14  14     7.1   12.0    2.5 -999.9    0.4    1.8    9.0  330.0
 serres 2004  1 15  15     4.5   11.2    8.8 -999.9    0.0    3.2    6.5  330.0
 serres 2004  1 16  16    -1.3    8.7    1.5 -999.9    3.4    1.0    6.4  330.0
 serres 2004  1 17  17     4.5    9.3    3.0 -999.9    5.6    1.6    9.2  330.0
 serres 2004  1 18  18     2.4    6.5    2.6 -999.9    0.0    4.6    6.5  330.0
 serres 2004  1 19  19     1.5    8.4    8.8 -999.9    0.0    4.2    5.0  330.0
 serres 2004  1 20  20     4.0   11.9    3.8 -999.9    0.0    6.3    7.6  330.0
 serres 2004  1 21  21     7.4   11.6    8.4 -999.9    0.0    6.7    7.0  330.0
 serres 2004  1 22  22     4.8   11.8    8.6 -999.9    1.8    3.6    6.1  330.0
 serres 2004  1 23  23     1.9   11.2    7.3 -999.9    0.0    0.9    7.6  330.0
 serres 2004  1 24  24    -1.3    8.8    2.9 -999.9    0.4    1.1    6.3  330.0
 serres 2004  1 25  25     3.3   10.2    8.1 -999.9    0.4    4.7    6.4  330.0
 serres 2004  1 26  26     1.0    8.1    1.5 -999.9    5.0    2.6    6.2  330.0
 serres 2004  1 27  27     0.1    9.6    9.1 -999.9    0.0    3.3    6.0  330.0
 serres 2004  1 28  28     1.4    8.0    7.7 -999.9    0.0    4.4    4.9  330.0
 serres 2004  1 29  29    -2.0    4.8    9.6 -999.9    0.2    4.5    4.4  330.0
 serres 2004  1 30  30    -6.9   10.1   10.4 -999.9    0.4    1.8    3.7  330.0
 serres 2004  1 31  31     2.7   10.1    1.5 -999.9    0.4    3.5    7.2  330.0
 serres 2004  2  1  32     5.0   16.8    9.9 -999.9    0.0    1.3    9.2  330.0
 serres 2004  2  2  33     0.1    6.1    3.4 -999.9    0.0    1.0    7.3  330.0
 serres 2004  2  3  34     2.2   12.0    6.1 -999.9    0.0    1.2    7.7  330.0
 serres 2004  2  4  35    -0.8    5.5    4.5 -999.9    0.0    1.0    6.8  330.0
 serres 2004  2  5  36     2.3    7.4    3.5 -999.9    0.0    0.8    7.5  330.0
 serres 2004  2  6  37    -1.2    9.1    4.2 -999.9    0.0    1.2    7.3  330.0
 serres 2004  2  7  38     5.7   14.6    9.3 -999.9    0.0    2.1    8.7  330.0
 serres 2004  2  8  39     3.6   13.6   12.0 -999.9    0.0    4.2    6.1  330.0
 serres 2004  2  9  40     6.3   12.6   12.3 -999.9    0.0    4.7    5.8  330.0
 serres 2004  2 10  41    -3.3   13.9   11.8 -999.9    0.0    1.3    5.2  330.0
 serres 2004  2 11  42    -3.2   12.4    7.3 -999.9    0.0    3.8    4.8  330.0
 serres 2004  2 12  43    -1.9   15.6   12.3 -999.9    0.0    2.1    6.4  330.0
 serres 2004  2 13  44    -2.4   14.2   11.7 -999.9    0.0    1.3    6.5  330.0
 serres 2004  2 14  45    -2.6   12.8   10.5 -999.9    0.0    1.0    6.3  330.0
 serres 2004  2 15  46    -2.5   13.0   12.5 -999.9    0.0    3.0    6.1  330.0
 serres 2004  2 16  47    -2.3   12.4    8.7 -999.9    0.0    1.4    6.0  330.0
 serres 2004  2 17  48     3.0   14.7   11.2 -999.9    0.0    1.3    7.7  330.0
 serres 2004  2 18  49    -1.3   12.6   10.8 -999.9    0.0    3.3    6.0  330.0
 serres 2004  2 19  50     3.1    8.0    7.6 -999.9    0.0    2.9    6.1  330.0
 serres 2004  2 20  51    -2.0   15.4    7.1 -999.9    4.6    1.6    7.3  330.0
 serres 2004  2 21  52     5.9   17.2    2.0 -999.9    4.4    5.9   10.1  330.0
 serres 2004  2 22  53    11.0   14.9    1.4 -999.9   14.4    1.9   12.2  330.0
 serres 2004  2 23  54     2.5    7.5    7.8 -999.9    0.0    4.8    6.7  330.0
 serres 2004  2 24  55     0.3    7.8   14.9 -999.9    0.0    4.4    5.1  330.0
 serres 2004  2 25  56    -2.5    5.6    2.5 -999.9    1.0    0.5    5.5  330.0
 serres 2004  2 26  57     3.2    8.4    7.6 -999.9    0.2    3.1    6.6  330.0
 serres 2004  2 27  58    -1.4    8.0   14.8 -999.9    0.0    3.6    4.3  330.0
 serres 2004  2 28  59    -5.1    6.7   13.8 -999.9    0.0    4.8    3.9  330.0
 serres 2004  2 29  60     0.4    6.7   16.0 -999.9    0.0    6.4    3.9  330.0
 serres 2004  3  1  61    -4.8    8.3   15.4 -999.9    0.0    3.7    4.0  330.0
 serres 2004  3  2  62    -5.7   10.3   15.8 -999.9    0.0    2.7    4.0  330.0
 serres 2004  3  3  63    -4.9   15.3   16.4 -999.9    0.0    2.0    4.7  330.0
 serres 2004  3  4  64    -2.2   17.1   13.1 -999.9    0.0    2.0    4.7  330.0
 serres 2004  3  5  65     2.9   16.1   10.5 -999.9    0.0    1.2    7.7  330.0
 serres 2004  3  6  66     7.8   10.4    3.0 -999.9    7.2    1.4    9.2  330.0
 serres 2004  3  7  67     3.4   12.5   17.1 -999.9    0.0    4.8    5.6  330.0
 serres 2004  3  8  68     2.5   11.1   16.6 -999.9    0.0    5.7    5.7  330.0
 serres 2004  3  9  69     3.0   11.6   17.8 -999.9    0.0    4.7    5.4  330.0
 serres 2004  3 10  70    -5.0   11.0   16.0 -999.9    0.0    1.7    4.5  330.0
 serres 2004  3 11  71     0.2   10.2   18.0 -999.9    0.0    3.7    4.7  330.0
 serres 2004  3 12  72     1.7   14.2    1.1 -999.9    0.2    5.0    5.4  330.0
 serres 2004  3 13  73    10.2   14.9    2.1 -999.9    1.0    3.1    9.0  330.0
 serres 2004  3 14  74     7.2   13.5    5.7 -999.9    0.2    0.8   11.2  330.0
 serres 2004  3 15  75     3.2   21.6   13.4 -999.9    0.0    1.0   10.1  330.0
 serres 2004  3 16  76     3.6   23.2   18.3 -999.9    0.2    1.4   10.0  330.0
 serres 2004  3 17  77     3.7   23.9   18.1 -999.9    0.0    1.4    9.6  330.0
 serres 2004  3 18  78     2.9   18.7   15.4 -999.9    0.0    1.1    9.5  330.0
 serres 2004  3 19  79     4.0   21.7   17.5 -999.9    0.0    1.2   10.0  330.0
 serres 2004  3 20  80     7.7   22.0   16.1 -999.9    0.0    1.9   11.0  330.0
 serres 2004  3 21  81     4.4   20.5   18.0 -999.9    0.0    2.6    9.5  330.0
 serres 2004  3 22  82     5.4   16.5   19.9 -999.9    0.0    3.9    6.8  330.0
 serres 2004  3 23  83     5.2   11.5   18.2 -999.9    0.0    6.4    6.3  330.0
 serres 2004  3 24  84     5.3   12.1   20.0 -999.9    0.0    7.3    6.4  330.0
 serres 2004  3 25  85     5.5   12.1   16.9 -999.9    0.0    5.9    5.8  330.0
 serres 2004  3 26  86    -0.6   13.2   20.4 -999.9    0.0    3.3    6.1  330.0
 serres 2004  3 27  87    -0.6   12.5   16.6 -999.9    0.0    1.9    5.5  330.0
 serres 2004  3 28  88    -1.1   18.4   21.1 -999.9    0.0    1.7    6.8  330.0
 serres 2004  3 29  89     0.5   22.0   21.9 -999.9    0.2    1.6    7.6  330.0
 serres 2004  3 30  90     4.2   17.9    6.8 -999.9    1.2    4.2    9.0  330.0
 serres 2004  3 31  91    12.4   20.0   19.3 -999.9    0.2    5.0   11.8  330.0
 serres 2004  4  1  92     9.8   21.8   16.9 -999.9    0.0    3.0   11.7  330.0
 serres 2004  4  2  93     9.3   17.2    4.6 -999.9    3.2    3.8   10.0  330.0
 serres 2004  4  3  94     4.1   20.3   22.6 -999.9    0.0    3.0    8.9  330.0
 serres 2004  4  4  95     3.5   23.2   22.3 -999.9    0.0    1.9    9.2  330.0
 serres 2004  4  5  96     7.2   20.2   23.7 -999.9    0.0    3.0    9.2  330.0
 serres 2004  4  6  97     6.5   18.8   16.5 -999.9    0.0    2.8    7.5  330.0
 serres 2004  4  7  98     7.5   14.6   23.6 -999.9    0.0    4.5    6.6  330.0
 serres 2004  4  8  99     0.5   17.8   22.7 -999.9    0.0    2.5    5.2  330.0
 serres 2004  4  9 100     2.2   13.8   24.0 -999.9    0.0    3.7    7.0  330.0
 serres 2004  4 10 101     4.6   12.5   24.1 -999.9    0.0    4.0    7.2  330.0
 serres 2004  4 11 102    -0.1   18.6   24.6 -999.9    0.0    2.8    6.9  330.0
 serres 2004  4 12 103     2.1   17.3   15.6 -999.9    0.0    2.8    7.5  330.0
 serres 2004  4 13 104     6.1   18.6   23.9 -999.9    0.0    4.5    6.7  330.0
 serres 2004  4 14 105     1.4   18.8   22.6 -999.9    0.0    1.8    7.4  330.0
 serres 2004  4 15 106     4.5   17.3    8.8 -999.9    3.0    1.9    8.8  330.0
 serres 2004  4 16 107     6.9   14.5    6.6 -999.9    6.8    1.1   10.8  330.0
 serres 2004  4 17 108     8.8   19.1   14.3 -999.9    0.2    1.5   11.4  330.0
 serres 2004  4 18 109     8.3   17.1   10.0 -999.9    5.6    1.9   11.4  330.0
 serres 2004  4 19 110     3.6   17.9   24.9 -999.9    1.6    2.8    8.2  330.0
 serres 2004  4 20 111     5.5   21.1   24.4 -999.9    0.0    2.5   10.1  330.0
 serres 2004  4 21 112     6.9   25.6   26.2 -999.9    0.0    2.3   10.7  330.0
 serres 2004  4 22 113     8.8   21.1   13.9 -999.9    0.0    1.7   10.9  330.0
 serres 2004  4 23 114     9.6   23.3   24.5 -999.9    0.0    3.3   12.6  330.0
 serres 2004  4 24 115     8.5   24.7   25.7 -999.9    0.0    3.2   12.0  330.0
 serres 2004  4 25 116    10.1   23.4   26.7 -999.9    0.0    3.4    9.7  330.0
 serres 2004  4 26 117     7.3   24.3   24.8 -999.9    0.0    2.0    9.7  330.0
 serres 2004  4 27 118     5.6   24.5   26.6 -999.9    0.0    2.2    9.1  330.0
 serres 2004  4 28 119     8.4   24.3   16.6 -999.9    0.4    2.3    8.2  330.0
 serres 2004  4 29 120    11.4   15.7    2.9 -999.9   15.2    1.8   11.3  330.0
 serres 2004  4 30 121    11.6   21.1   17.1 -999.9    9.8    3.3   13.2  330.0
 serres 2004  5  1 122     7.2   20.9   23.5 -999.9    0.0    1.5   10.4  330.0
 serres 2004  5  2 123     9.4   18.6    5.2 -999.9    5.6    1.0   10.9  330.0
 serres 2004  5  3 124     8.7   15.8    4.4 -999.9    1.2    0.7   12.3  330.0
 serres 2004  5  4 125    12.1   20.7   12.4 -999.9    1.4    1.5   13.5  330.0
 serres 2004  5  5 126     9.2   18.9   19.4 -999.9    0.0    1.5   10.5  330.0
 serres 2004  5  6 127     3.2   17.9   22.1 -999.9    0.0    2.4    8.1  330.0
 serres 2004  5  7 128     3.3   17.4   24.3 -999.9    0.4    2.3    7.8  330.0
 serres 2004  5  8 129     3.9   19.4   26.7 -999.9    0.0    3.1    8.3  330.0
 serres 2004  5  9 130     4.5   19.7   29.4 -999.9    0.0    3.2    8.5  330.0
 serres 2004  5 10 131     4.4   21.2   21.2 -999.9    0.0    1.3    9.1  330.0
 serres 2004  5 11 132    10.7   23.0   18.6 -999.9    0.0    1.1   12.1  330.0
 serres 2004  5 12 133    10.1   23.2   13.7 -999.9   31.8    1.7   13.0  330.0
 serres 2004  5 13 134    12.4   19.7   27.1 -999.9    0.0    4.8   11.5  330.0
 serres 2004  5 14 135     7.0   23.7   28.9 -999.9    0.0    2.5   11.1  330.0
 serres 2004  5 15 136     7.8   26.5   26.9 -999.9    0.0    1.5   12.1  330.0
 serres 2004  5 16 137     9.2   28.7   29.2 -999.9    0.0    2.8   13.7  330.0
 serres 2004  5 17 138    11.0   26.6   28.1 -999.9    0.0    1.5   13.7  330.0
 serres 2004  5 18 139     9.4   27.4   28.6 -999.9    0.0    1.5   13.3  330.0
 serres 2004  5 19 140     9.5   31.7   29.5 -999.9    0.0    1.7   13.2  330.0
 serres 2004  5 20 141    10.6   27.8   26.0 -999.9    0.0    1.8   14.2  330.0
 serres 2004  5 21 142    11.7   25.9   26.1 -999.9    0.0    1.7   11.4  330.0
 serres 2004  5 22 143    10.7   24.1   29.1 -999.9    0.0    3.8   12.7  330.0
 serres 2004  5 23 144     7.7   24.3   30.1 -999.9    0.0    3.7   10.5  330.0
 serres 2004  5 24 145     6.7   25.5   24.8 -999.9    0.0    1.8   11.2  330.0
 serres 2004  5 25 146     8.5   26.1   27.1 -999.9    0.0    1.6   12.0  330.0
 serres 2004  5 26 147     9.5   27.2   26.4 -999.9    0.0    1.6   11.4  330.0
 serres 2004  5 27 148     8.0   28.6   27.9 -999.9    0.0    2.3   11.6  330.0
 serres 2004  5 28 149    10.6   26.0   30.1 -999.9    0.0    3.7   12.0  330.0
 serres 2004  5 29 150     9.1   28.5   30.4 -999.9    0.0    1.7   10.0  330.0
 serres 2004  5 30 151    10.4   27.3   22.4 -999.9    0.0    1.3   12.5  330.0
 serres 2004  5 31 152    14.6   27.4   22.7 -999.9    0.0    2.0   15.3  330.0
 serres 2004  6  1 153    14.6   26.2   19.6 -999.9    0.0    1.8   15.7  330.0
 serres 2004  6  2 154    16.5   25.4   30.1 -999.9    0.0    5.7   14.4  330.0
 serres 2004  6  3 155    16.1   23.7   30.7 -999.9    0.0    6.7   10.9  330.0
 serres 2004  6  4 156    11.6   27.2   29.7 -999.9    0.0    4.6   12.4  330.0
 serres 2004  6  5 157    16.9   28.0   31.3 -999.9    0.0    5.1   12.6  330.0
 serres 2004  6  6 158    17.0   29.4   31.1 -999.9    0.0    2.8   16.1  330.0
 serres 2004  6  7 159    12.8   30.7   29.2 -999.9    0.0    2.0   15.6  330.0
 serres 2004  6  8 160    12.4   31.7   29.0 -999.9    0.0    1.5   15.0  330.0
 serres 2004  6  9 161    12.5   34.2   30.8 -999.9    0.0    1.7   13.5  330.0
 serres 2004  6 10 162    13.4   33.5   31.1 -999.9    0.0    1.6   15.0  330.0
 serres 2004  6 11 163    12.0   32.1   25.3 -999.9    0.6    1.9   14.7  330.0
 serres 2004  6 12 164    13.2   30.5   31.1 -999.9    0.0    4.2   16.0  330.0
 serres 2004  6 13 165    16.3   25.0   32.0 -999.9    0.0    6.4   10.3  330.0
 serres 2004  6 14 166    14.5   28.1   24.4 -999.9    0.4    3.1   14.4  330.0
 serres 2004  6 15 167    13.1   28.8   23.5 -999.9    0.0    1.3   15.2  330.0
 serres 2004  6 16 168    14.2   31.6   30.2 -999.9    0.0    3.4   16.2  330.0
 serres 2004  6 17 169    15.5   32.0   31.4 -999.9    0.0    3.6   13.2  330.0
 serres 2004  6 18 170    17.4   34.2   31.7 -999.9    0.0    2.2   12.6  330.0
 serres 2004  6 19 171    12.4   26.2   11.6 -999.9    0.8    1.3   13.9  330.0
 serres 2004  6 20 172    10.8   26.2   28.4 -999.9    0.0    2.8   12.1  330.0
 serres 2004  6 21 173     8.3   27.5   28.8 -999.9    0.0    1.8   10.5  330.0
 serres 2004  6 22 174    15.9   29.5   18.7 -999.9    0.0    1.8   18.8  330.0
 serres 2004  6 23 175    16.0   30.2   17.0 -999.9    0.0    1.5   18.4  330.0
 serres 2004  6 24 176    18.0   30.7   25.3 -999.9    0.0    3.3   16.3  330.0
 serres 2004  6 25 177    16.6   31.3   29.8 -999.9    0.0    3.2   11.4  330.0
 serres 2004  6 26 178    12.1   35.0   31.0 -999.9    0.0    1.7   13.6  330.0
 serres 2004  6 27 179    15.2   36.5   30.0 -999.9    0.0    1.3   19.2  330.0
 serres 2004  6 28 180    18.0   35.2   27.4 -999.9    0.6    2.6   21.1  330.0
 serres 2004  6 29 181    18.7   32.5   31.4 -999.9    0.0    3.7   13.1  330.0
 serres 2004  6 30 182    12.9   36.5   31.7 -999.9    0.0    1.8   12.1  330.0
 serres 2004  7  1 183    17.0   33.3   27.2 -999.9    0.0    2.2   14.5  330.0
 serres 2004  7  2 184    19.0   28.7   31.6 -999.9    0.0    4.6   11.2  330.0
 serres 2004  7  3 185    18.9   29.5   32.2 -999.9    0.0    4.0   10.1  330.0
 serres 2004  7  4 186    11.1   34.4   31.4 -999.9    0.0    1.7   11.6  330.0
 serres 2004  7  5 187    15.2   33.1   25.4 -999.9    0.0    2.0   17.3  330.0
 serres 2004  7  6 188    17.3   30.1   12.9 -999.9    1.6    1.0   18.6  330.0
 serres 2004  7  7 189    17.5   34.1   21.3 -999.9    0.0    3.0   18.9  330.0
 serres 2004  7  8 190    16.1   31.6   26.3 -999.9    0.0    2.3   17.4  330.0
 serres 2004  7  9 191    11.3   27.6   29.8 -999.9    0.0    2.6   10.8  330.0
 serres 2004  7 10 192    13.5   27.3   27.4 -999.9    0.0    2.6   12.0  330.0
 serres 2004  7 11 193    11.2   27.3   30.7 -999.9    0.0    3.8   11.7  330.0
 serres 2004  7 12 194    14.7   25.9   30.4 -999.9    0.0    5.0   10.4  330.0
 serres 2004  7 13 195    15.3   26.6   27.9 -999.9    0.0    5.4   10.5  330.0
 serres 2004  7 14 196    11.5   30.3   30.7 -999.9    0.0    3.4   11.0  330.0
 serres 2004  7 15 197    11.5   33.8   30.2 -999.9    0.0    2.5   12.4  330.0
 serres 2004  7 16 198    14.5   32.2   28.4 -999.9    0.0    1.8   17.1  330.0
 serres 2004  7 17 199    15.4   32.5   25.5 -999.9    0.0    1.9   15.5  330.0
 serres 2004  7 18 200    12.4   32.3   22.0 -999.9    0.0    1.5   12.8  330.0
 serres 2004  7 19 201    15.6   34.6   26.3 -999.9    0.0    1.5   16.1  330.0
 serres 2004  7 20 202    17.8   34.5   27.2 -999.9    0.0    2.0   19.3  330.0
 serres 2004  7 21 203    18.2   34.9   27.8 -999.9    0.0    1.6   21.3  330.0
 serres 2004  7 22 204    17.3   36.3   27.9 -999.9    0.0    1.8   20.4  330.0
 serres 2004  7 23 205    17.1   38.2   27.4 -999.9    0.0    1.4   18.1  330.0
 serres 2004  7 24 206    18.8   32.0   28.6 -999.9    0.0    4.8   19.0  330.0
 serres 2004  7 25 207    21.5   33.4   28.7 -999.9    0.0    5.0   15.6  330.0
 serres 2004  7 26 208    21.1   30.8   25.7 -999.9    0.0    5.7   13.4  330.0
 serres 2004  7 27 209    18.3   32.5   28.7 -999.9    0.0    4.0   14.1  330.0
 serres 2004  7 28 210    14.4   34.2   28.0 -999.9    0.0    1.8   15.2  330.0
 serres 2004  7 29 211    15.4   35.1   27.8 -999.9    0.0    1.5   17.5  330.0
 serres 2004  7 30 212    16.8   35.9   27.2 -999.9    0.0    2.0   18.5  330.0
 serres 2004  7 31 213    16.4   37.4   27.1 -999.9    0.0    1.3   18.4  330.0
 serres 2004  8  1 214    17.5   38.3   26.9 -999.9    0.0    1.7   20.3  330.0
 serres 2004  8  2 215    19.4   37.3   22.3 -999.9    0.0    1.5   23.1  330.0
 serres 2004  8  3 216    20.6   36.6   24.0 -999.9    0.0    2.3   21.1  330.0
 serres 2004  8  4 217    18.5   33.3   18.3 -999.9   38.0    1.7   21.7  330.0
 serres 2004  8  5 218    17.9   29.5   12.6 -999.9   25.6    1.4   21.1  330.0
 serres 2004  8  6 219    16.4   32.2   27.1 -999.9    0.0    1.7   19.9  330.0
 serres 2004  8  7 220    16.3   34.1   25.2 -999.9    0.0    1.6   19.2  330.0
 serres 2004  8  8 221    18.2   33.6   25.1 -999.9    0.0    1.7   20.2  330.0
 serres 2004  8  9 222    17.6   34.8   24.1 -999.9    0.0    1.4   21.3  330.0
 serres 2004  8 10 223    21.5   34.1   17.0 -999.9    5.6    1.9   24.8  330.0
 serres 2004  8 11 224    20.7   33.5   25.1 -999.9    0.0    1.2   21.5  330.0
 serres 2004  8 12 225    16.3   32.1   22.0 -999.9    1.2    2.0   20.1  330.0
 serres 2004  8 13 226    15.3   29.5   26.7 -999.9    0.0    3.4   16.5  330.0
 serres 2004  8 14 227    17.6   28.5   27.5 -999.9    0.0    4.6   13.8  330.0
 serres 2004  8 15 228    15.7   32.4   27.2 -999.9    0.0    2.0   14.4  330.0
 serres 2004  8 16 229    14.4   31.6   21.6 -999.9    0.0    1.7   16.0  330.0
 serres 2004  8 17 230    18.3   33.2   15.7 -999.9   45.4    2.6   21.2  330.0
 serres 2004  8 18 231    17.5   32.8   21.3 -999.9    0.0    3.2   21.4  330.0
 serres 2004  8 19 232    20.2   32.8   24.1 -999.9   12.2    2.3   24.1  330.0
 serres 2004  8 20 233    17.4   28.8   24.9 -999.9    0.0    2.4   18.2  330.0
 serres 2004  8 21 234    13.6   25.9   24.9 -999.9    0.0    3.8   13.6  330.0
 serres 2004  8 22 235     8.9   28.5   25.5 -999.9    0.0    1.1   12.8  330.0
 serres 2004  8 23 236    12.7   30.3   19.3 -999.9    1.6    2.2   17.7  330.0
 serres 2004  8 24 237    17.9   26.1    9.1 -999.9    0.0    2.0   19.4  330.0
 serres 2004  8 25 238    13.3   27.8   24.0 -999.9    0.2    2.1   15.5  330.0
 serres 2004  8 26 239    16.3   24.6   20.6 -999.9    0.0    4.7   13.7  330.0
 serres 2004  8 27 240    14.8   28.9   25.0 -999.9    0.0    2.4   15.3  330.0
 serres 2004  8 28 241    11.1   29.5   24.4 -999.9    0.0    1.1   14.8  330.0
 serres 2004  8 29 242    12.9   28.9   21.2 -999.9    0.0    1.3   16.4  330.0
 serres 2004  8 30 243    14.1   29.5   22.6 -999.9    0.0    1.8   16.6  330.0
 serres 2004  8 31 244    13.1   25.6   24.3 -999.9    0.0    3.2   13.8  330.0
 serres 2004  9  1 245     8.9   29.6   23.8 -999.9    0.0    1.5   12.8  330.0
 serres 2004  9  2 246    17.1   29.4   20.2 -999.9    0.0    1.3   18.8  330.0
 serres 2004  9  3 247    13.8   31.2   20.3 -999.9    0.0    1.1   17.2  330.0
 serres 2004  9  4 248    16.2   33.3   18.3 -999.9    0.0    1.3   19.7  330.0
 serres 2004  9  5 249    17.5   32.5   18.6 -999.9    0.0    1.3   20.4  330.0
 serres 2004  9  6 250    16.1   32.5   19.5 -999.9    0.0    1.5   17.8  330.0
 serres 2004  9  7 251    14.4   31.2   21.3 -999.9    0.0    1.3   16.6  330.0
 serres 2004  9  8 252    12.9   31.4   21.9 -999.9    0.0    1.3   14.9  330.0
 serres 2004  9  9 253    11.3   32.6   21.4 -999.9    0.0    1.6   13.7  330.0
 serres 2004  9 10 254    12.2   31.6   18.7 -999.9    0.0    1.8   13.8  330.0
 serres 2004  9 11 255    15.0   31.3   18.7 -999.9    7.8    1.5   17.0  330.0
 serres 2004  9 12 256    15.8   28.0   19.8 -999.9    0.0    1.9   17.5  330.0
 serres 2004  9 13 257    11.6   29.9   20.6 -999.9    3.2    1.4   16.2  330.0
 serres 2004  9 14 258    16.9   21.9    4.2 -999.9    1.8    1.5   17.9  330.0
 serres 2004  9 15 259    15.6   24.4   19.4 -999.9    0.0    3.8   15.0  330.0
 serres 2004  9 16 260    14.3   24.2   20.9 -999.9    0.0    4.5   13.9  330.0
 serres 2004  9 17 261     8.3   26.5   20.6 -999.9    0.0    1.5   12.9  330.0
 serres 2004  9 18 262     8.8   28.3   20.5 -999.9    0.0    1.4   12.6  330.0
 serres 2004  9 19 263     8.8   28.4   18.3 -999.9    0.0    1.9   13.1  330.0
 serres 2004  9 20 264    10.1   27.4   19.1 -999.9    0.0    1.7   13.8  330.0
 serres 2004  9 21 265    10.7   25.4   19.6 -999.9    0.0    4.6   13.7  330.0
 serres 2004  9 22 266    15.3   23.6   19.7 -999.9    0.0    5.5    8.9  330.0
 serres 2004  9 23 267    15.5   25.6   19.3 -999.9    0.0    5.2   13.8  330.0
 serres 2004  9 24 268    16.5   21.0   17.1 -999.9    0.0    5.6   11.7  330.0
 serres 2004  9 25 269    11.1   19.0   19.3 -999.9    0.0    6.4    8.7  330.0
 serres 2004  9 26 270    13.4   20.7   19.4 -999.9    0.0    6.4    9.1  330.0
 serres 2004  9 27 271     9.1   24.5   18.5 -999.9    0.0    3.2   10.3  330.0
 serres 2004  9 28 272     8.5   24.9   15.2 -999.9    0.0    1.3   11.4  330.0
 serres 2004  9 29 273     8.5   24.5   14.8 -999.9    0.0    1.1   13.5  330.0
 serres 2004  9 30 274     8.8   27.9   17.0 -999.9    0.0    1.2   13.8  330.0
 serres 2004 10  1 275    10.4   26.0   14.8 -999.9    0.0    1.1   14.7  330.0
 serres 2004 10  2 276    10.7   27.5   16.2 -999.9    0.0    1.3   14.5  330.0
 serres 2004 10  3 277    10.4   27.2   15.3 -999.9    0.0    0.8   13.9  330.0
 serres 2004 10  4 278    10.5   27.9   15.5 -999.9    0.0    1.2   15.1  330.0
 serres 2004 10  5 279     8.7   30.2   14.8 -999.9    0.2    1.0   13.8  330.0
 serres 2004 10  6 280    14.0   27.1    6.1 -999.9    1.2    1.1   17.0  330.0
 serres 2004 10  7 281    14.0   26.3   13.1 -999.9    0.0    1.2   17.6  330.0
 serres 2004 10  8 282    12.4   27.3   13.3 -999.9    0.0    1.1   16.8  330.0
 serres 2004 10  9 283    13.1   27.5   11.8 -999.9    0.0    1.1   17.4  330.0
 serres 2004 10 10 284    16.9   26.2   12.9 -999.9    0.0    1.8   15.9  330.0
 serres 2004 10 11 285     8.2   22.8    8.2 -999.9    0.2    1.0   12.7  330.0
 serres 2004 10 12 286     6.9   21.1    7.6 -999.9    4.8    1.2   12.2  330.0
 serres 2004 10 13 287    12.3   20.4    8.8 -999.9    3.2    0.8   14.5  330.0
 serres 2004 10 14 288    11.1   16.3    4.9 -999.9    9.8    1.5   13.1  330.0
 serres 2004 10 15 289    10.2   16.7    4.0 -999.9    0.6    1.5   11.9  330.0
 serres 2004 10 16 290     4.9   13.3    5.6 -999.9    4.0    1.0    9.1  330.0
 serres 2004 10 17 291     2.5   17.8   12.8 -999.9    0.2    1.1    8.9  330.0
 serres 2004 10 18 292     5.0   17.9    4.4 -999.9    0.0    1.2   10.7  330.0
 serres 2004 10 19 293    13.3   20.8    2.1 -999.9    0.0    3.6   15.3  330.0
 serres 2004 10 20 294    15.4   24.1    6.2 -999.9    0.0    3.8   17.1  330.0
 serres 2004 10 21 295    14.0   25.8   11.0 -999.9    2.2    1.3   17.1  330.0
 serres 2004 10 22 296    14.5   23.1    7.9 -999.9    0.2    0.8   17.7  330.0
 serres 2004 10 23 297    11.1   25.0   12.0 -999.9    0.2    1.0   15.6  330.0
 serres 2004 10 24 298    12.1   26.8   10.4 -999.9    0.0    1.5   16.1  330.0
 serres 2004 10 25 299    13.7   24.3    8.1 -999.9   11.8    1.1   16.4  330.0
 serres 2004 10 26 300    11.4   13.2    2.5 -999.9   11.8    2.0   12.4  330.0
 serres 2004 10 27 301     4.9   19.3    8.0 -999.9   10.6    3.0   10.4  330.0
 serres 2004 10 28 302    13.8   18.3    5.0 -999.9   14.8    4.9   14.5  330.0
 serres 2004 10 29 303    14.7   17.7    3.8 -999.9   11.8    3.0   14.7  330.0
 serres 2004 10 30 304     3.5   17.9    9.5 -999.9    1.0    0.8   10.5  330.0
 serres 2004 10 31 305    11.2   15.6    3.4 -999.9   25.8    1.0   14.5  330.0
 serres 2004 11  1 306     9.7   19.0    9.7 -999.9    0.2    0.9   12.7  330.0
 serres 2004 11  2 307     6.3   13.5    2.8 -999.9    7.8    0.6   11.3  330.0
 serres 2004 11  3 308    10.8   20.9    7.0 -999.9    2.8    0.9   15.0  330.0
 serres 2004 11  4 309    14.0   20.7    5.8 -999.9    0.0    0.8   17.2  330.0
 serres 2004 11  5 310    11.1   21.3    9.7 -999.9    0.0    4.2   14.4  330.0
 serres 2004 11  6 311     7.2   15.1    8.6 -999.9    0.0    3.7    9.8  330.0
 serres 2004 11  7 312     8.3   15.0   10.3 -999.9    0.0    5.0    7.7  330.0
 serres 2004 11  8 313     8.3   11.3    6.2 -999.9    0.0    3.9    6.4  330.0
 serres 2004 11  9 314     2.2    9.8    6.0 -999.9    0.0    4.3    6.0  330.0
 serres 2004 11 10 315     2.7   10.1    9.5 -999.9    0.0    4.1    5.1  330.0
 serres 2004 11 11 316    -2.6   11.7    9.1 -999.9    0.0    1.3    5.8  330.0
 serres 2004 11 12 317    -0.1   12.8    9.6 -999.9    0.0    1.2    7.1  330.0
 serres 2004 11 13 318    -0.3   11.9    9.9 -999.9    0.0    4.6    6.5  330.0
 serres 2004 11 14 319     5.8    9.5   10.1 -999.9    0.0    6.8    4.6  330.0
 serres 2004 11 15 320    -2.4    9.7    8.0 -999.9    0.0    2.9    4.8  330.0
 serres 2004 11 16 321     1.5   12.2    9.2 -999.9    0.0    4.1    5.1  330.0
 serres 2004 11 17 322    -2.0   16.1    9.2 -999.9    0.0    1.2    6.4  330.0
 serres 2004 11 18 323    -1.0   16.3    9.4 -999.9    0.0    1.4    7.1  330.0
 serres 2004 11 19 324     1.2   15.2    5.9 -999.9    0.0    3.8    7.7  330.0
 serres 2004 11 20 325     4.0   11.2    9.2 -999.9    0.0    4.6    5.1  330.0
 serres 2004 11 21 326    -0.1   14.8    8.1 -999.9    0.0    1.9    6.7  330.0
 serres 2004 11 22 327     0.2   14.9    8.0 -999.9    0.0    1.0    7.8  330.0
 serres 2004 11 23 328     1.3   17.2    8.8 -999.9    0.0    3.8    8.0  330.0
 serres 2004 11 24 329     1.9   16.5    8.5 -999.9    0.0    1.1    8.3  330.0
 serres 2004 11 25 330    -1.0   12.1    5.8 -999.9    0.0    0.9    7.3  330.0
 serres 2004 11 26 331     8.6   16.8    5.3 -999.9    0.0    1.0   11.2  330.0
 serres 2004 11 27 332     2.9   15.6    7.8 -999.9    0.0    1.7    8.4  330.0
 serres 2004 11 28 333     0.1   13.9    4.5 -999.9    4.0    1.5    8.2  330.0
 serres 2004 11 29 334     5.4    9.5    2.2 -999.9    3.2    1.1    9.1  330.0
 serres 2004 11 30 335    -0.2    8.5    2.1 -999.9    2.2    0.6    7.9  330.0
 serres 2004 12  1 336     3.5   14.9    5.0 -999.9    1.6    2.5    8.0  330.0
 serres 2004 12  2 337     9.4   16.5    4.6 -999.9    0.0    4.3   10.4  330.0
 serres 2004 12  3 338     8.1   17.0    7.5 -999.9    0.0    1.4   11.3  330.0
 serres 2004 12  4 339     1.6   14.4    6.1 -999.9    0.0    1.1    8.4  330.0
 serres 2004 12  5 340    -0.6   14.1    7.4 -999.9    0.0    1.0    7.2  330.0
 serres 2004 12  6 341    -1.5   12.4    7.3 -999.9    0.0    1.0    6.9  330.0
 serres 2004 12  7 342    -0.7    7.6    1.9 -999.9    2.8    0.7    7.0  330.0
 serres 2004 12  8 343     2.2    5.6    2.6 -999.9    0.0    0.7    7.6  330.0
 serres 2004 12  9 344     2.6    9.3    3.9 -999.9    0.0    0.5    7.7  330.0
 serres 2004 12 10 345    -0.6   12.7    6.7 -999.9    0.0    0.7    7.3  330.0
 serres 2004 12 11 346    -2.8   11.1    7.1 -999.9    0.0    0.8    6.5  330.0
 serres 2004 12 12 347    -4.2   10.5    7.0 -999.9    0.0    0.7    5.9  330.0
 serres 2004 12 13 348    -4.4   11.1    7.0 -999.9    0.0    0.8    5.7  330.0
 serres 2004 12 14 349    -4.0   10.6    6.5 -999.9    0.0    0.7    5.8  330.0
 serres 2004 12 15 350    -0.2    6.2    1.6 -999.9    0.0    0.8    6.8  330.0
 serres 2004 12 16 351     2.8   11.5    3.0 -999.9    1.8    0.8    8.8  330.0
 serres 2004 12 17 352     5.4   13.1    4.5 -999.9    0.8    2.5    8.7  330.0
 serres 2004 12 18 353     6.2    9.5    7.4 -999.9    0.4    4.9    6.2  330.0
 serres 2004 12 19 354     0.9   12.1    2.4 -999.9    1.0    1.2    8.0  330.0
 serres 2004 12 20 355     3.3    6.2    1.8 -999.9    4.0    1.4    7.3  330.0
 serres 2004 12 21 356    -0.6    6.5    3.1 -999.9    0.0    0.7    5.9  330.0
 serres 2004 12 22 357    -4.0    6.4    7.5 -999.9    0.0    1.8    3.9  330.0
 serres 2004 12 23 358     1.2   13.1    7.0 -999.9    0.0    3.8    6.7  330.0
 serres 2004 12 24 359     6.4   15.2    7.5 -999.9    0.0    4.1    9.1  330.0
 serres 2004 12 25 360     1.0   11.6    0.7 -999.9    8.2    2.7    7.8  330.0
 serres 2004 12 26 361     4.5    6.4    1.7 -999.9    0.4    4.0    6.7  330.0
 serres 2004 12 27 362     3.4    7.5    7.0 -999.9    0.0    5.7    6.0  330.0
 serres 2004 12 28 363     0.2    5.5    2.0 -999.9    3.0    3.6    5.5  330.0
 serres 2004 12 29 364     1.5    9.2    7.6 -999.9    0.0    7.5    4.5  330.0
 serres 2004 12 30 365    -3.8    9.2    7.6 -999.9    0.0    2.3    4.6  330.0
 serres 2004 12 31 366    -4.4   12.9    7.7 -999.9    0.0    2.6    5.0  330.0
