 serres 2003  1  1   1     5.0   12.0    4.8 -999.9    2.6    1.5    8.9  330.0
 serres 2003  1  2   2     7.4   14.4    5.5 -999.9    0.2    1.3   11.0  330.0
 serres 2003  1  3   3     6.7   16.7    4.0 -999.9    0.8    1.4    9.8  330.0
 serres 2003  1  4   4     4.0   14.5    4.5 -999.9    0.0    2.5    8.2  330.0
 serres 2003  1  5   5    -0.7    2.6    8.0 -999.9    0.0    4.5    4.5  330.0
 serres 2003  1  6   6    -5.0    1.3    0.8 -999.9   11.6    2.0    4.3  330.0
 serres 2003  1  7   7    -2.5    2.9    7.7 -999.9    0.0    3.6    4.2  330.0
 serres 2003  1  8   8    -5.7    0.1    1.7 -999.9    1.2    0.5    4.3  330.0
 serres 2003  1  9   9    -0.9    0.6    1.8 -999.9    0.0    0.5    5.7  330.0
 serres 2003  1 10  10    -3.1    1.0    5.5 -999.9    0.0    2.6    4.0  330.0
 serres 2003  1 11  11    -5.3    0.4    3.1 -999.9    3.0    0.8    4.0  330.0
 serres 2003  1 12  12   -11.0    4.2    7.8 -999.9    0.0    0.9    3.3  330.0
 serres 2003  1 13  13   -11.3    5.0    8.1 -999.9    0.0    1.1    3.2  330.0
 serres 2003  1 14  14    -5.7    9.7    8.3 -999.9    0.0    1.2    4.8  330.0
 serres 2003  1 15  15    -4.9   11.4    8.4 -999.9    0.0    1.0    5.5  330.0
 serres 2003  1 16  16    -0.3   10.5    8.3 -999.9    0.0    1.7    6.7  330.0
 serres 2003  1 17  17    -1.4   10.9    4.4 -999.9    0.2    1.0    6.5  330.0
 serres 2003  1 18  18     1.2    9.3    5.6 -999.9    0.0    0.9    7.7  330.0
 serres 2003  1 19  19    -2.4    7.4    0.6 -999.9   10.4    1.2    6.2  330.0
 serres 2003  1 20  20     3.3   13.7    6.0 -999.9    5.6    2.0    9.3  330.0
 serres 2003  1 21  21     7.7   15.3    5.0 -999.9   19.2    2.5   10.5  330.0
 serres 2003  1 22  22     2.3   13.7    9.0 -999.9    0.0    1.1    7.8  330.0
 serres 2003  1 23  23     0.2   10.4    9.2 -999.9    0.0    5.6    6.2  330.0
 serres 2003  1 24  24     6.9   11.5    9.6 -999.9    0.0    6.1    7.6  330.0
 serres 2003  1 25  25    -3.2    9.6    9.4 -999.9    0.0    2.6    5.5  330.0
 serres 2003  1 26  26     2.2    9.7    5.7 -999.9    0.0    4.9    5.9  330.0
 serres 2003  1 27  27     5.2   15.7    9.7 -999.9    0.0    3.8    8.2  330.0
 serres 2003  1 28  28     9.0   16.5    9.6 -999.9    0.0    5.5    8.4  330.0
 serres 2003  1 29  29     0.3    9.9    8.3 -999.9    0.0    2.8    5.5  330.0
 serres 2003  1 30  30     1.3    7.8    8.8 -999.9    2.8    4.3    4.9  330.0
 serres 2003  1 31  31     0.0    5.5    6.2 -999.9    0.0    6.5    4.7  330.0
 serres 2003  2  1  32    -1.9    3.2   10.6 -999.9    0.0    6.7    3.2  330.0
 serres 2003  2  2  33    -4.3   11.5   11.0 -999.9    0.0    2.4    4.6  330.0
 serres 2003  2  3  34     0.4   11.6    3.8 -999.9    2.4    1.8    7.1  330.0
 serres 2003  2  4  35     3.9    9.2    8.2 -999.9    0.8    4.2    6.7  330.0
 serres 2003  2  5  36     0.6    6.5   11.5 -999.9    0.0    6.3    5.2  330.0
 serres 2003  2  6  37     1.6    7.3   11.8 -999.9    0.0    4.4    4.4  330.0
 serres 2003  2  7  38    -5.4   10.8   10.6 -999.9    0.0    1.0    4.3  330.0
 serres 2003  2  8  39    -5.3   12.7   11.8 -999.9    0.0    1.3    4.7  330.0
 serres 2003  2  9  40    -2.5   13.0   10.6 -999.9   17.2    1.3    6.0  330.0
 serres 2003  2 10  41     2.9   11.8    8.3 -999.9    0.0    1.2    7.9  330.0
 serres 2003  2 11  42    -2.6   11.7   11.3 -999.9    0.0    1.3    5.8  330.0
 serres 2003  2 12  43    -1.4    9.8    7.2 -999.9    0.0    0.9    5.8  330.0
 serres 2003  2 13  44    -1.6    5.6    4.3 -999.9    0.0    0.6    5.5  330.0
 serres 2003  2 14  45    -4.5    6.7    8.3 -999.9    0.0    1.2    4.8  330.0
 serres 2003  2 15  46    -5.4    9.1   12.3 -999.9    0.0    1.8    4.6  330.0
 serres 2003  2 16  47    -4.0    3.3    3.7 -999.9    0.6    1.8    4.2  330.0
 serres 2003  2 17  48    -3.0    7.3   10.7 -999.9    0.0    1.3    4.7  330.0
 serres 2003  2 18  49    -6.5    9.3   13.0 -999.9    0.0    1.2    4.2  330.0
 serres 2003  2 19  50    -6.8   11.6    9.0 -999.9    0.0    1.8    4.4  330.0
 serres 2003  2 20  51     6.1   10.2    4.9 -999.9    0.0    1.8    5.8  330.0
 serres 2003  2 21  52    -0.8   14.3   10.9 -999.9    0.0    1.3    5.5  330.0
 serres 2003  2 22  53    -1.8   16.3   12.9 -999.9    0.0    2.3    5.5  330.0
 serres 2003  2 23  54    -0.5   12.4    7.1 -999.9    0.0    1.0    5.8  330.0
 serres 2003  2 24  55     5.1   15.5   12.1 -999.9    0.0    3.0    5.7  330.0
 serres 2003  2 25  56     5.0   15.1    8.1 -999.9    0.0    3.1    5.2  330.0
 serres 2003  2 26  57     7.5   15.1    9.1 -999.9    0.0    5.7    4.9  330.0
 serres 2003  2 27  58     8.4   14.0    3.7 -999.9    2.6    3.7    8.5  330.0
 serres 2003  2 28  59     6.0   18.0   13.0 -999.9    0.0    1.0    9.6  330.0
 serres 2003  3  1  60     3.6   16.1    9.5 -999.9    0.2    1.5    8.9  330.0
 serres 2003  3  2  61     4.8   14.8    6.6 -999.9    0.6    1.3    9.0  330.0
 serres 2003  3  3  62     4.3   14.6   13.4 -999.9    0.0    3.1    6.5  330.0
 serres 2003  3  4  63     0.4   19.1   16.8 -999.9    0.0    2.2    6.5  330.0
 serres 2003  3  5  64     1.5   21.3   15.5 -999.9    0.0    1.7    8.6  330.0
 serres 2003  3  6  65     5.9   14.5    7.3 -999.9   14.0    3.4    8.8  330.0
 serres 2003  3  7  66     3.2   16.5   14.9 -999.9    0.0    1.6    7.3  330.0
 serres 2003  3  8  67    -0.5   16.9   16.2 -999.9    0.0    3.0    7.0  330.0
 serres 2003  3  9  68     2.1   18.4   15.9 -999.9    0.0    1.3    7.5  330.0
 serres 2003  3 10  69     0.8   22.3   17.3 -999.9    0.0    1.0    7.8  330.0
 serres 2003  3 11  70     1.2   18.7   14.9 -999.9    0.0    1.2    8.4  330.0
 serres 2003  3 12  71     8.0   18.9   16.6 -999.9    0.0    1.1    9.9  330.0
 serres 2003  3 13  72     6.6   17.6   18.1 -999.9    0.0    2.6    9.0  330.0
 serres 2003  3 14  73     0.8   17.9   16.8 -999.9    0.0    1.8    7.7  330.0
 serres 2003  3 15  74     5.3    8.5    3.0 -999.9    5.0    1.4    7.5  330.0
 serres 2003  3 16  75    -1.8   14.2   18.2 -999.9    0.0    1.0    6.3  330.0
 serres 2003  3 17  76    -1.7   17.4   18.9 -999.9    0.0    1.4    6.5  330.0
 serres 2003  3 18  77    -0.4   20.1   17.2 -999.9    0.0    1.9    7.2  330.0
 serres 2003  3 19  78    -0.5   20.4   18.7 -999.9    0.0    1.5    6.6  330.0
 serres 2003  3 20  79     0.5   20.9   19.0 -999.9    0.0    2.3    6.7  330.0
 serres 2003  3 21  80     1.9   19.7   16.3 -999.9    0.0    1.3    7.2  330.0
 serres 2003  3 22  81     3.4   20.0   16.0 -999.9    0.0    1.9    8.4  330.0
 serres 2003  3 23  82     1.0   19.6   19.0 -999.9    0.0    1.6    7.7  330.0
 serres 2003  3 24  83     1.6   20.3   19.7 -999.9    0.0    1.3    7.3  330.0
 serres 2003  3 25  84    -0.3   19.9   20.4 -999.9    0.0    1.3    6.7  330.0
 serres 2003  3 26  85     3.0   18.8   19.7 -999.9    0.0    1.6    8.4  330.0
 serres 2003  3 27  86     3.8   20.1   16.2 -999.9    0.0    1.6    8.8  330.0
 serres 2003  3 28  87     7.0   20.2   11.0 -999.9    0.0    1.3    8.8  330.0
 serres 2003  3 29  88     4.0   21.1   15.7 -999.9    0.0    1.3    8.6  330.0
 serres 2003  3 30  89     3.2   21.7   15.0 -999.9    0.0    1.5    8.9  330.0
 serres 2003  3 31  90     5.7   23.6   16.5 -999.9    1.8    1.5   10.6  330.0
 serres 2003  4  1  91     5.8   24.0   20.3 -999.9    0.8    1.3   10.1  330.0
 serres 2003  4  2  92     8.1   14.3   14.6 -999.9    4.4    5.2    8.7  330.0
 serres 2003  4  3  93     6.7   13.7   23.0 -999.9    0.0    8.3    5.6  330.0
 serres 2003  4  4  94     4.9   16.5   22.6 -999.9    0.0    4.7    5.5  330.0
 serres 2003  4  5  95     0.2   20.2   23.4 -999.9    0.0    4.2    6.5  330.0
 serres 2003  4  6  96    10.7   18.4   23.6 -999.9    0.0    5.8    6.9  330.0
 serres 2003  4  7  97     4.8   15.1   24.3 -999.9    0.0    4.8    4.8  330.0
 serres 2003  4  8  98     3.7   12.3    7.3 -999.9    0.0    1.6    5.9  330.0
 serres 2003  4  9  99     4.8   10.0    1.8 -999.9   27.2    2.5    7.5  330.0
 serres 2003  4 10 100     6.4   14.6   16.9 -999.9    1.8    2.8    8.2  330.0
 serres 2003  4 11 101     1.5   15.8    9.7 -999.9    6.6    1.4    7.6  330.0
 serres 2003  4 12 102     7.5   19.3   24.4 -999.9    0.0    1.6    9.5  330.0
 serres 2003  4 13 103     3.5   22.9   22.7 -999.9    0.0    1.8    9.1  330.0
 serres 2003  4 14 104     5.3   23.0   17.1 -999.9    0.0    1.8    9.5  330.0
 serres 2003  4 15 105     7.9   23.4   19.0 -999.9    0.0    1.5   10.5  330.0
 serres 2003  4 16 106     6.8   24.0   23.2 -999.9    0.0    1.8   10.2  330.0
 serres 2003  4 17 107     7.1   25.3   22.8 -999.9    0.0    1.7   10.7  330.0
 serres 2003  4 18 108     7.7   25.3   23.2 -999.9    0.0    1.5   11.4  330.0
 serres 2003  4 19 109     5.7   22.9   16.0 -999.9    2.4    2.2   10.3  330.0
 serres 2003  4 20 110    11.4   16.3    8.0 -999.9    3.4    4.6   11.2  330.0
 serres 2003  4 21 111     8.5   21.5   20.4 -999.9    0.0    1.6   11.0  330.0
 serres 2003  4 22 112     7.4   24.4   22.8 -999.9    0.0    1.3   11.5  330.0
 serres 2003  4 23 113     7.9   25.5   24.9 -999.9    0.0    1.5   11.9  330.0
 serres 2003  4 24 114     7.4   26.3   23.8 -999.9    0.0    1.4   11.6  330.0
 serres 2003  4 25 115    10.6   25.9   21.3 -999.9    0.0    1.7   13.5  330.0
 serres 2003  4 26 116     8.8   22.1    8.4 -999.9   12.0    1.7   11.3  330.0
 serres 2003  4 27 117     8.0   23.5   24.5 -999.9    0.0    1.9   11.5  330.0
 serres 2003  4 28 118    10.2   24.6   21.8 -999.9    0.0    2.8   11.3  330.0
 serres 2003  4 29 119    10.5   27.4   19.8 -999.9    0.0    1.9   12.5  330.0
 serres 2003  4 30 120    14.5   22.7    5.1 -999.9    0.8    1.8   15.1  330.0
 serres 2003  5  1 121     6.9   23.5   20.7 -999.9    1.6    1.1   10.4  330.0
 serres 2003  5  2 122    11.4   25.9   19.2 -999.9    0.8    1.5   14.4  330.0
 serres 2003  5  3 123    14.1   25.3   28.6 -999.9    0.0    3.2   13.8  330.0
 serres 2003  5  4 124     8.2   27.7   25.9 -999.9    0.0    1.5   13.2  330.0
 serres 2003  5  5 125    11.1   30.1   19.1 -999.9    0.0    2.5   13.8  330.0
 serres 2003  5  6 126    10.5   31.0   25.6 -999.9    0.0    1.8   13.6  330.0
 serres 2003  5  7 127    13.7   27.8   21.7 -999.9    0.0    2.1   13.8  330.0
 serres 2003  5  8 128    10.7   26.0   27.7 -999.9    0.0    1.5   13.0  330.0
 serres 2003  5  9 129    10.8   27.4   25.2 -999.9    0.0    1.9   12.5  330.0
 serres 2003  5 10 130    10.5   25.8   19.9 -999.9    0.0    1.5   13.1  330.0
 serres 2003  5 11 131    11.1   28.6   27.6 -999.9    0.0    1.4   14.1  330.0
 serres 2003  5 12 132    12.9   27.1   28.0 -999.9    0.0    2.1   13.7  330.0
 serres 2003  5 13 133    10.6   25.7   27.2 -999.9    0.0    3.7   11.5  330.0
 serres 2003  5 14 134    10.3   20.2   29.6 -999.9    0.0    6.1    6.7  330.0
 serres 2003  5 15 135     9.7   23.6   29.2 -999.9    0.0    2.9    7.7  330.0
 serres 2003  5 16 136     9.1   26.1   26.0 -999.9    0.0    1.7   10.2  330.0
 serres 2003  5 17 137     9.6   24.7   19.3 -999.9    0.0    1.4   10.9  330.0
 serres 2003  5 18 138    12.4   28.4   26.6 -999.9    0.0    1.5   14.1  330.0
 serres 2003  5 19 139    10.8   26.3   25.4 -999.9    5.4    2.5   14.2  330.0
 serres 2003  5 20 140    11.5   22.4   29.0 -999.9    0.0    4.7   10.9  330.0
 serres 2003  5 21 141    10.2   21.4   29.1 -999.9    0.0    4.7    9.9  330.0
 serres 2003  5 22 142    11.6   24.7   29.5 -999.9    0.0    4.8   11.1  330.0
 serres 2003  5 23 143    12.4   30.3   29.6 -999.9    0.0    2.1   12.8  330.0
 serres 2003  5 24 144     8.8   29.0   26.6 -999.9    0.0    2.3   12.1  330.0
 serres 2003  5 25 145    11.2   22.0   15.7 -999.9    9.8    2.6   13.2  330.0
 serres 2003  5 26 146    12.0   20.6    9.4 -999.9    1.6    2.6   13.8  330.0
 serres 2003  5 27 147    11.4   24.3   15.6 -999.9    0.2    1.5   15.0  330.0
 serres 2003  5 28 148    11.7   30.0   26.7 -999.9    0.0    1.6   15.9  330.0
 serres 2003  5 29 149    13.4   32.3   26.3 -999.9    0.0    1.5   16.4  330.0
 serres 2003  5 30 150    14.4   32.4   28.4 -999.9    0.0    1.5   17.3  330.0
 serres 2003  5 31 151    14.3   32.4   27.6 -999.9    0.0    1.4   17.6  330.0
 serres 2003  6  1 152    15.1   32.5   27.5 -999.9    0.0    1.5   18.0  330.0
 serres 2003  6  2 153    14.3   31.7   27.7 -999.9    0.0    1.6   16.3  330.0
 serres 2003  6  3 154    13.9   30.4   21.4 -999.9    0.0    1.9   16.9  330.0
 serres 2003  6  4 155    14.2   32.1   27.7 -999.9    0.0    1.9   15.9  330.0
 serres 2003  6  5 156    13.5   33.3   24.1 -999.9    0.0    1.7   16.1  330.0
 serres 2003  6  6 157    15.5   30.4   29.3 -999.9    0.0    2.0   17.4  330.0
 serres 2003  6  7 158    14.8   33.4   29.4 -999.9    0.0    1.6   17.7  330.0
 serres 2003  6  8 159    15.3   33.1   29.3 -999.9    0.0    1.5   17.8  330.0
 serres 2003  6  9 160    14.4   34.8   30.0 -999.9    0.0    1.6   16.9  330.0
 serres 2003  6 10 161    16.2   34.0   29.3 -999.9    0.0    1.5   18.8  330.0
 serres 2003  6 11 162    15.9   34.9   29.7 -999.9    0.0    1.6   18.0  330.0
 serres 2003  6 12 163    15.6   35.1   29.6 -999.9    0.0    1.8   16.7  330.0
 serres 2003  6 13 164    15.7   37.1   29.2 -999.9    0.0    1.6   16.9  330.0
 serres 2003  6 14 165    18.3   38.1   27.6 -999.9    0.0    1.5   22.2  330.0
 serres 2003  6 15 166    19.7   36.1   20.0 -999.9    0.0    2.2   20.5  330.0
 serres 2003  6 16 167    17.9   36.0   29.3 -999.9    0.0    2.5   20.6  330.0
 serres 2003  6 17 168    19.7   35.9   26.1 -999.9    0.0    2.3   18.9  330.0
 serres 2003  6 18 169    18.9   30.2   29.8 -999.9    0.0    4.8   15.9  330.0
 serres 2003  6 19 170    21.2   33.0   30.7 -999.9    0.0    4.8   12.9  330.0
 serres 2003  6 20 171    17.3   37.5   30.8 -999.9    0.0    3.3   16.2  330.0
 serres 2003  6 21 172    20.5   37.7   31.4 -999.9    0.0    3.2   15.5  330.0
 serres 2003  6 22 173    16.1   36.0   29.5 -999.9    0.0    1.5   19.4  330.0
 serres 2003  6 23 174    14.2   37.1   30.2 -999.9    0.0    1.8   16.1  330.0
 serres 2003  6 24 175    16.2   37.0   27.3 -999.9    0.0    1.9   15.1  330.0
 serres 2003  6 25 176    18.2   38.1   26.6 -999.9    0.0    1.8   21.3  330.0
 serres 2003  6 26 177    19.6   37.9   25.1 -999.9    4.4    1.6   24.1  330.0
 serres 2003  6 27 178    17.5   34.2   29.4 -999.9    0.0    2.9   19.5  330.0
 serres 2003  6 28 179    18.7   33.0   22.5 -999.9    0.0    2.2   15.3  330.0
 serres 2003  6 29 180    16.4   34.3   29.4 -999.9    0.0    2.1   18.4  330.0
 serres 2003  6 30 181    16.0   35.2   28.9 -999.9    0.0    2.2   18.5  330.0
 serres 2003  7  1 182    18.0   31.3   24.4 -999.9    0.2    3.1   17.2  330.0
 serres 2003  7  2 183    14.9   28.9   26.4 -999.9    0.0    2.1   12.7  330.0
 serres 2003  7  3 184    15.5   29.0   29.2 -999.9    0.0    2.7   13.1  330.0
 serres 2003  7  4 185    18.0   27.8   30.7 -999.9    0.0    5.0   12.0  330.0
 serres 2003  7  5 186    16.6   29.9   31.0 -999.9    0.0    3.8   12.1  330.0
 serres 2003  7  6 187    11.4   31.5   30.9 -999.9    0.0    2.5   12.6  330.0
 serres 2003  7  7 188    12.4   34.8   30.1 -999.9    0.0    2.6   13.5  330.0
 serres 2003  7  8 189    14.7   34.4   30.5 -999.9    0.0    3.2   12.9  330.0
 serres 2003  7  9 190    15.7   33.2   25.0 -999.9    0.0    3.1   14.1  330.0
 serres 2003  7 10 191    16.8   36.7   28.9 -999.9    0.0    1.7   15.5  330.0
 serres 2003  7 11 192    16.8   36.7   29.8 -999.9    0.0    3.0   14.6  330.0
 serres 2003  7 12 193    16.3   37.9   29.4 -999.9    0.0    1.6   16.1  330.0
 serres 2003  7 13 194    17.7   38.2   28.7 -999.9    0.0    1.7   18.7  330.0
 serres 2003  7 14 195    17.1   36.6   28.0 -999.9    0.0    1.8   16.1  330.0
 serres 2003  7 15 196    17.4   35.5   27.8 -999.9    0.0    2.1   17.3  330.0
 serres 2003  7 16 197    18.5   32.4   22.0 -999.9    0.0    1.8   19.0  330.0
 serres 2003  7 17 198    15.5   33.5   29.9 -999.9    0.0    2.4   15.7  330.0
 serres 2003  7 18 199    13.1   36.4   30.9 -999.9    0.0    2.6   13.9  330.0
 serres 2003  7 19 200    14.8   38.2   29.2 -999.9    0.0    1.6   17.1  330.0
 serres 2003  7 20 201    18.5   36.9   27.0 -999.9    0.0    2.3   19.5  330.0
 serres 2003  7 21 202    18.5   38.3   25.3 -999.9    0.0    2.0   19.3  330.0
 serres 2003  7 22 203    19.2   37.2   27.3 -999.9    0.0    1.8   20.5  330.0
 serres 2003  7 23 204    19.1   38.6   27.5 -999.9   12.8    2.2   21.6  330.0
 serres 2003  7 24 205    17.6   31.9   27.6 -999.9    0.0    3.0   19.5  330.0
 serres 2003  7 25 206    15.3   34.3   28.0 -999.9    0.0    1.5   17.1  330.0
 serres 2003  7 26 207    18.0   37.7   25.8 -999.9    0.0    1.9   21.5  330.0
 serres 2003  7 27 208    19.7   34.2   19.3 -999.9    1.0    1.9   23.3  330.0
 serres 2003  7 28 209    16.7   31.3   29.0 -999.9    0.0    4.0   16.9  330.0
 serres 2003  7 29 210    20.2   30.9   28.8 -999.9    0.0    5.2   13.1  330.0
 serres 2003  7 30 211    16.6   35.1   26.7 -999.9    0.0    2.8   14.7  330.0
 serres 2003  7 31 212    19.9   28.7   27.3 -999.9    0.0    5.1   15.5  330.0
 serres 2003  8  1 213    14.3   35.1   28.3 -999.9    0.0    2.0   15.2  330.0
 serres 2003  8  2 214    17.0   38.5   27.5 -999.9    0.0    1.7   16.9  330.0
 serres 2003  8  3 215    17.4   38.6   26.5 -999.9    0.0    1.7   19.1  330.0
 serres 2003  8  4 216    19.3   40.2   26.2 -999.9    0.0    1.7   16.7  330.0
 serres 2003  8  5 217    20.4   41.1   26.1 -999.9    0.0    1.6   17.5  330.0
 serres 2003  8  6 218    21.4   41.0   24.3 -999.9    0.0    1.9   18.9  330.0
 serres 2003  8  7 219    19.8   40.2   25.2 -999.9    0.0    2.3   18.0  330.0
 serres 2003  8  8 220    18.0   39.6   19.4 -999.9    0.0    1.5   17.0  330.0
 serres 2003  8  9 221    18.2   39.7   24.9 -999.9    0.0    1.3   17.4  330.0
 serres 2003  8 10 222    19.2   40.4   25.4 -999.9    0.0    1.5   18.5  330.0
 serres 2003  8 11 223    18.9   41.4   24.7 -999.9    0.0    1.6   19.9  330.0
 serres 2003  8 12 224    18.8   41.9   24.9 -999.9    0.0    1.5   19.5  330.0
 serres 2003  8 13 225    20.4   41.2   22.8 -999.9    0.0    1.5   22.0  330.0
 serres 2003  8 14 226    21.2   38.4   14.2 -999.9    0.8    1.7   22.6  330.0
 serres 2003  8 15 227    17.5   35.3   16.8 -999.9    0.0    1.5   20.0  330.0
 serres 2003  8 16 228    18.8   36.6   21.8 -999.9    0.0    1.4   20.8  330.0
 serres 2003  8 17 229    19.4   33.9   12.8 -999.9    3.0    2.1   23.6  330.0
 serres 2003  8 18 230    17.9   34.3   23.3 -999.9    0.0    1.3   21.1  330.0
 serres 2003  8 19 231    17.6   35.8   25.2 -999.9    0.0    2.1   19.3  330.0
 serres 2003  8 20 232    15.5   37.7   21.4 -999.9    0.0    1.5   17.6  330.0
 serres 2003  8 21 233    17.2   33.7   24.7 -999.9    0.0    2.0   19.4  330.0
 serres 2003  8 22 234    15.8   36.6   24.3 -999.9    0.0    2.0   16.7  330.0
 serres 2003  8 23 235    18.0   37.2   23.3 -999.9    0.0    1.5   18.5  330.0
 serres 2003  8 24 236    17.6   37.9   21.5 -999.9    0.0    1.6   19.6  330.0
 serres 2003  8 25 237    20.6   36.1   20.6 -999.9    0.0    1.9   16.8  330.0
 serres 2003  8 26 238    17.4   35.4   23.9 -999.9    0.0    2.7   16.5  330.0
 serres 2003  8 27 239    16.6   37.7   23.1 -999.9    0.0    1.6   17.6  330.0
 serres 2003  8 28 240    19.8   35.0   18.2 -999.9    0.0    3.0   21.0  330.0
 serres 2003  8 29 241    24.8   33.1   15.9 -999.9    0.0    2.9   19.6  330.0
 serres 2003  8 30 242    15.8   32.3   21.4 -999.9    0.8    2.0   17.5  330.0
 serres 2003  8 31 243    17.2   26.0   23.0 -999.9    0.0    3.7   15.5  330.0
 serres 2003  9  1 244    15.7   25.8   23.0 -999.9    0.0    4.1    8.8  330.0
 serres 2003  9  2 245    13.7   26.4   22.9 -999.9    0.0    3.5   10.3  330.0
 serres 2003  9  3 246     8.7   28.9   22.5 -999.9    0.0    1.8   11.2  330.0
 serres 2003  9  4 247    10.8   31.4   21.8 -999.9    0.0    1.7   12.9  330.0
 serres 2003  9  5 248    14.0   21.9    4.3 -999.9    0.0    1.5   12.6  330.0
 serres 2003  9  6 249    10.3   30.2   22.2 -999.9    0.0    1.8   13.5  330.0
 serres 2003  9  7 250    13.1   27.8    8.8 -999.9   38.6    1.8   16.0  330.0
 serres 2003  9  8 251    13.9   23.2   13.9 -999.9    4.0    1.4   15.1  330.0
 serres 2003  9  9 252    15.0   20.8   10.5 -999.9    0.4    3.7   15.7  330.0
 serres 2003  9 10 253    18.0   23.9   15.8 -999.9    0.0    6.6   11.9  330.0
 serres 2003  9 11 254    14.5   24.5   20.6 -999.9    0.0    5.7   13.4  330.0
 serres 2003  9 12 255    16.9   25.4   21.4 -999.9    0.0    5.5   13.3  330.0
 serres 2003  9 13 256    12.4   27.9   20.1 -999.9    0.6    2.8   13.9  330.0
 serres 2003  9 14 257    12.5   26.9   20.9 -999.9    0.0    2.3   14.0  330.0
 serres 2003  9 15 258    10.7   28.1   20.5 -999.9    0.0    1.5   13.4  330.0
 serres 2003  9 16 259    10.6   29.6   20.3 -999.9    0.0    1.8   13.6  330.0
 serres 2003  9 17 260    10.5   30.6   20.2 -999.9    0.0    1.1   14.6  330.0
 serres 2003  9 18 261    10.5   30.5   19.7 -999.9    0.0    1.5   13.6  330.0
 serres 2003  9 19 262    10.4   30.4   19.2 -999.9    0.0    1.5   12.7  330.0
 serres 2003  9 20 263     9.0   29.7   19.6 -999.9    0.0    1.6   13.1  330.0
 serres 2003  9 21 264    10.8   29.1   19.2 -999.9    0.0    1.3   15.3  330.0
 serres 2003  9 22 265    13.0   21.9    3.0 -999.9   48.0    1.5   15.4  330.0
 serres 2003  9 23 266    13.7   25.5   18.4 -999.9    0.0    2.1   16.4  330.0
 serres 2003  9 24 267    12.1   23.1   19.2 -999.9    0.0    2.4   13.5  330.0
 serres 2003  9 25 268     9.9   26.0   17.6 -999.9    0.0    1.0   14.6  330.0
 serres 2003  9 26 269    13.7   26.1   15.6 -999.9    0.0    1.0   16.1  330.0
 serres 2003  9 27 270    14.4   22.7    7.1 -999.9   16.0    1.2   16.8  330.0
 serres 2003  9 28 271    15.3   17.8    3.0 -999.9   11.8    1.1   17.6  330.0
 serres 2003  9 29 272    11.4   21.9   18.3 -999.9    0.0    2.4   12.8  330.0
 serres 2003  9 30 273     7.6   21.6    5.8 -999.9    0.2    1.7   11.6  330.0
 serres 2003 10  1 274    19.2   27.4   11.9 -999.9    0.0    4.4   18.7  330.0
 serres 2003 10  2 275    15.8   30.1   15.4 -999.9    0.0    1.9   18.8  330.0
 serres 2003 10  3 276    20.0   26.7   13.4 -999.9    0.0    1.8   21.4  330.0
 serres 2003 10  4 277    12.2   23.4   12.9 -999.9    0.6    2.1   14.2  330.0
 serres 2003 10  5 278    10.9   15.8   12.7 -999.9    0.0    4.8   10.4  330.0
 serres 2003 10  6 279     9.1   17.4   16.9 -999.9    0.0    4.0    8.9  330.0
 serres 2003 10  7 280     3.5   20.5   12.0 -999.9    0.0    1.8    9.3  330.0
 serres 2003 10  8 281     9.6   17.8   16.4 -999.9    0.0    5.0    8.8  330.0
 serres 2003 10  9 282    12.4   22.2   14.8 -999.9    0.0    5.6   11.0  330.0
 serres 2003 10 10 283     7.6   25.0   16.1 -999.9    0.2    1.3   12.7  330.0
 serres 2003 10 11 284     6.9   23.1   15.2 -999.9    0.0    1.0   12.7  330.0
 serres 2003 10 12 285    14.2   23.8    8.7 -999.9    0.0    1.1   15.2  330.0
 serres 2003 10 13 286    15.6   22.2    6.4 -999.9    0.0    1.2   16.1  330.0
 serres 2003 10 14 287    11.4   25.5   12.6 -999.9    0.8    1.0   14.7  330.0
 serres 2003 10 15 288    12.6   23.5   11.8 -999.9    0.0    0.8   15.1  330.0
 serres 2003 10 16 289     8.0   20.6   13.1 -999.9    0.2    0.9   11.6  330.0
 serres 2003 10 17 290     6.6   15.3    3.6 -999.9    0.0    0.6   10.3  330.0
 serres 2003 10 18 291     6.4   16.4    6.7 -999.9    0.0    1.0    9.9  330.0
 serres 2003 10 19 292    10.0   16.4    3.6 -999.9    7.8    2.1   11.4  330.0
 serres 2003 10 20 293    12.8   20.5    6.8 -999.9    0.0    1.2   14.7  330.0
 serres 2003 10 21 294     9.3   14.3   13.5 -999.9    0.0    3.2    9.3  330.0
 serres 2003 10 22 295     0.2   17.2   13.0 -999.9    4.0    1.1    7.1  330.0
 serres 2003 10 23 296     5.2   14.9   12.6 -999.9    0.2    1.8    8.4  330.0
 serres 2003 10 24 297     3.8   10.3   12.8 -999.9    0.0    4.8    7.4  330.0
 serres 2003 10 25 298    -2.0   12.7   12.6 -999.9    0.0    1.9    6.3  330.0
 serres 2003 10 26 299    -1.9    7.6    2.1 -999.9    9.6    0.7    6.9  330.0
 serres 2003 10 27 300     5.5   14.2    9.5 -999.9    0.0    0.7    8.9  330.0
 serres 2003 10 28 301     3.7   16.4    5.9 -999.9    6.0    1.5    8.7  330.0
 serres 2003 10 29 302     8.6   15.8    7.1 -999.9    3.4    1.9   10.6  330.0
 serres 2003 10 30 303     2.6   15.7    8.4 -999.9    0.4    1.5    8.8  330.0
 serres 2003 10 31 304     9.8   17.2    1.7 -999.9   15.6    4.7   12.1  330.0
 serres 2003 11  1 305     5.0   18.2   11.5 -999.9    0.2    1.8    9.4  330.0
 serres 2003 11  2 306     4.4   16.8   11.4 -999.9    0.0    2.5    8.9  330.0
 serres 2003 11  3 307     3.1   18.5   10.6 -999.9    0.2    1.4    9.4  330.0
 serres 2003 11  4 308     3.9   19.4   10.9 -999.9    0.0    1.3    9.9  330.0
 serres 2003 11  5 309     2.7   19.9   10.9 -999.9    0.0    1.1    9.7  330.0
 serres 2003 11  6 310     1.0   17.6   10.8 -999.9    0.0    1.0    8.5  330.0
 serres 2003 11  7 311     1.7    9.8    2.0 -999.9   31.2    1.3    8.0  330.0
 serres 2003 11  8 312     5.5   13.0    3.6 -999.9    1.8    1.3    9.8  330.0
 serres 2003 11  9 313     7.4   13.9    1.6 -999.9    0.2    1.4   10.5  330.0
 serres 2003 11 10 314     8.4   19.3    9.0 -999.9    0.2    0.8   11.9  330.0
 serres 2003 11 11 315     4.6   18.8    9.4 -999.9    0.2    0.9   10.6  330.0
 serres 2003 11 12 316     8.9   13.8    1.6 -999.9    4.8    0.6   12.1  330.0
 serres 2003 11 13 317     6.7   15.4    9.8 -999.9    0.0    1.8   10.1  330.0
 serres 2003 11 14 318     3.2   12.9    4.1 -999.9    0.2    0.6    9.3  330.0
 serres 2003 11 15 319     1.9   15.2    5.8 -999.9    0.4    2.3    9.1  330.0
 serres 2003 11 16 320    12.1   16.4    0.6 -999.9   15.2    3.0   12.7  330.0
 serres 2003 11 17 321     7.8   15.0    7.6 -999.9    0.4    1.0   10.8  330.0
 serres 2003 11 18 322     2.2   15.8    7.7 -999.9    0.2    0.4    8.8  330.0
 serres 2003 11 19 323     1.7   18.3    8.8 -999.9    0.0    1.0    9.1  330.0
 serres 2003 11 20 324     1.4   16.0    8.0 -999.9    0.0    0.7    9.0  330.0
 serres 2003 11 21 325     4.5   16.3    2.5 -999.9    0.0    1.2   10.4  330.0
 serres 2003 11 22 326    13.4   19.0    5.3 -999.9    0.0    4.8   13.3  330.0
 serres 2003 11 23 327    15.5   19.1    4.0 -999.9    0.0    6.9   11.3  330.0
 serres 2003 11 24 328    11.8   17.6    0.8 -999.9   34.4    3.1   12.6  330.0
 serres 2003 11 25 329    10.8   15.8    4.0 -999.9    0.2    0.5   13.9  330.0
 serres 2003 11 26 330     5.3   13.3    5.3 -999.9    3.0    1.0   10.0  330.0
 serres 2003 11 27 331     6.3   11.8    1.3 -999.9    5.6    2.8    9.2  330.0
 serres 2003 11 28 332     5.7   10.5    7.7 -999.9    0.0    6.5    6.5  330.0
 serres 2003 11 29 333     0.1   11.3    8.0 -999.9    0.2    1.6    6.7  330.0
 serres 2003 11 30 334     3.5   14.5    1.5 -999.9    6.4    2.4    9.3  330.0
 serres 2003 12  1 335    11.5   14.2    1.3 -999.9   94.2    5.4   12.0  330.0
 serres 2003 12  2 336     8.9   12.3    0.4 -999.9   48.8    1.8   11.7  330.0
 serres 2003 12  3 337     7.8   18.2    1.2 -999.9    0.4    2.9   10.1  330.0
 serres 2003 12  4 338     7.6   16.2    3.9 -999.9    5.8    1.9   10.8  330.0
 serres 2003 12  5 339     6.3   13.9    4.0 -999.9    0.0    1.0   10.0  330.0
 serres 2003 12  6 340     3.3   12.8    6.3 -999.9    0.2    0.9    8.4  330.0
 serres 2003 12  7 341    -1.2   11.8    5.4 -999.9    0.0    1.2    7.1  330.0
 serres 2003 12  8 342    -0.6   10.7    7.5 -999.9    0.0    1.5    6.0  330.0
 serres 2003 12  9 343    -3.9    7.6    5.8 -999.9    0.0    0.7    5.5  330.0
 serres 2003 12 10 344    -0.8   11.2    6.8 -999.9    0.0    1.0    6.5  330.0
 serres 2003 12 11 345    -2.9   11.5    7.4 -999.9    0.0    1.0    6.1  330.0
 serres 2003 12 12 346    -1.3   16.5    6.8 -999.9    0.0    1.6    7.8  330.0
 serres 2003 12 13 347     1.0   14.7    5.7 -999.9    0.0    1.2    8.0  330.0
 serres 2003 12 14 348     3.1   17.8    7.2 -999.9    0.0    4.5    8.6  330.0
 serres 2003 12 15 349     7.2   10.4    7.3 -999.9    0.0    6.8    5.5  330.0
 serres 2003 12 16 350     2.9    9.5    7.4 -999.9    0.0    3.7    6.0  330.0
 serres 2003 12 17 351    -1.2   11.4    2.1 -999.9    0.6    0.9    6.7  330.0
 serres 2003 12 18 352     9.3   14.4    5.4 -999.9    0.4    4.1    9.6  330.0
 serres 2003 12 19 353     7.0   10.2    1.8 -999.9    0.2    1.4    8.1  330.0
 serres 2003 12 20 354     0.3   11.0    5.5 -999.9    0.0    0.9    7.5  330.0
 serres 2003 12 21 355     6.5   14.2    3.3 -999.9    0.2    2.5    8.5  330.0
 serres 2003 12 22 356    -0.5    5.8    5.2 -999.9    0.2    6.3    5.2  330.0
 serres 2003 12 23 357     1.4    5.0    6.8 -999.9    0.0    6.4    4.3  330.0
 serres 2003 12 24 358    -3.6    9.4    7.7 -999.9    0.0    1.6    4.2  330.0
 serres 2003 12 25 359    -5.6   10.8    7.4 -999.9    0.0    1.1    4.3  330.0
 serres 2003 12 26 360    -5.9   10.9    7.3 -999.9    0.0    1.3    4.6  330.0
 serres 2003 12 27 361     2.0   12.1    1.3 -999.9    0.2    2.8    6.9  330.0
 serres 2003 12 28 362     7.4   11.8    0.6 -999.9    3.8    5.1    8.7  330.0
 serres 2003 12 29 363     1.3    9.0    7.3 -999.9    0.0    3.8    5.8  330.0
 serres 2003 12 30 364    -1.8    8.4    6.5 -999.9    0.0    1.7    5.9  330.0
 serres 2003 12 31 365     2.0    6.4    4.8 -999.9    0.0    5.5    5.4  330.0
