climtom 2001  1  1   1    11.4   31.8   30.7    5.3    0.0 -999.9 -999.9  330.0
climtom 2001  1  2   2    11.4   28.6   31.0    5.1    0.0 -999.9 -999.9  330.0
climtom 2001  1  3   3    11.4   24.7   23.4    3.2    0.0 -999.9 -999.9  330.0
climtom 2001  1  4   4    10.2   30.2   31.0    5.4    0.0 -999.9 -999.9  330.0
climtom 2001  1  5   5    15.3   31.0   29.3    5.1    0.0 -999.9 -999.9  330.0
climtom 2001  1  6   6    15.7   29.8   28.9    4.1    0.0 -999.9 -999.9  330.0
climtom 2001  1  7   7    17.6   26.3   20.5    4.1    0.0 -999.9 -999.9  330.0
climtom 2001  1  8   8    12.1   26.3   28.5    4.4    0.0 -999.9 -999.9  330.0
climtom 2001  1  9   9    11.4   21.6   11.0    1.1    6.2 -999.9 -999.9  330.0
climtom 2001  1 10  10     9.4   23.5   31.5    4.5    0.2 -999.9 -999.9  330.0
climtom 2001  1 11  11     9.8   28.6   31.2    4.8    0.0 -999.9 -999.9  330.0
climtom 2001  1 12  12    12.9   29.0   30.9    5.1    0.0 -999.9 -999.9  330.0
climtom 2001  1 13  13    12.5   29.0   30.7    5.1    0.0 -999.9 -999.9  330.0
climtom 2001  1 14  14    12.5   31.4   30.9    5.1    0.0 -999.9 -999.9  330.0
climtom 2001  1 15  15    13.3   31.4   30.5    5.2    0.0 -999.9 -999.9  330.0
climtom 2001  1 16  16    13.3   30.2   28.1    4.7    0.0 -999.9 -999.9  330.0
climtom 2001  1 17  17    12.5   27.5   30.6    4.6    0.0 -999.9 -999.9  330.0
climtom 2001  1 18  18    11.4   27.5   30.5    4.9    0.0 -999.9 -999.9  330.0
climtom 2001  1 19  19    10.6   32.2   30.1    4.9    0.0 -999.9 -999.9  330.0
climtom 2001  1 20  20    10.2   29.8   30.0    5.3    0.0 -999.9 -999.9  330.0
climtom 2001  1 21  21     8.2   29.8   30.0    4.9    0.0 -999.9 -999.9  330.0
climtom 2001  1 22  22    11.8   29.4   29.9    4.7    0.0 -999.9 -999.9  330.0
climtom 2001  1 23  23    12.5   32.2   29.1    5.1    0.0 -999.9 -999.9  330.0
climtom 2001  1 24  24    13.3   32.9   29.3    5.3    0.0 -999.9 -999.9  330.0
climtom 2001  1 25  25    13.3   31.8   29.5    5.4    0.0 -999.9 -999.9  330.0
climtom 2001  1 26  26    14.1   32.2   29.3    5.3    0.0 -999.9 -999.9  330.0
climtom 2001  1 27  27    11.8   29.0   27.3    4.5    0.0 -999.9 -999.9  330.0
climtom 2001  1 28  28    14.1   29.4   29.3    4.9    0.0 -999.9 -999.9  330.0
climtom 2001  1 29  29    14.1   29.8   29.0    4.9    0.0 -999.9 -999.9  330.0
climtom 2001  1 30  30    13.7   30.2   28.0    3.1    0.0 -999.9 -999.9  330.0
climtom 2001  1 31  31     6.7   32.2   28.8    3.9    0.0 -999.9 -999.9  330.0
climtom 2001  2  1  32    12.1   28.2   29.3    4.6    0.0 -999.9 -999.9  330.0
climtom 2001  2  2  33    15.7   25.9   27.3    4.5    0.0 -999.9 -999.9  330.0
climtom 2001  2  3  34    11.8   28.6   28.9    4.6    0.0 -999.9 -999.9  330.0
climtom 2001  2  4  35    15.7   31.8   28.3    4.9    0.0 -999.9 -999.9  330.0
climtom 2001  2  5  36    14.9   33.7   29.1    5.7    0.0 -999.9 -999.9  330.0
climtom 2001  2  6  37    13.7   30.6   28.5    5.1    0.0 -999.9 -999.9  330.0
climtom 2001  2  7  38    13.3   30.2   28.3    4.7    0.0 -999.9 -999.9  330.0
climtom 2001  2  8  39    11.0   31.4   28.0    4.6    0.0 -999.9 -999.9  330.0
climtom 2001  2  9  40    11.8   28.6   24.5    3.9    0.0 -999.9 -999.9  330.0
climtom 2001  2 10  41    11.0   26.3   30.5    5.1    0.0 -999.9 -999.9  330.0
climtom 2001  2 11  42    11.4   27.8   30.3    5.4    0.0 -999.9 -999.9  330.0
climtom 2001  2 12  43    12.5   31.4   29.9    5.3    0.0 -999.9 -999.9  330.0
climtom 2001  2 13  44    11.8   30.6   29.1    4.9    0.0 -999.9 -999.9  330.0
climtom 2001  2 14  45    14.1   20.0   29.4    4.7    0.0 -999.9 -999.9  330.0
climtom 2001  2 15  46    14.5   30.2   29.0    4.6    0.0 -999.9 -999.9  330.0
climtom 2001  2 16  47    15.7   32.2   28.0    5.0    0.0 -999.9 -999.9  330.0
climtom 2001  2 17  48    15.3   32.5   28.1    5.0    0.0 -999.9 -999.9  330.0
climtom 2001  2 18  49    15.3   32.5   28.0    4.8    0.0 -999.9 -999.9  330.0
climtom 2001  2 19  50    14.1   27.5   28.2    4.3    0.0 -999.9 -999.9  330.0
climtom 2001  2 20  51    13.3   27.8   26.9    4.3    0.0 -999.9 -999.9  330.0
climtom 2001  2 21  52    12.5   30.6   28.2    4.6    0.0 -999.9 -999.9  330.0
climtom 2001  2 22  53    12.9   31.4   27.5    4.7    0.0 -999.9 -999.9  330.0
climtom 2001  2 23  54    11.4   27.8   27.2    4.5    0.0 -999.9 -999.9  330.0
climtom 2001  2 24  55     9.4   29.8   27.2    4.3    0.0 -999.9 -999.9  330.0
climtom 2001  2 25  56    10.2   31.8   27.0    4.4    0.0 -999.9 -999.9  330.0
climtom 2001  2 26  57    11.4   30.6   27.0    4.6    0.0 -999.9 -999.9  330.0
climtom 2001  2 27  58    15.7   29.4   20.4    3.2    0.0 -999.9 -999.9  330.0
climtom 2001  2 28  59    11.8   28.2   26.6    4.4    0.0 -999.9 -999.9  330.0
climtom 2001  3  1  60    13.3   28.6   26.7    4.4    0.0 -999.9 -999.9  330.0
climtom 2001  3  2  61    10.6   27.8   26.2    4.0    0.0 -999.9 -999.9  330.0
climtom 2001  3  3  62    11.4   31.4   25.4    4.2    0.0 -999.9 -999.9  330.0
climtom 2001  3  4  63    12.1   29.8   25.4    4.1    0.0 -999.9 -999.9  330.0
climtom 2001  3  5  64    12.5   26.3   25.8    3.9    0.0 -999.9 -999.9  330.0
climtom 2001  3  6  65    10.6   27.8   25.5    4.0    0.0 -999.9 -999.9  330.0
climtom 2001  3  7  66     9.4   28.6   23.9    3.5    0.0 -999.9 -999.9  330.0
climtom 2001  3  8  67     9.8   29.4   24.4    3.9    0.0 -999.9 -999.9  330.0
climtom 2001  3  9  68    11.0   26.3   21.5    3.2    0.0 -999.9 -999.9  330.0
climtom 2001  3 10  69     9.8   27.8   21.7    3.4    0.0 -999.9 -999.9  330.0
climtom 2001  3 11  70    13.3   31.4   23.8    3.8    0.0 -999.9 -999.9  330.0
climtom 2001  3 12  71    14.1   25.1   13.2    1.5    0.0 -999.9 -999.9  330.0
climtom 2001  3 13  72    11.8   27.0   23.4    3.3    0.0 -999.9 -999.9  330.0
climtom 2001  3 14  73     9.8   29.4   24.0    4.0    0.0 -999.9 -999.9  330.0
climtom 2001  3 15  74    14.5   30.2   21.7    3.4    0.0 -999.9 -999.9  330.0
climtom 2001  3 16  75    11.0   31.0   22.3    3.7    0.0 -999.9 -999.9  330.0
climtom 2001  3 17  76    12.9   29.8   23.0    3.8    0.0 -999.9 -999.9  330.0
climtom 2001  3 18  77    14.1   25.9   21.4    3.1    0.0 -999.9 -999.9  330.0
climtom 2001  3 19  78     5.9   24.7   22.4    2.9    0.0 -999.9 -999.9  330.0
climtom 2001  3 20  79     7.8   25.1   21.1    2.9    0.0 -999.9 -999.9  330.0
climtom 2001  3 21  80     9.0   20.4   13.8    1.4    0.0 -999.9 -999.9  330.0
climtom 2001  3 22  81    12.1   18.4    7.4    1.1    0.0 -999.9 -999.9  330.0
