climbet 1994  1  1   1    -0.3    2.8    4.7    0.6    0.4 -999.9 -999.9  330.0
climbet 1994  1  2   2    -2.1    1.6    3.5    0.3    0.6 -999.9 -999.9  330.0
climbet 1994  1  3   3    -0.4    2.8    3.4    0.7    0.0 -999.9 -999.9  330.0
climbet 1994  1  4   4    -4.0    0.3    5.1    1.1    0.0 -999.9 -999.9  330.0
climbet 1994  1  5   5    -6.5   -2.3    4.3    0.5    1.4 -999.9 -999.9  330.0
climbet 1994  1  6   6    -4.0    2.3    1.2    0.5    0.0 -999.9 -999.9  330.0
climbet 1994  1  7   7    -0.3    2.5    1.8    0.3    0.0 -999.9 -999.9  330.0
climbet 1994  1  8   8     0.2    3.1    0.6    0.4    5.4 -999.9 -999.9  330.0
climbet 1994  1  9   9    -0.1    8.5    3.3    0.3    0.0 -999.9 -999.9  330.0
climbet 1994  1 10  10     4.1   10.4    2.5    0.2   11.4 -999.9 -999.9  330.0
climbet 1994  1 11  11     1.9    4.7    3.2    0.2    0.0 -999.9 -999.9  330.0
climbet 1994  1 12  12     0.6    5.5    2.9    0.0    6.4 -999.9 -999.9  330.0
climbet 1994  1 13  13    -0.8    4.5    2.2    1.2    0.0 -999.9 -999.9  330.0
climbet 1994  1 14  14     3.8    6.1    2.2    1.2    0.4 -999.9 -999.9  330.0
climbet 1994  1 15  15     4.2    6.8    2.1    0.2    0.0 -999.9 -999.9  330.0
climbet 1994  1 16  16     0.3    2.6    2.0    0.3    0.0 -999.9 -999.9  330.0
climbet 1994  1 17  17     0.0    9.3    3.8    0.4    3.8 -999.9 -999.9  330.0
climbet 1994  1 18  18     3.5    6.0    1.5    0.4    2.4 -999.9 -999.9  330.0
climbet 1994  1 19  19     1.2    9.7    2.6    0.2    2.6 -999.9 -999.9  330.0
climbet 1994  1 20  20     6.0    9.1    4.6    0.1    0.2 -999.9 -999.9  330.0
climbet 1994  1 21  21     1.8    9.2    2.7    0.2    8.4 -999.9 -999.9  330.0
climbet 1994  1 22  22     7.1   13.3    0.8    0.0   15.8 -999.9 -999.9  330.0
climbet 1994  1 23  23     4.5    8.0    4.5    0.3    0.4 -999.9 -999.9  330.0
climbet 1994  1 24  24     3.8   10.7    3.7    0.4   13.0 -999.9 -999.9  330.0
climbet 1994  1 25  25     3.9   12.9    1.2    0.6   13.2 -999.9 -999.9  330.0
climbet 1994  1 26  26     3.8   11.5    1.4    1.6   13.4 -999.9 -999.9  330.0
climbet 1994  1 27  27    -0.6    9.8    3.3    0.7    8.8 -999.9 -999.9  330.0
climbet 1994  1 28  28     3.6   10.8    5.0    2.2    2.0 -999.9 -999.9  330.0
climbet 1994  1 29  29     6.6   10.3    1.0    0.6   29.2 -999.9 -999.9  330.0
climbet 1994  1 30  30     3.4    6.1    5.2    0.9    0.0 -999.9 -999.9  330.0
climbet 1994  1 31  31    -1.4    9.5    2.3    0.5    0.2 -999.9 -999.9  330.0
climbet 1994  2  1  32     5.1   12.3    2.7    0.6    2.4 -999.9 -999.9  330.0
climbet 1994  2  2  33     3.4    7.7    6.9    0.4    0.0 -999.9 -999.9  330.0
climbet 1994  2  3  34     0.9    7.9    4.2    0.0    6.4 -999.9 -999.9  330.0
climbet 1994  2  4  35     4.7    9.5    2.1    0.8    1.4 -999.9 -999.9  330.0
climbet 1994  2  5  36     5.6    9.6    1.9    0.4    1.0 -999.9 -999.9  330.0
climbet 1994  2  6  37     8.8   10.5    2.5    0.5    0.4 -999.9 -999.9  330.0
climbet 1994  2  7  38     6.5    8.8    2.2    0.2    0.4 -999.9 -999.9  330.0
climbet 1994  2  8  39     6.3   10.9    2.5    0.5    6.0 -999.9 -999.9  330.0
climbet 1994  2  9  40     2.3    5.6    8.4    0.4    0.4 -999.9 -999.9  330.0
climbet 1994  2 10  41     0.3    9.2    1.8    0.9    7.2 -999.9 -999.9  330.0
climbet 1994  2 11  42     7.1   10.8    2.5    0.5    3.2 -999.9 -999.9  330.0
climbet 1994  2 12  43     6.6   12.3    8.9    0.9    0.2 -999.9 -999.9  330.0
climbet 1994  2 13  44     6.8   11.3    2.7    0.9    5.6 -999.9 -999.9  330.0
climbet 1994  2 14  45     5.1   11.3    7.7    1.4    5.2 -999.9 -999.9  330.0
climbet 1994  2 15  46     7.9   14.6    7.7    0.7    4.0 -999.9 -999.9  330.0
climbet 1994  2 16  47     5.3   10.3    5.6    1.1    5.6 -999.9 -999.9  330.0
climbet 1994  2 17  48     4.7    8.1    3.8    0.1    3.6 -999.9 -999.9  330.0
climbet 1994  2 18  49     2.9    9.4    8.9    0.6    1.6 -999.9 -999.9  330.0
climbet 1994  2 19  50     4.5   11.2    2.2    1.2    4.0 -999.9 -999.9  330.0
climbet 1994  2 20  51     8.6   11.7    3.5    0.9    0.4 -999.9 -999.9  330.0
climbet 1994  2 21  52     4.2    8.0    3.1    0.6    2.4 -999.9 -999.9  330.0
climbet 1994  2 22  53     0.0    8.3   11.1    0.2    2.0 -999.9 -999.9  330.0
climbet 1994  2 23  54     1.4    8.1    5.8    0.1    8.2 -999.9 -999.9  330.0
climbet 1994  2 24  55     2.6    7.2    3.3    0.2    1.4 -999.9 -999.9  330.0
climbet 1994  2 25  56     4.1    9.4    4.0    0.2    4.0 -999.9 -999.9  330.0
climbet 1994  2 26  57     0.1    6.0    8.5    0.9    2.2 -999.9 -999.9  330.0
climbet 1994  2 27  58    -1.5    7.8   10.0    0.6    1.2 -999.9 -999.9  330.0
climbet 1994  2 28  59     5.1   11.1    3.2    0.2    0.0 -999.9 -999.9  330.0
climbet 1994  3  1  60     6.7   10.4    5.3    0.5    1.4 -999.9 -999.9  330.0
climbet 1994  3  2  61     1.7    7.6    8.4    1.1    7.4 -999.9 -999.9  330.0
climbet 1994  3  3  62     0.9    5.8    9.0    0.5    0.2 -999.9 -999.9  330.0
climbet 1994  3  4  63    -1.2    6.1    7.6    1.1    0.2 -999.9 -999.9  330.0
climbet 1994  3  5  64    -0.3    5.7    2.2    1.4    7.6 -999.9 -999.9  330.0
climbet 1994  3  6  65     1.9    8.3   10.1    1.1    1.2 -999.9 -999.9  330.0
climbet 1994  3  7  66    -0.3    7.8   11.8    0.5    4.6 -999.9 -999.9  330.0
climbet 1994  3  8  67     2.5    7.9    7.8    1.0    1.8 -999.9 -999.9  330.0
climbet 1994  3  9  68    -0.7    9.6   11.7    1.7    0.0 -999.9 -999.9  330.0
climbet 1994  3 10  69     0.8   12.5   13.6    1.5    0.0 -999.9 -999.9  330.0
climbet 1994  3 11  70     2.5   15.4   14.3    1.2    0.0 -999.9 -999.9  330.0
climbet 1994  3 12  71     4.8   13.0    9.9    1.8    0.0 -999.9 -999.9  330.0
climbet 1994  3 13  72     4.7   13.3   14.0    1.5    0.0 -999.9 -999.9  330.0
climbet 1994  3 14  73    -0.5    7.6   11.5    1.0    6.2 -999.9 -999.9  330.0
climbet 1994  3 15  74     2.8    8.4    8.7    1.3    2.8 -999.9 -999.9  330.0
climbet 1994  3 16  75     0.1    8.7   10.5    1.7   11.4 -999.9 -999.9  330.0
climbet 1994  3 17  76     6.0   12.8    4.8    2.2    3.0 -999.9 -999.9  330.0
climbet 1994  3 18  77     4.9   10.2    6.9    0.5    3.4 -999.9 -999.9  330.0
climbet 1994  3 19  78     5.5    8.8    9.2    0.8    0.2 -999.9 -999.9  330.0
climbet 1994  3 20  79    -0.3    7.7   13.4    1.2    0.0 -999.9 -999.9  330.0
climbet 1994  3 21  80    -0.6    8.3   11.9    0.9    0.0 -999.9 -999.9  330.0
climbet 1994  3 22  81    -1.2   10.7   17.4    0.6    0.0 -999.9 -999.9  330.0
climbet 1994  3 23  82    -1.3   15.4   17.9    0.8    0.0 -999.9 -999.9  330.0
climbet 1994  3 24  83     1.3   15.4   15.6    0.8    0.0 -999.9 -999.9  330.0
climbet 1994  3 25  84    10.4   13.5    3.6    1.2    0.0 -999.9 -999.9  330.0
climbet 1994  3 26  85     3.6    9.1   13.1    1.8    0.0 -999.9 -999.9  330.0
climbet 1994  3 27  86    -1.1   11.1   17.1    1.5    0.0 -999.9 -999.9  330.0
climbet 1994  3 28  87     4.6   14.0    6.4    1.4    0.5 -999.9 -999.9  330.0
climbet 1994  3 29  88    11.1   13.8    4.6    1.1    0.5 -999.9 -999.9  330.0
climbet 1994  3 30  89     5.9   19.8   17.9    2.2    5.0 -999.9 -999.9  330.0
climbet 1994  3 31  90     6.6   13.7   15.3    2.5    3.0 -999.9 -999.9  330.0
climbet 1994  4  1  91     5.1   11.3   13.2    1.7    4.5 -999.9 -999.9  330.0
climbet 1994  4  2  92     0.9    9.1   10.1    1.6    3.0 -999.9 -999.9  330.0
climbet 1994  4  3  93    -0.6   10.5   16.6    1.8   11.0 -999.9 -999.9  330.0
climbet 1994  4  4  94     3.7   13.7    9.1    1.8    4.0 -999.9 -999.9  330.0
climbet 1994  4  5  95     1.0    9.4   12.6    1.6    6.0 -999.9 -999.9  330.0
climbet 1994  4  6  96     2.4   10.6   13.9    1.7    0.0 -999.9 -999.9  330.0
climbet 1994  4  7  97     0.9    9.0    7.2    1.0    4.0 -999.9 -999.9  330.0
climbet 1994  4  8  98     3.4   11.0   12.6    1.8    7.5 -999.9 -999.9  330.0
climbet 1994  4  9  99     1.1    8.6   11.4    1.4    5.0 -999.9 -999.9  330.0
climbet 1994  4 10 100     1.8    9.3   10.3    1.5    1.0 -999.9 -999.9  330.0
climbet 1994  4 11 101     2.7   12.8   16.8    2.0    0.0 -999.9 -999.9  330.0
climbet 1994  4 12 102     4.3   12.2   14.7    2.2    0.0 -999.9 -999.9  330.0
climbet 1994  4 13 103     3.7   10.6    9.9    2.1    0.0 -999.9 -999.9  330.0
climbet 1994  4 14 104     3.0    7.8   16.6    1.9    2.5 -999.9 -999.9  330.0
climbet 1994  4 15 105    -0.5    7.5    6.4    0.6    3.5 -999.9 -999.9  330.0
climbet 1994  4 16 106     1.9   13.8   12.6    2.1    0.5 -999.9 -999.9  330.0
climbet 1994  4 17 107     5.6   11.5   19.0    2.7    0.0 -999.9 -999.9  330.0
climbet 1994  4 18 108     2.3    8.7   10.0    2.4    0.0 -999.9 -999.9  330.0
climbet 1994  4 19 109     0.8   10.4   16.9    1.7    0.0 -999.9 -999.9  330.0
climbet 1994  4 20 110     1.5   13.9   12.5    2.3    0.0 -999.9 -999.9  330.0
climbet 1994  4 21 111     7.2   15.3   19.0    3.0    0.0 -999.9 -999.9  330.0
climbet 1994  4 22 112     7.2   18.7   20.4    3.4    0.0 -999.9 -999.9  330.0
climbet 1994  4 23 113     9.0   18.1   11.8    2.9    7.5 -999.9 -999.9  330.0
climbet 1994  4 24 114     8.4   18.5   17.3    2.1    1.5 -999.9 -999.9  330.0
climbet 1994  4 25 115     8.6   14.7   19.1    3.2    1.0 -999.9 -999.9  330.0
climbet 1994  4 26 116     7.7   15.8    7.3    0.7    2.5 -999.9 -999.9  330.0
climbet 1994  4 27 117    10.8   17.1    6.4    1.1    0.0 -999.9 -999.9  330.0
climbet 1994  4 28 118     8.7   21.5   18.6    2.6    0.0 -999.9 -999.9  330.0
climbet 1994  4 29 119     9.0   23.7   23.0    3.2    0.0 -999.9 -999.9  330.0
climbet 1994  4 30 120    12.2   23.6   21.3    3.7    0.0 -999.9 -999.9  330.0
climbet 1994  5  1 121     6.5   15.4   24.5    3.2    0.0 -999.9 -999.9  330.0
climbet 1994  5  2 122     3.8   17.8   24.3    3.3    0.0 -999.9 -999.9  330.0
climbet 1994  5  3 123     7.3   22.9   23.3    4.3    0.0 -999.9 -999.9  330.0
climbet 1994  5  4 124     9.2   15.0   11.2    2.5    1.0 -999.9 -999.9  330.0
climbet 1994  5  5 125     5.2   13.2   12.8    1.5    2.0 -999.9 -999.9  330.0
climbet 1994  5  6 126     9.8   15.9    6.1    1.0    0.0 -999.9 -999.9  330.0
climbet 1994  5  7 127    12.1   22.8   22.9    4.1    4.0 -999.9 -999.9  330.0
climbet 1994  5  8 128    10.4   15.5   15.8    2.6    0.5 -999.9 -999.9  330.0
climbet 1994  5  9 129     6.2   16.1   20.1    3.0    0.0 -999.9 -999.9  330.0
climbet 1994  5 10 130     5.6   19.3   23.6    3.4    0.0 -999.9 -999.9  330.0
climbet 1994  5 11 131     8.4   21.6   25.0    4.5    0.0 -999.9 -999.9  330.0
climbet 1994  5 12 132    11.8   18.9   14.6    3.5    0.5 -999.9 -999.9  330.0
climbet 1994  5 13 133     7.0   22.4   23.6    3.8    2.5 -999.9 -999.9  330.0
climbet 1994  5 14 134    13.2   16.9    5.9    1.6   13.5 -999.9 -999.9  330.0
climbet 1994  5 15 135     8.8   22.4   26.3    3.4    2.5 -999.9 -999.9  330.0
climbet 1994  5 16 136    12.0   21.5   22.1    3.3    0.5 -999.9 -999.9  330.0
climbet 1994  5 17 137    11.7   18.8   15.7    3.4    0.5 -999.9 -999.9  330.0
climbet 1994  5 18 138     9.9   17.9   14.8    2.2    1.5 -999.9 -999.9  330.0
climbet 1994  5 19 139     7.8   14.3   18.3    2.6    0.0 -999.9 -999.9  330.0
climbet 1994  5 20 140     9.3   16.8   13.1    2.1    3.5 -999.9 -999.9  330.0
climbet 1994  5 21 141     9.3   18.8   13.2    2.5    6.5 -999.9 -999.9  330.0
climbet 1994  5 22 142    11.0   19.2   17.4    3.7    0.0 -999.9 -999.9  330.0
climbet 1994  5 23 143    10.2   18.5   20.8    3.1    4.0 -999.9 -999.9  330.0
climbet 1994  5 24 144    10.4   19.3    8.2    1.5    3.5 -999.9 -999.9  330.0
climbet 1994  5 25 145    10.9   18.2   14.3    2.5    0.5 -999.9 -999.9  330.0
climbet 1994  5 26 146    11.2   17.3   10.0    1.8   10.5 -999.9 -999.9  330.0
climbet 1994  5 27 147     8.4   12.1    9.2    2.2    0.0 -999.9 -999.9  330.0
climbet 1994  5 28 148     8.3   13.1   10.9    2.2    0.0 -999.9 -999.9  330.0
climbet 1994  5 29 149     8.6   14.9   16.9    3.0    0.0 -999.9 -999.9  330.0
climbet 1994  5 30 150     4.9   15.6   25.7    3.2    0.0 -999.9 -999.9  330.0
climbet 1994  5 31 151     5.1   22.4   29.5    4.2    0.0 -999.9 -999.9  330.0
climbet 1994  6  1 152     7.5   27.0   26.7    4.3    6.0 -999.9 -999.9  330.0
climbet 1994  6  2 153    14.0   18.9    7.8    1.3   10.0 -999.9 -999.9  330.0
climbet 1994  6  3 154    10.8   19.4   17.0    3.5    2.0 -999.9 -999.9  330.0
climbet 1994  6  4 155     8.8   13.4    8.9    1.2    9.0 -999.9 -999.9  330.0
climbet 1994  6  5 156     7.4   16.1   26.2    3.7    0.5 -999.9 -999.9  330.0
climbet 1994  6  6 157     8.1   15.1    5.3    0.4    0.0 -999.9 -999.9  330.0
climbet 1994  6  7 158    12.6   19.6   16.3    3.4    0.0 -999.9 -999.9  330.0
climbet 1994  6  8 159     8.5   16.8   10.5    1.9    0.0 -999.9 -999.9  330.0
climbet 1994  6  9 160     4.8   16.3   19.0    2.4    0.5 -999.9 -999.9  330.0
climbet 1994  6 10 161     9.5   15.6   17.3    2.9    0.5 -999.9 -999.9  330.0
climbet 1994  6 11 162     5.0   15.6   20.1    2.6    0.0 -999.9 -999.9  330.0
climbet 1994  6 12 163     7.9   19.6   26.7    3.8    0.0 -999.9 -999.9  330.0
climbet 1994  6 13 164     9.7   20.8   28.5    4.5    0.0 -999.9 -999.9  330.0
climbet 1994  6 14 165    10.3   23.3   27.6    4.4    0.0 -999.9 -999.9  330.0
climbet 1994  6 15 166     9.2   21.7   26.5    4.3    0.0 -999.9 -999.9  330.0
climbet 1994  6 16 167     7.7   22.5   27.1    4.4    0.0 -999.9 -999.9  330.0
climbet 1994  6 17 168     8.0   24.0   25.4    4.0    0.0 -999.9 -999.9  330.0
climbet 1994  6 18 169    10.0   26.2   28.2    5.0    0.0 -999.9 -999.9  330.0
climbet 1994  6 19 170     9.1   24.3   28.8    4.9    0.0 -999.9 -999.9  330.0
climbet 1994  6 20 171     8.1   20.7   15.4    2.7    0.0 -999.9 -999.9  330.0
climbet 1994  6 21 172     9.3   22.6   17.9    3.3    0.0 -999.9 -999.9  330.0
climbet 1994  6 22 173    15.8   23.0   19.8    4.6    0.0 -999.9 -999.9  330.0
climbet 1994  6 23 174     7.7   23.9   28.7    4.0    0.0 -999.9 -999.9  330.0
climbet 1994  6 24 175    13.0   30.4   28.6    5.5    0.0 -999.9 -999.9  330.0
climbet 1994  6 25 176    16.1   21.2    7.9    2.2    7.0 -999.9 -999.9  330.0
climbet 1994  6 26 177    13.5   22.0   24.3    4.2    0.0 -999.9 -999.9  330.0
climbet 1994  6 27 178     8.4   24.9   28.9    4.0    0.0 -999.9 -999.9  330.0
climbet 1994  6 28 179    11.3   30.0   26.7    4.7    0.0 -999.9 -999.9  330.0
climbet 1994  6 29 180    17.0   22.6   25.2    5.1    0.0 -999.9 -999.9  330.0
climbet 1994  6 30 181     5.9   25.6   28.7    3.9    0.0 -999.9 -999.9  330.0
climbet 1994  7  1 182    12.1   29.2   26.8    5.4    0.0 -999.9 -999.9  330.0
climbet 1994  7  2 183    17.6   27.2   25.9    4.8    0.0 -999.9 -999.9  330.0
climbet 1994  7  3 184    13.0   30.4   24.4    4.3    0.0 -999.9 -999.9  330.0
climbet 1994  7  4 185    18.1   28.0   22.8    4.7    0.0 -999.9 -999.9  330.0
climbet 1994  7  5 186    11.9   19.9   14.8    3.0    0.0 -999.9 -999.9  330.0
climbet 1994  7  6 187    12.0   21.2   15.3    3.5    2.5 -999.9 -999.9  330.0
climbet 1994  7  7 188    10.7   20.1   16.3    3.5    2.0 -999.9 -999.9  330.0
climbet 1994  7  8 189    13.0   19.9   13.5    2.9    1.0 -999.9 -999.9  330.0
climbet 1994  7  9 190    11.0   22.8   16.8    3.4    0.0 -999.9 -999.9  330.0
climbet 1994  7 10 191     8.7   26.6   27.5    4.0    0.0 -999.9 -999.9  330.0
climbet 1994  7 11 192    14.0   29.9   27.5    6.0    0.0 -999.9 -999.9  330.0
climbet 1994  7 12 193    16.2   33.4   27.9    6.5    0.0 -999.9 -999.9  330.0
climbet 1994  7 13 194    14.8   32.2   23.2    5.8    0.0 -999.9 -999.9  330.0
climbet 1994  7 14 195    16.3   22.2   13.3    3.5    0.0 -999.9 -999.9  330.0
climbet 1994  7 15 196    15.0   24.9   13.6    2.8    0.0 -999.9 -999.9  330.0
climbet 1994  7 16 197    11.4   28.0   23.0    4.1    0.0 -999.9 -999.9  330.0
climbet 1994  7 17 198    17.2   27.7   17.6    4.1    0.0 -999.9 -999.9  330.0
climbet 1994  7 18 199    17.3   23.4   10.6    2.8    0.0 -999.9 -999.9  330.0
climbet 1994  7 19 200    16.2   28.4   18.5    5.1    0.0 -999.9 -999.9  330.0
climbet 1994  7 20 201    13.4   28.7   22.9    5.5    0.0 -999.9 -999.9  330.0
climbet 1994  7 21 202    13.6   30.8   23.0    5.2    0.0 -999.9 -999.9  330.0
climbet 1994  7 22 203    15.4   31.2   20.4    6.1    0.0 -999.9 -999.9  330.0
climbet 1994  7 23 204    17.3   31.7   20.4    6.9    0.0 -999.9 -999.9  330.0
climbet 1994  7 24 205    16.6   34.1   23.5    6.5    0.0 -999.9 -999.9  330.0
climbet 1994  7 25 206    18.7   30.4   20.5    5.7    0.0 -999.9 -999.9  330.0
climbet 1994  7 26 207    14.7   32.0   20.3    5.2    0.0 -999.9 -999.9  330.0
climbet 1994  7 27 208    15.6   33.3   23.0    6.1    3.5 -999.9 -999.9  330.0
climbet 1994  7 28 209    16.3   26.1   17.3    4.0    1.5 -999.9 -999.9  330.0
climbet 1994  7 29 210    16.7   27.9   18.7    4.7    0.0 -999.9 -999.9  330.0
climbet 1994  7 30 211    17.1   33.3   18.5    5.8    2.5 -999.9 -999.9  330.0
climbet 1994  7 31 212    18.5   29.5   20.8    5.3    4.0 -999.9 -999.9  330.0
climbet 1994  8  1 213    17.4   25.5   17.0    4.6    0.5 -999.9 -999.9  330.0
climbet 1994  8  2 214    12.3   28.1   23.5    4.5    0.0 -999.9 -999.9  330.0
climbet 1994  8  3 215    15.4   31.9   24.8    5.5    0.0 -999.9 -999.9  330.0
climbet 1994  8  4 216    18.7   35.9   20.9    6.9    0.0 -999.9 -999.9  330.0
climbet 1994  8  5 217    15.9   25.5    7.3    2.5   24.5 -999.9 -999.9  330.0
climbet 1994  8  6 218    16.4   28.2   17.9    3.5    0.0 -999.9 -999.9  330.0
climbet 1994  8  7 219    17.0   27.5   19.8    5.2    0.0 -999.9 -999.9  330.0
climbet 1994  8  8 220    15.9   25.6   20.0    5.1    0.0 -999.9 -999.9  330.0
climbet 1994  8  9 221    13.9   27.6   21.0    5.4    9.5 -999.9 -999.9  330.0
climbet 1994  8 10 222    14.3   23.7   13.8    2.0    0.0 -999.9 -999.9  330.0
climbet 1994  8 11 223    14.2   21.2   10.6    2.5    0.5 -999.9 -999.9  330.0
climbet 1994  8 12 224    14.2   21.2   15.6    3.1    0.0 -999.9 -999.9  330.0
climbet 1994  8 13 225    13.3   19.2   11.7    2.3    6.0 -999.9 -999.9  330.0
climbet 1994  8 14 226     6.5   22.4   21.9    3.3    0.0 -999.9 -999.9  330.0
climbet 1994  8 15 227     6.3   22.8   22.4    3.5    0.0 -999.9 -999.9  330.0
climbet 1994  8 16 228     9.8   25.2   21.2    3.6    0.0 -999.9 -999.9  330.0
climbet 1994  8 17 229    13.1   17.3    7.7    1.7    3.0 -999.9 -999.9  330.0
climbet 1994  8 18 230    10.3   21.9   18.1    3.4    4.0 -999.9 -999.9  330.0
climbet 1994  8 19 231    13.8   21.3    8.7    2.0   10.0 -999.9 -999.9  330.0
climbet 1994  8 20 232    10.6   20.8   15.1    2.7    0.0 -999.9 -999.9  330.0
climbet 1994  8 21 233     9.5   24.1   16.5    2.9    0.0 -999.9 -999.9  330.0
climbet 1994  8 22 234    15.4   24.5   10.4    2.3    0.0 -999.9 -999.9  330.0
climbet 1994  8 23 235    13.7   25.9   16.0    2.9    3.0 -999.9 -999.9  330.0
climbet 1994  8 24 236    10.2   20.7   13.2    2.2    0.0 -999.9 -999.9  330.0
climbet 1994  8 25 237    10.5   22.6   15.2    2.4    0.5 -999.9 -999.9  330.0
climbet 1994  8 26 238    12.9   21.8   10.5    1.7    3.0 -999.9 -999.9  330.0
climbet 1994  8 27 239    12.6   19.7    4.3    0.4    6.0 -999.9 -999.9  330.0
climbet 1994  8 28 240    10.9   20.0   16.7    2.9    0.0 -999.9 -999.9  330.0
climbet 1994  8 29 241     7.8   20.5   15.7    2.7    0.5 -999.9 -999.9  330.0
climbet 1994  8 30 242    10.9   21.6   12.7    2.9    0.0 -999.9 -999.9  330.0
climbet 1994  8 31 243    10.6   22.5   10.2    1.9    0.0 -999.9 -999.9  330.0
climbet 1994  9  1 244    14.7   19.2    4.8    1.9    0.0 -999.9 -999.9  330.0
climbet 1994  9  2 245    10.2   20.4   10.7    2.5    0.0 -999.9 -999.9  330.0
climbet 1994  9  3 246     5.5   21.1   13.1    2.2    0.0 -999.9 -999.9  330.0
climbet 1994  9  4 247    15.1   23.1   11.4    3.3    0.5 -999.9 -999.9  330.0
climbet 1994  9  5 248    14.2   20.6   14.9    3.8    0.0 -999.9 -999.9  330.0
climbet 1994  9  6 249     8.6   13.9    3.5    0.6   16.5 -999.9 -999.9  330.0
climbet 1994  9  7 250    11.5   18.2    5.1    0.8   26.0 -999.9 -999.9  330.0
climbet 1994  9  8 251    12.4   18.4    7.6    1.6    0.5 -999.9 -999.9  330.0
climbet 1994  9  9 252    10.3   18.9   10.8    2.6    2.0 -999.9 -999.9  330.0
climbet 1994  9 10 253    11.6   18.1   10.7    2.7    0.0 -999.9 -999.9  330.0
climbet 1994  9 11 254     9.3   20.1   11.2    1.9    1.0 -999.9 -999.9  330.0
climbet 1994  9 12 255    15.2   19.9   11.3    2.9    1.0 -999.9 -999.9  330.0
climbet 1994  9 13 256     9.3   19.5   15.0    2.7    0.0 -999.9 -999.9  330.0
climbet 1994  9 14 257    11.9   16.9    6.1    1.3    8.0 -999.9 -999.9  330.0
climbet 1994  9 15 258     9.9   14.0    5.0    0.7    6.0 -999.9 -999.9  330.0
climbet 1994  9 16 259     8.4   14.1    8.5    1.7    0.0 -999.9 -999.9  330.0
climbet 1994  9 17 260     4.7   13.8    9.3    1.5    0.5 -999.9 -999.9  330.0
climbet 1994  9 18 261     6.8   13.5    8.6    1.3    0.0 -999.9 -999.9  330.0
climbet 1994  9 19 262     5.6   13.3    7.6    1.4   15.5 -999.9 -999.9  330.0
climbet 1994  9 20 263     9.5   12.3    2.3    0.1   15.0 -999.9 -999.9  330.0
climbet 1994  9 21 264    10.4   15.4    6.3    1.3    0.0 -999.9 -999.9  330.0
climbet 1994  9 22 265    10.4   18.8   11.0    1.9    0.0 -999.9 -999.9  330.0
climbet 1994  9 23 266    10.4   22.8   11.4    2.4    0.0 -999.9 -999.9  330.0
climbet 1994  9 24 267    14.5   20.3    5.8    1.2    0.0 -999.9 -999.9  330.0
climbet 1994  9 25 268    12.5   22.5   14.5    2.2    0.0 -999.9 -999.9  330.0
climbet 1994  9 26 269    11.7   18.4    4.5    1.1    0.0 -999.9 -999.9  330.0
climbet 1994  9 27 270    12.9   19.0    8.8    1.9    0.0 -999.9 -999.9  330.0
climbet 1994  9 28 271     8.4   18.8    6.2    1.1    0.0 -999.9 -999.9  330.0
climbet 1994  9 29 272     8.7   18.9    7.8    1.6    0.0 -999.9 -999.9  330.0
climbet 1994  9 30 273     6.6   20.8   12.4    1.4    0.0 -999.9 -999.9  330.0
climbet 1994 10  1 274    10.6   19.4    6.1    0.8    0.8 -999.9 -999.9  330.0
climbet 1994 10  2 275     7.6   17.8    9.2    1.5    6.8 -999.9 -999.9  330.0
climbet 1994 10  3 276    13.0   20.0    8.6    1.5    0.0 -999.9 -999.9  330.0
climbet 1994 10  4 277    14.2   20.2    8.0    1.6    3.8 -999.9 -999.9  330.0
climbet 1994 10  5 278    12.9   17.5   11.4    0.8    0.0 -999.9 -999.9  330.0
climbet 1994 10  6 279     6.0   19.3   12.5    0.9    0.0 -999.9 -999.9  330.0
climbet 1994 10  7 280    11.2   21.5    9.5    1.8    0.0 -999.9 -999.9  330.0
climbet 1994 10  8 281     9.2   23.6   12.5    1.5    0.0 -999.9 -999.9  330.0
climbet 1994 10  9 282    11.3   23.9   12.2    1.4    0.0 -999.9 -999.9  330.0
climbet 1994 10 10 283     9.7   23.6   10.8    2.0    0.0 -999.9 -999.9  330.0
climbet 1994 10 11 284    13.7   16.9    3.8    1.7    0.0 -999.9 -999.9  330.0
climbet 1994 10 12 285    13.1   16.4    3.5    1.8    0.0 -999.9 -999.9  330.0
climbet 1994 10 13 286    14.1   17.8    6.0    1.3    0.0 -999.9 -999.9  330.0
climbet 1994 10 14 287    10.8   19.3    7.3    1.3    0.0 -999.9 -999.9  330.0
climbet 1994 10 15 288     9.8   17.3    5.8    1.1    6.8 -999.9 -999.9  330.0
climbet 1994 10 16 289    11.1   18.0    7.1    0.5    0.0 -999.9 -999.9  330.0
climbet 1994 10 17 290    10.7   18.8    5.9    1.6    0.0 -999.9 -999.9  330.0
climbet 1994 10 18 291    13.7   17.9    6.6    1.4    0.0 -999.9 -999.9  330.0
climbet 1994 10 19 292    10.4   14.1    3.9    1.7    0.0 -999.9 -999.9  330.0
climbet 1994 10 20 293     8.3   15.8    4.7    0.4    0.0 -999.9 -999.9  330.0
climbet 1994 10 21 294     7.5   13.4   10.6    1.1    0.0 -999.9 -999.9  330.0
climbet 1994 10 22 295     0.3   13.3   10.4    0.0    0.0 -999.9 -999.9  330.0
climbet 1994 10 23 296     2.3   18.2    9.1    1.1    0.0 -999.9 -999.9  330.0
climbet 1994 10 24 297     8.5   19.3    9.1    0.9    0.0 -999.9 -999.9  330.0
climbet 1994 10 25 298    11.4   17.6    8.7    1.0    0.0 -999.9 -999.9  330.0
climbet 1994 10 26 299     6.5   16.9    2.9    1.2    0.2 -999.9 -999.9  330.0
climbet 1994 10 27 300    14.1   18.5    3.2    0.5    0.0 -999.9 -999.9  330.0
climbet 1994 10 28 301    11.4   13.6    2.5    0.4    0.4 -999.9 -999.9  330.0
climbet 1994 10 29 302     8.9   13.3    3.2    0.1    0.0 -999.9 -999.9  330.0
climbet 1994 10 30 303     4.1   11.7    8.0    0.0    0.0 -999.9 -999.9  330.0
climbet 1994 10 31 304     3.7   12.3    5.9    1.2    0.0 -999.9 -999.9  330.0
climbet 1994 11  1 305     2.6   10.4    2.1    1.4    2.6 -999.9 -999.9  330.0
climbet 1994 11  2 306     3.7   10.9    4.3    0.2    0.0 -999.9 -999.9  330.0
climbet 1994 11  3 307     4.0   10.5    3.7    1.2    0.4 -999.9 -999.9  330.0
climbet 1994 11  4 308     1.2    7.0    7.8    1.6    0.0 -999.9 -999.9  330.0
climbet 1994 11  5 309    -4.2    5.2    8.2    0.9    0.0 -999.9 -999.9  330.0
climbet 1994 11  6 310    -4.0    7.1    7.5    0.2    0.0 -999.9 -999.9  330.0
climbet 1994 11  7 311    -3.0    9.0    5.6    0.5    0.0 -999.9 -999.9  330.0
climbet 1994 11  8 312     3.6   13.6    4.1    0.2    0.0 -999.9 -999.9  330.0
climbet 1994 11  9 313     7.7   12.0    2.9    0.2    0.0 -999.9 -999.9  330.0
climbet 1994 11 10 314     5.1   12.1    3.8    0.2    0.2 -999.9 -999.9  330.0
climbet 1994 11 11 315    10.1   19.0    6.0    0.2    0.0 -999.9 -999.9  330.0
climbet 1994 11 12 316     9.2   16.8    6.1    0.5    0.0 -999.9 -999.9  330.0
climbet 1994 11 13 317     8.6   11.8    3.0    0.3    0.0 -999.9 -999.9  330.0
climbet 1994 11 14 318     7.4    9.4    1.2    0.4    0.6 -999.9 -999.9  330.0
climbet 1994 11 15 319     7.8   10.7    1.1    0.9    3.6 -999.9 -999.9  330.0
climbet 1994 11 16 320     8.9   14.0    4.9    0.7    2.0 -999.9 -999.9  330.0
climbet 1994 11 17 321     2.5    6.9    4.4    0.6    2.4 -999.9 -999.9  330.0
climbet 1994 11 18 322    -0.6    6.4    6.5    0.0    0.0 -999.9 -999.9  330.0
climbet 1994 11 19 323    -0.9    8.5    4.1    0.0    0.0 -999.9 -999.9  330.0
climbet 1994 11 20 324     0.5    6.5    3.1    0.5    0.0 -999.9 -999.9  330.0
climbet 1994 11 21 325    -0.4    5.3    4.5    0.1    0.4 -999.9 -999.9  330.0
climbet 1994 11 22 326     1.9   10.6    2.3    0.3    0.0 -999.9 -999.9  330.0
climbet 1994 11 23 327     6.2   11.5    3.4    0.1    0.0 -999.9 -999.9  330.0
climbet 1994 11 24 328     5.8   10.5    2.4    0.0    0.0 -999.9 -999.9  330.0
climbet 1994 11 25 329     4.9   13.8    5.1    0.3    0.0 -999.9 -999.9  330.0
climbet 1994 11 26 330     6.2   10.0    0.8    0.1    1.4 -999.9 -999.9  330.0
climbet 1994 11 27 331     4.1   10.6    5.4    0.2    0.0 -999.9 -999.9  330.0
climbet 1994 11 28 332     2.3    8.5    3.9    0.7    0.0 -999.9 -999.9  330.0
climbet 1994 11 29 333     0.0    4.6    1.7    0.4    0.0 -999.9 -999.9  330.0
climbet 1994 11 30 334     2.0    6.6    3.5    0.0    0.0 -999.9 -999.9  330.0
climbet 1994 12  1 335     2.4    6.1    2.8    0.4    0.0 -999.9 -999.9  330.0
climbet 1994 12  2 336    -0.6    6.8    4.4    0.2    0.0 -999.9 -999.9  330.0
climbet 1994 12  3 337     3.4   12.9    3.0    0.4    2.6 -999.9 -999.9  330.0
climbet 1994 12  4 338     6.9   14.1    2.0    0.3    1.8 -999.9 -999.9  330.0
climbet 1994 12  5 339     7.8   11.1    4.3    0.5    3.6 -999.9 -999.9  330.0
climbet 1994 12  6 340     4.2    9.9    4.7    0.9    0.2 -999.9 -999.9  330.0
climbet 1994 12  7 341     3.5   10.5    1.3    0.7    5.4 -999.9 -999.9  330.0
climbet 1994 12  8 342     5.4   11.7    0.8    0.6    3.8 -999.9 -999.9  330.0
climbet 1994 12  9 343     3.2    8.0    2.5    0.1    0.0 -999.9 -999.9  330.0
climbet 1994 12 10 344     2.2   12.1    1.1    0.1    0.2 -999.9 -999.9  330.0
climbet 1994 12 11 345    10.7   13.0    1.1    0.4    0.0 -999.9 -999.9  330.0
climbet 1994 12 12 346    10.5   13.7    3.9    1.1    0.0 -999.9 -999.9  330.0
climbet 1994 12 13 347     7.0   10.1    2.6    0.2    3.0 -999.9 -999.9  330.0
climbet 1994 12 14 348     2.8    6.9    4.0    0.2    0.0 -999.9 -999.9  330.0
climbet 1994 12 15 349    -1.7    4.3    4.0    0.3    0.0 -999.9 -999.9  330.0
climbet 1994 12 16 350    -2.3    5.8    0.7    0.0    0.0 -999.9 -999.9  330.0
climbet 1994 12 17 351     3.9    7.2    1.0    0.0    0.0 -999.9 -999.9  330.0
climbet 1994 12 18 352     4.6    7.1    0.8    0.0    4.2 -999.9 -999.9  330.0
climbet 1994 12 19 353     1.2    7.8    4.0    0.2    0.0 -999.9 -999.9  330.0
climbet 1994 12 20 354    -0.7    6.1    4.1    0.2    0.2 -999.9 -999.9  330.0
climbet 1994 12 21 355    -2.7    1.1    1.8    0.0    0.6 -999.9 -999.9  330.0
climbet 1994 12 22 356     0.3    3.8    2.7    0.2    0.0 -999.9 -999.9  330.0
climbet 1994 12 23 357    -1.0    0.9    1.6    0.4    0.0 -999.9 -999.9  330.0
climbet 1994 12 24 358    -4.8   -3.6    1.5    0.0    0.0 -999.9 -999.9  330.0
climbet 1994 12 25 359    -5.7   -0.5    1.4    0.3    0.0 -999.9 -999.9  330.0
climbet 1994 12 26 360    -3.5    9.6    0.7    0.7    1.8 -999.9 -999.9  330.0
climbet 1994 12 27 361     2.6   12.3    0.6    0.0   12.8 -999.9 -999.9  330.0
climbet 1994 12 28 362    11.3   13.3    0.9    0.3    4.4 -999.9 -999.9  330.0
climbet 1994 12 29 363     9.5   11.5    0.6    0.9    7.8 -999.9 -999.9  330.0
climbet 1994 12 30 364     4.9    8.2    2.8    1.0    0.0 -999.9 -999.9  330.0
climbet 1994 12 31 365     3.0    6.2    1.6    0.4    1.6 -999.9 -999.9  330.0
