   flux 2013  1  1   1    17.4   30.3   19.6    4.3    0.0 -999.9 -999.9  330.0
   flux 2013  1  2   2    13.0   30.4   21.1    4.7    0.0 -999.9 -999.9  330.0
   flux 2013  1  3   3    12.3   31.5   21.3    4.7    0.0 -999.9 -999.9  330.0
   flux 2013  1  4   4    14.4   29.9   17.0    4.1    0.0 -999.9 -999.9  330.0
   flux 2013  1  5   5    14.6   30.6   19.4    4.5    0.0 -999.9 -999.9  330.0
   flux 2013  1  6   6    16.6   30.1   18.1    4.1    0.0 -999.9 -999.9  330.0
   flux 2013  1  7   7    16.1   30.1   18.3    4.1    0.0 -999.9 -999.9  330.0
   flux 2013  1  8   8    16.1   29.1   14.3    3.5    0.0 -999.9 -999.9  330.0
   flux 2013  1  9   9    17.3   28.8   13.7    3.5    0.0 -999.9 -999.9  330.0
   flux 2013  1 10  10    12.8   29.9   20.4    4.6    0.0 -999.9 -999.9  330.0
   flux 2013  1 11  11    13.4   29.7   20.4    4.5    0.0 -999.9 -999.9  330.0
   flux 2013  1 12  12    12.8   29.3   20.5    4.5    0.0 -999.9 -999.9  330.0
   flux 2013  1 13  13    13.7   29.7   20.7    4.6    0.0 -999.9 -999.9  330.0
   flux 2013  1 14  14     9.6   30.3   21.9    5.0    0.0 -999.9 -999.9  330.0
   flux 2013  1 15  15     9.8   29.8   22.6    5.1    0.0 -999.9 -999.9  330.0
   flux 2013  1 16  16    16.0   28.6   22.7    5.0    0.0 -999.9 -999.9  330.0
   flux 2013  1 17  17    11.4   27.7   22.1    4.5    0.0 -999.9 -999.9  330.0
   flux 2013  1 18  18    10.8   28.8   21.1    4.5    0.0 -999.9 -999.9  330.0
   flux 2013  1 19  19    12.3   29.1   20.7    4.5    0.0 -999.9 -999.9  330.0
   flux 2013  1 20  20    12.5   29.5   20.5    4.6    0.0 -999.9 -999.9  330.0
   flux 2013  1 21  21    12.6   30.2   20.9    4.7    0.0 -999.9 -999.9  330.0
   flux 2013  1 22  22    15.8   29.2   22.0    5.0    0.0 -999.9 -999.9  330.0
   flux 2013  1 23  23    11.0   28.7   22.6    4.9    0.0 -999.9 -999.9  330.0
   flux 2013  1 24  24    10.0   30.2   22.1    5.1    0.0 -999.9 -999.9  330.0
   flux 2013  1 25  25    10.7   29.0   21.5    4.8    0.0 -999.9 -999.9  330.0
   flux 2013  1 26  26    11.3   30.1   22.7    5.2    0.0 -999.9 -999.9  330.0
   flux 2013  1 27  27    13.6   29.6   22.3    5.1    0.0 -999.9 -999.9  330.0
   flux 2013  1 28  28    12.2   30.4   21.4    4.9    0.0 -999.9 -999.9  330.0
   flux 2013  1 29  29    14.9   29.4   18.8    4.3    0.0 -999.9 -999.9  330.0
   flux 2013  1 30  30    15.5   30.1   20.1    4.6    0.0 -999.9 -999.9  330.0
   flux 2013  1 31  31    14.1   28.7   22.0    4.7    0.0 -999.9 -999.9  330.0
   flux 2013  2  1  32    12.9   29.4   22.0    5.0    0.0 -999.9 -999.9  330.0
   flux 2013  2  2  33    11.4   29.2   22.4    5.0    0.0 -999.9 -999.9  330.0
   flux 2013  2  3  34    10.9   30.1   22.4    5.1    0.0 -999.9 -999.9  330.0
   flux 2013  2  4  35    12.0   29.8   20.2    4.7    0.0 -999.9 -999.9  330.0
   flux 2013  2  5  36    13.6   29.4   21.1    4.5    0.0 -999.9 -999.9  330.0
   flux 2013  2  6  37    20.5   30.0   15.7    4.1    0.0 -999.9 -999.9  330.0
   flux 2013  2  7  38    17.3   31.4   19.0    4.5    9.0 -999.9 -999.9  330.0
   flux 2013  2  8  39    18.5   30.5   18.8    4.2    0.0 -999.9 -999.9  330.0
   flux 2013  2  9  40    18.0   29.8   15.7    3.7    4.5 -999.9 -999.9  330.0
   flux 2013  2 10  41    16.9   31.4   23.5    5.3    0.5 -999.9 -999.9  330.0
   flux 2013  2 11  42    15.0   29.9   22.9    5.0    0.0 -999.9 -999.9  330.0
   flux 2013  2 12  43    15.9   29.9   21.3    5.0    0.0 -999.9 -999.9  330.0
   flux 2013  2 13  44    17.1   31.0   20.0    5.0    0.0 -999.9 -999.9  330.0
   flux 2013  2 14  45    21.4   28.1   14.3    3.9    0.0 -999.9 -999.9  330.0
   flux 2013  2 15  46    18.7   29.2   12.1    3.4    0.0 -999.9 -999.9  330.0
   flux 2013  2 16  47    20.8   30.2   17.4    4.2    0.0 -999.9 -999.9  330.0
   flux 2013  2 17  48    19.2   30.1   18.0    4.3    0.0 -999.9 -999.9  330.0
   flux 2013  2 18  49    18.6   31.7   18.7    4.5    0.0 -999.9 -999.9  330.0
   flux 2013  2 19  50    20.5   30.6   18.1    4.3    0.0 -999.9 -999.9  330.0
   flux 2013  2 20  51    17.8   31.4   21.9    5.0    0.0 -999.9 -999.9  330.0
   flux 2013  2 21  52    17.9   31.8   22.6    5.3    0.0 -999.9 -999.9  330.0
   flux 2013  2 22  53    14.7   32.0   24.7    5.7    0.0 -999.9 -999.9  330.0
   flux 2013  2 23  54    13.9   31.8   24.5    5.7    0.0 -999.9 -999.9  330.0
   flux 2013  2 24  55    14.3   32.3   25.0    5.7    0.0 -999.9 -999.9  330.0
   flux 2013  2 25  56    14.0   31.7   24.9    5.7    0.0 -999.9 -999.9  330.0
   flux 2013  2 26  57    10.9   32.3   26.3    6.2    0.0 -999.9 -999.9  330.0
   flux 2013  2 27  58    12.9   31.8   24.7    5.7    0.0 -999.9 -999.9  330.0
   flux 2013  2 28  59    14.1   31.8   24.2    5.7    0.0 -999.9 -999.9  330.0
   flux 2013  3  1  60    15.2   32.0   23.8    5.8    0.0 -999.9 -999.9  330.0
   flux 2013  3  2  61    17.6   32.8   24.5    6.3    0.0 -999.9 -999.9  330.0
   flux 2013  3  3  62    14.5   32.2   24.0    6.0    0.0 -999.9 -999.9  330.0
   flux 2013  3  4  63    15.1   32.2   20.2    5.5    0.0 -999.9 -999.9  330.0
   flux 2013  3  5  64    16.5   31.6   20.7    5.3    0.0 -999.9 -999.9  330.0
   flux 2013  3  6  65    21.9   29.5   19.4    4.7    0.0 -999.9 -999.9  330.0
   flux 2013  3  7  66    20.9   30.5   19.4    4.7    0.0 -999.9 -999.9  330.0
   flux 2013  3  8  67    20.9   31.4   15.3    4.4    0.0 -999.9 -999.9  330.0
   flux 2013  3  9  68    21.7   32.3   17.7    4.7    0.0 -999.9 -999.9  330.0
   flux 2013  3 10  69    20.2   33.7   21.4    5.4    0.0 -999.9 -999.9  330.0
   flux 2013  3 11  70    20.3   32.4   16.4    4.3    0.0 -999.9 -999.9  330.0
   flux 2013  3 12  71    19.6   33.4   21.2    5.3    0.0 -999.9 -999.9  330.0
   flux 2013  3 13  72    17.1   34.0   22.6    5.7    0.0 -999.9 -999.9  330.0
   flux 2013  3 14  73    17.0   33.1   22.0    5.6    0.0 -999.9 -999.9  330.0
   flux 2013  3 15  74    17.3   33.6   22.8    5.7    0.0 -999.9 -999.9  330.0
   flux 2013  3 16  75    18.0   32.1   22.3    5.4    0.0 -999.9 -999.9  330.0
   flux 2013  3 17  76    18.3   33.3   23.3    5.6    0.0 -999.9 -999.9  330.0
   flux 2013  3 18  77    19.4   32.7   19.1    4.8    0.0 -999.9 -999.9  330.0
   flux 2013  3 19  78    18.5   34.1   22.7    5.7    0.0 -999.9 -999.9  330.0
   flux 2013  3 20  79    17.6   34.7   23.8    5.9    0.0 -999.9 -999.9  330.0
   flux 2013  3 21  80    20.0   33.8   23.0    5.7    0.0 -999.9 -999.9  330.0
   flux 2013  3 22  81    18.3   34.1   23.8    5.8    0.0 -999.9 -999.9  330.0
   flux 2013  3 23  82    18.9   33.8   22.8    5.7    0.0 -999.9 -999.9  330.0
   flux 2013  3 24  83    18.1   33.7   24.2    5.9    0.0 -999.9 -999.9  330.0
   flux 2013  3 25  84    18.7   32.9   19.0    5.0    0.0 -999.9 -999.9  330.0
   flux 2013  3 26  85    21.5   32.9   15.0    4.1    0.0 -999.9 -999.9  330.0
   flux 2013  3 27  86    21.2   34.5   19.7    5.2    0.0 -999.9 -999.9  330.0
   flux 2013  3 28  87    19.8   33.1   21.7    5.2    0.0 -999.9 -999.9  330.0
   flux 2013  3 29  88    19.8   34.9   24.0    5.9    0.0 -999.9 -999.9  330.0
   flux 2013  3 30  89    21.6   34.6   18.4    4.9    0.0 -999.9 -999.9  330.0
   flux 2013  3 31  90    21.5   34.9   21.8    5.5    5.0 -999.9 -999.9  330.0
   flux 2013  4  1  91    21.8   32.8   19.3    4.7    3.0 -999.9 -999.9  330.0
   flux 2013  4  2  92    19.4   33.9   22.5    5.3    9.0 -999.9 -999.9  330.0
   flux 2013  4  3  93    20.9   32.8   20.8    4.9    5.5 -999.9 -999.9  330.0
   flux 2013  4  4  94    22.5   33.6   21.9    5.2    0.0 -999.9 -999.9  330.0
   flux 2013  4  5  95    20.6   35.5   23.3    5.7    0.0 -999.9 -999.9  330.0
   flux 2013  4  6  96    19.1   30.4    7.2    2.6    9.5 -999.9 -999.9  330.0
   flux 2013  4  7  97    19.3   34.2   25.1    5.8    0.0 -999.9 -999.9  330.0
   flux 2013  4  8  98    21.6   34.7   21.5    5.5    0.0 -999.9 -999.9  330.0
   flux 2013  4  9  99    21.8   32.8   20.6    5.0    0.0 -999.9 -999.9  330.0
   flux 2013  4 10 100    21.1   33.5   21.4    5.2    0.0 -999.9 -999.9  330.0
   flux 2013  4 11 101    20.5   34.2   23.3    5.7    0.0 -999.9 -999.9  330.0
   flux 2013  4 12 102    20.0   36.1   25.1    6.2    0.0 -999.9 -999.9  330.0
   flux 2013  4 13 103    20.0   34.7   25.3    6.1    0.0 -999.9 -999.9  330.0
   flux 2013  4 14 104    19.7   35.2   25.0    6.1    0.0 -999.9 -999.9  330.0
   flux 2013  4 15 105    22.3   32.9   22.6    5.3    8.5 -999.9 -999.9  330.0
   flux 2013  4 16 106    21.0   33.8   23.7    5.7    0.0 -999.9 -999.9  330.0
   flux 2013  4 17 107    21.1   34.6   23.5    5.7    0.0 -999.9 -999.9  330.0
   flux 2013  4 18 108    21.8   34.0   21.4    5.5    0.0 -999.9 -999.9  330.0
   flux 2013  4 19 109    18.4   34.7   25.4    6.2    0.0 -999.9 -999.9  330.0
   flux 2013  4 20 110    19.5   34.1   25.1    6.1    0.0 -999.9 -999.9  330.0
   flux 2013  4 21 111    17.7   33.8   22.9    5.7    0.0 -999.9 -999.9  330.0
   flux 2013  4 22 112    20.0   32.2   16.0    4.2    6.0 -999.9 -999.9  330.0
   flux 2013  4 23 113    20.5   31.8   18.3    4.5    0.0 -999.9 -999.9  330.0
   flux 2013  4 24 114    21.6   33.5   21.2    5.3    0.0 -999.9 -999.9  330.0
   flux 2013  4 25 115    20.8   33.6   17.0    4.4   19.0 -999.9 -999.9  330.0
   flux 2013  4 26 116    20.9   32.5   21.5    5.0    0.0 -999.9 -999.9  330.0
   flux 2013  4 27 117    21.5   32.9   21.0    5.0   22.5 -999.9 -999.9  330.0
   flux 2013  4 28 118    18.9   33.0   21.9    5.0   40.5 -999.9 -999.9  330.0
   flux 2013  4 29 119    21.1   28.9   16.7    3.9    0.0 -999.9 -999.9  330.0
   flux 2013  4 30 120    21.1   33.8   24.8    5.8    0.0 -999.9 -999.9  330.0
   flux 2013  5  1 121    20.1   33.5   25.2    5.8    0.0 -999.9 -999.9  330.0
   flux 2013  5  2 122    21.5   33.2   20.4    4.9    0.0 -999.9 -999.9  330.0
   flux 2013  5  3 123    21.2   32.8   21.3    5.0    2.5 -999.9 -999.9  330.0
   flux 2013  5  4 124    21.9   33.1   21.9    5.1    0.0 -999.9 -999.9  330.0
   flux 2013  5  5 125    22.4   33.5   20.1    4.9    2.0 -999.9 -999.9  330.0
   flux 2013  5  6 126    21.7   31.5   16.6    4.1    0.0 -999.9 -999.9  330.0
   flux 2013  5  7 127    21.3   32.5   18.0    4.5    0.0 -999.9 -999.9  330.0
   flux 2013  5  8 128    22.3   33.7   20.9    5.1    0.0 -999.9 -999.9  330.0
   flux 2013  5  9 129    21.6   34.0   20.1    5.1    0.0 -999.9 -999.9  330.0
   flux 2013  5 10 130    21.9   33.7   22.5    5.5    0.0 -999.9 -999.9  330.0
   flux 2013  5 11 131    19.9   34.2   21.9    5.4    0.5 -999.9 -999.9  330.0
   flux 2013  5 12 132    21.9   28.6    9.4    3.0    0.0 -999.9 -999.9  330.0
   flux 2013  5 13 133    21.5   31.3   14.0    3.9    0.0 -999.9 -999.9  330.0
   flux 2013  5 14 134    22.0   31.0   21.4    5.1    0.0 -999.9 -999.9  330.0
   flux 2013  5 15 135    22.2   31.1   23.2    5.5    0.0 -999.9 -999.9  330.0
   flux 2013  5 16 136    20.9   32.6   21.3    5.2    0.0 -999.9 -999.9  330.0
   flux 2013  5 17 137    20.8   34.3   18.9    5.0    0.0 -999.9 -999.9  330.0
   flux 2013  5 18 138    22.3   34.3   16.2    4.5    0.0 -999.9 -999.9  330.0
   flux 2013  5 19 139    21.4   32.8   18.1    4.5    2.5 -999.9 -999.9  330.0
   flux 2013  5 20 140    21.0   34.5   19.9    4.9    9.0 -999.9 -999.9  330.0
   flux 2013  5 21 141    21.0   33.2   23.1    5.4    0.0 -999.9 -999.9  330.0
   flux 2013  5 22 142    22.0   31.1   22.1    5.0    0.0 -999.9 -999.9  330.0
   flux 2013  5 23 143    18.9   30.1   20.1    4.7    2.5 -999.9 -999.9  330.0
   flux 2013  5 24 144    22.0   30.8   21.1    5.2    0.0 -999.9 -999.9  330.0
   flux 2013  5 25 145    21.9   30.4   18.7    4.5    0.0 -999.9 -999.9  330.0
   flux 2013  5 26 146    20.2   30.0   17.6    4.3    0.0 -999.9 -999.9  330.0
   flux 2013  5 27 147    21.4   30.3   16.2    4.1    0.0 -999.9 -999.9  330.0
   flux 2013  5 28 148    21.0   29.7   19.4    4.4    0.0 -999.9 -999.9  330.0
   flux 2013  5 29 149    21.0   29.6   17.4    4.1    4.5 -999.9 -999.9  330.0
   flux 2013  5 30 150    21.5   27.9   13.6    3.2    0.5 -999.9 -999.9  330.0
   flux 2013  5 31 151    21.0   28.8   14.5    3.4    0.5 -999.9 -999.9  330.0
   flux 2013  6  1 152    19.9   23.9   12.7    2.7    4.0 -999.9 -999.9  330.0
   flux 2013  6  2 153    20.6   24.0   15.2    3.2    1.5 -999.9 -999.9  330.0
   flux 2013  6  3 154    19.7   25.3   15.6    3.4    0.0 -999.9 -999.9  330.0
   flux 2013  6  4 155    20.3   29.1   16.0    3.9    1.5 -999.9 -999.9  330.0
   flux 2013  6  5 156    20.7   29.3   17.0    4.0    0.0 -999.9 -999.9  330.0
   flux 2013  6  6 157    20.8   28.6   17.4    3.9    1.5 -999.9 -999.9  330.0
   flux 2013  6  7 158    20.8   26.5   15.0    3.3    1.0 -999.9 -999.9  330.0
   flux 2013  6  8 159    20.5   25.1   13.9    3.2    0.0 -999.9 -999.9  330.0
   flux 2013  6  9 160    20.4   25.6   13.0    3.1    0.0 -999.9 -999.9  330.0
   flux 2013  6 10 161    20.5   26.6   13.2    3.1    0.5 -999.9 -999.9  330.0
   flux 2013  6 11 162    20.0   24.3   11.2    2.5    3.0 -999.9 -999.9  330.0
   flux 2013  6 12 163    20.2   25.1   13.7    3.2    0.0 -999.9 -999.9  330.0
   flux 2013  6 13 164    19.7   24.8   11.2    2.6    2.5 -999.9 -999.9  330.0
   flux 2013  6 14 165    20.1   26.6   16.4    3.5    2.0 -999.9 -999.9  330.0
   flux 2013  6 15 166    20.2   24.8   12.6    2.7    8.0 -999.9 -999.9  330.0
   flux 2013  6 16 167    20.0   25.0   16.6    3.3    5.0 -999.9 -999.9  330.0
   flux 2013  6 17 168    20.4   23.3   10.5    2.4    3.0 -999.9 -999.9  330.0
   flux 2013  6 18 169    20.3   23.1   10.4    2.4    2.5 -999.9 -999.9  330.0
   flux 2013  6 19 170    19.9   25.3   12.5    2.8    4.0 -999.9 -999.9  330.0
   flux 2013  6 20 171    19.7   25.6   16.3    3.4    4.0 -999.9 -999.9  330.0
   flux 2013  6 21 172    21.1   25.6   12.7    2.9    1.0 -999.9 -999.9  330.0
   flux 2013  6 22 173    20.9   24.8   14.6    3.0    3.5 -999.9 -999.9  330.0
   flux 2013  6 23 174    20.4   24.6   11.1    2.5    4.0 -999.9 -999.9  330.0
   flux 2013  6 24 175    20.5   23.9   10.0    2.2   12.0 -999.9 -999.9  330.0
   flux 2013  6 25 176    20.0   23.0    9.3    2.0   24.5 -999.9 -999.9  330.0
   flux 2013  6 26 177    20.3   26.2   13.8    2.9    2.5 -999.9 -999.9  330.0
   flux 2013  6 27 178    20.8   24.9   13.0    2.7    1.0 -999.9 -999.9  330.0
   flux 2013  6 28 179    20.0   25.5   14.4    3.0    0.5 -999.9 -999.9  330.0
   flux 2013  6 29 180    20.0   26.2   17.0    3.7    0.0 -999.9 -999.9  330.0
   flux 2013  6 30 181    19.3   26.5   16.2    3.5    0.0 -999.9 -999.9  330.0
   flux 2013  7  1 182    19.9   24.6   12.2    2.8    0.0 -999.9 -999.9  330.0
   flux 2013  7  2 183    20.0   23.7   10.7    2.4    2.5 -999.9 -999.9  330.0
   flux 2013  7  3 184    19.7   23.7   11.1    2.5   15.0 -999.9 -999.9  330.0
   flux 2013  7  4 185    19.5   25.0   15.7    3.1   20.5 -999.9 -999.9  330.0
   flux 2013  7  5 186    20.4   25.5   12.5    2.8    0.5 -999.9 -999.9  330.0
   flux 2013  7  6 187    20.3   26.2   18.1    3.7    0.0 -999.9 -999.9  330.0
   flux 2013  7  7 188    20.2   25.7   14.3    3.1    2.0 -999.9 -999.9  330.0
   flux 2013  7  8 189    20.3   25.2   13.6    3.0    0.0 -999.9 -999.9  330.0
   flux 2013  7  9 190    20.3   24.5   13.0    2.7    4.5 -999.9 -999.9  330.0
   flux 2013  7 10 191    20.0   24.0   12.1    2.6    1.0 -999.9 -999.9  330.0
   flux 2013  7 11 192    19.7   24.5   15.5    3.1    3.5 -999.9 -999.9  330.0
   flux 2013  7 12 193    20.1   25.1   12.2    2.7    0.5 -999.9 -999.9  330.0
   flux 2013  7 13 194    20.0   24.1    9.1    2.2    6.5 -999.9 -999.9  330.0
   flux 2013  7 14 195    20.2   25.9   14.9    3.1    0.5 -999.9 -999.9  330.0
   flux 2013  7 15 196    20.4   24.3   10.9    2.4    2.5 -999.9 -999.9  330.0
   flux 2013  7 16 197    20.7   23.5   12.3    2.6    0.5 -999.9 -999.9  330.0
   flux 2013  7 17 198    20.6   24.4    8.8    2.3    0.0 -999.9 -999.9  330.0
   flux 2013  7 18 199    20.0   25.1   13.3    2.8    6.0 -999.9 -999.9  330.0
   flux 2013  7 19 200    19.8   23.2    9.0    1.9   30.0 -999.9 -999.9  330.0
   flux 2013  7 20 201    19.9   24.2   13.9    2.7   22.5 -999.9 -999.9  330.0
   flux 2013  7 21 202    19.8   22.7    8.6    1.9    9.5 -999.9 -999.9  330.0
   flux 2013  7 22 203    19.6   24.5   14.2    2.9    3.5 -999.9 -999.9  330.0
   flux 2013  7 23 204    19.6   24.4   13.0    2.7    5.0 -999.9 -999.9  330.0
   flux 2013  7 24 205    20.0   24.8   14.8    3.0    4.5 -999.9 -999.9  330.0
   flux 2013  7 25 206    19.7   24.5   16.2    3.2    4.5 -999.9 -999.9  330.0
   flux 2013  7 26 207    19.0   23.8   13.3    2.7    4.0 -999.9 -999.9  330.0
   flux 2013  7 27 208    19.5   25.2   15.1    3.1    3.0 -999.9 -999.9  330.0
   flux 2013  7 28 209    19.6   25.2   13.0    2.7    8.0 -999.9 -999.9  330.0
   flux 2013  7 29 210    19.7   25.1   14.6    3.1    3.5 -999.9 -999.9  330.0
   flux 2013  7 30 211    19.7   24.9   14.1    3.0    3.0 -999.9 -999.9  330.0
   flux 2013  7 31 212    19.7   24.0   13.7    2.9    1.0 -999.9 -999.9  330.0
   flux 2013  8  1 213    19.8   23.5   10.5    2.3   15.5 -999.9 -999.9  330.0
   flux 2013  8  2 214    20.4   24.5   14.6    2.9    9.5 -999.9 -999.9  330.0
   flux 2013  8  3 215    20.1   24.0   12.1    2.6    3.5 -999.9 -999.9  330.0
   flux 2013  8  4 216    20.2   26.2   14.8    3.1    0.5 -999.9 -999.9  330.0
   flux 2013  8  5 217    20.6   23.9   11.1    2.5    0.5 -999.9 -999.9  330.0
   flux 2013  8  6 218    20.2   24.5   14.5    3.1    0.0 -999.9 -999.9  330.0
   flux 2013  8  7 219    19.7   26.0   13.5    2.9   31.0 -999.9 -999.9  330.0
   flux 2013  8  8 220    20.2   26.9   18.3    3.8    0.5 -999.9 -999.9  330.0
   flux 2013  8  9 221    20.2   26.1   15.9    3.4    0.5 -999.9 -999.9  330.0
   flux 2013  8 10 222    19.9   26.4   14.3    3.1    7.0 -999.9 -999.9  330.0
   flux 2013  8 11 223    19.2   27.6   18.3    3.8    0.0 -999.9 -999.9  330.0
   flux 2013  8 12 224    19.9   26.1   16.1    3.4    0.0 -999.9 -999.9  330.0
   flux 2013  8 13 225    20.2   26.6   16.9    3.6    0.0 -999.9 -999.9  330.0
   flux 2013  8 14 226    20.0   24.9   14.8    3.2    0.0 -999.9 -999.9  330.0
   flux 2013  8 15 227    19.5   25.9   16.6    3.5    0.0 -999.9 -999.9  330.0
   flux 2013  8 16 228    20.5   26.6   15.7    3.4    2.5 -999.9 -999.9  330.0
   flux 2013  8 17 229    20.0   25.5   13.4    2.9    8.5 -999.9 -999.9  330.0
   flux 2013  8 18 230    20.3   23.5   10.6    2.5    0.0 -999.9 -999.9  330.0
   flux 2013  8 19 231    19.5   25.8   17.5    3.5    0.5 -999.9 -999.9  330.0
   flux 2013  8 20 232    20.3   26.4   16.8    3.6    0.5 -999.9 -999.9  330.0
   flux 2013  8 21 233    20.2   24.7   13.7    2.9    2.0 -999.9 -999.9  330.0
   flux 2013  8 22 234    19.7   26.4   20.6    4.1    2.0 -999.9 -999.9  330.0
   flux 2013  8 23 235    19.9   25.5   19.8    3.9    0.5 -999.9 -999.9  330.0
   flux 2013  8 24 236    19.3   25.2   14.0    3.1    0.0 -999.9 -999.9  330.0
   flux 2013  8 25 237    19.7   26.8   21.0    4.1    0.5 -999.9 -999.9  330.0
   flux 2013  8 26 238    19.3   28.5   17.9    3.9    9.5 -999.9 -999.9  330.0
   flux 2013  8 27 239    18.9   28.7   23.6    4.8    0.0 -999.9 -999.9  330.0
   flux 2013  8 28 240    19.4   29.3   20.7    4.5    0.0 -999.9 -999.9  330.0
   flux 2013  8 29 241    20.4   28.5   17.0    3.8   20.5 -999.9 -999.9  330.0
   flux 2013  8 30 242    21.2   30.3   18.1    4.0    7.5 -999.9 -999.9  330.0
   flux 2013  8 31 243    20.1   30.5   19.4    4.2   13.0 -999.9 -999.9  330.0
   flux 2013  9  1 244    21.2   31.4   21.0    4.5    8.0 -999.9 -999.9  330.0
   flux 2013  9  2 245    20.4   30.1   18.3    3.8    1.0 -999.9 -999.9  330.0
   flux 2013  9  3 246    19.4   27.6   17.3    3.6    0.5 -999.9 -999.9  330.0
   flux 2013  9  4 247    18.0   26.2   16.4    3.3    0.0 -999.9 -999.9  330.0
   flux 2013  9  5 248    18.1   28.1   23.5    4.5    4.0 -999.9 -999.9  330.0
   flux 2013  9  6 249    19.9   27.0   14.5    3.1   11.5 -999.9 -999.9  330.0
   flux 2013  9  7 250    19.9   25.8   16.6    3.3    1.5 -999.9 -999.9  330.0
   flux 2013  9  8 251    19.6   26.6   13.7    2.9    5.5 -999.9 -999.9  330.0
   flux 2013  9  9 252    19.2   26.1   15.4    3.1    6.5 -999.9 -999.9  330.0
   flux 2013  9 10 253    20.3   26.4   16.3    3.4    0.0 -999.9 -999.9  330.0
   flux 2013  9 11 254    19.6   26.1   14.8    3.1    0.0 -999.9 -999.9  330.0
   flux 2013  9 12 255    20.1   27.1   19.5    3.9    2.5 -999.9 -999.9  330.0
   flux 2013  9 13 256    20.1   27.4   23.3    4.5    0.5 -999.9 -999.9  330.0
   flux 2013  9 14 257    19.6   28.5   18.3    3.8    0.0 -999.9 -999.9  330.0
   flux 2013  9 15 258    21.1   26.8   16.1    3.6    0.0 -999.9 -999.9  330.0
   flux 2013  9 16 259    21.4   27.8   16.9    3.8    0.0 -999.9 -999.9  330.0
   flux 2013  9 17 260    21.0   27.5   14.8    3.2    5.5 -999.9 -999.9  330.0
   flux 2013  9 18 261    20.5   26.0   16.6    3.4    1.0 -999.9 -999.9  330.0
   flux 2013  9 19 262    20.3   27.0   15.7    3.4    0.5 -999.9 -999.9  330.0
   flux 2013  9 20 263    20.6   26.9   13.4    3.1    2.5 -999.9 -999.9  330.0
   flux 2013  9 21 264    20.2   25.6   10.6    2.6    0.5 -999.9 -999.9  330.0
   flux 2013  9 22 265    18.8   26.4   17.5    3.8    0.0 -999.9 -999.9  330.0
   flux 2013  9 23 266    19.0   28.2   16.8    3.9    0.0 -999.9 -999.9  330.0
   flux 2013  9 24 267    17.8   27.8   13.7    3.2    0.0 -999.9 -999.9  330.0
   flux 2013  9 25 268    19.4   28.8   20.6    4.4    0.0 -999.9 -999.9  330.0
   flux 2013  9 26 269    17.2   29.5   19.8    4.2    0.0 -999.9 -999.9  330.0
   flux 2013  9 27 270    15.8   29.7   14.0    3.2    0.0 -999.9 -999.9  330.0
   flux 2013  9 28 271    19.7   27.1   21.0    4.1    0.0 -999.9 -999.9  330.0
   flux 2013  9 29 272    17.6   26.5   17.9    3.5    1.5 -999.9 -999.9  330.0
   flux 2013  9 30 273    17.7   27.3   23.6    4.5    0.0 -999.9 -999.9  330.0
   flux 2013 10  1 274    20.2   28.3   20.7    4.3    0.0 -999.9 -999.9  330.0
   flux 2013 10  2 275    20.0   27.0   17.0    3.7    0.0 -999.9 -999.9  330.0
   flux 2013 10  3 276    18.8   27.8   18.1    3.9    0.0 -999.9 -999.9  330.0
   flux 2013 10  4 277    18.5   27.7   19.4    4.2    0.0 -999.9 -999.9  330.0
   flux 2013 10  5 278    16.3   27.5   21.0    4.3    0.0 -999.9 -999.9  330.0
   flux 2013 10  6 279    19.3   27.8   18.3    4.0    0.0 -999.9 -999.9  330.0
   flux 2013 10  7 280    18.4   29.5   18.3    3.8    0.0 -999.9 -999.9  330.0
   flux 2013 10  8 281    20.8   29.8   16.1    3.6    0.5 -999.9 -999.9  330.0
   flux 2013 10  9 282    20.9   27.8   16.9    3.6    0.0 -999.9 -999.9  330.0
   flux 2013 10 10 283    20.5   28.9   14.8    3.4    0.0 -999.9 -999.9  330.0
   flux 2013 10 11 284    18.6   28.9   16.6    3.7    0.0 -999.9 -999.9  330.0
   flux 2013 10 12 285    18.7   27.9   15.7    3.7    0.0 -999.9 -999.9  330.0
   flux 2013 10 13 286    19.7   28.8   13.4    3.2    0.0 -999.9 -999.9  330.0
   flux 2013 10 14 287    19.2   29.4   10.6    2.8    0.0 -999.9 -999.9  330.0
   flux 2013 10 15 288    21.2   28.8   17.5    3.6    0.5 -999.9 -999.9  330.0
   flux 2013 10 16 289    20.2   29.3   16.8    3.4   36.0 -999.9 -999.9  330.0
   flux 2013 10 17 290    19.6   28.1   13.7    2.8   15.0 -999.9 -999.9  330.0
   flux 2013 10 18 291    20.1   28.3   20.6    3.9    0.5 -999.9 -999.9  330.0
   flux 2013 10 19 292    18.8   28.9   19.8    3.8    6.0 -999.9 -999.9  330.0
   flux 2013 10 20 293    19.0   26.5   14.0    2.7    7.5 -999.9 -999.9  330.0
   flux 2013 10 21 294    20.1   27.5   21.0    4.0    4.0 -999.9 -999.9  330.0
   flux 2013 10 22 295    20.2   26.2   17.9    3.4   22.5 -999.9 -999.9  330.0
   flux 2013 10 23 296    20.2   26.0   23.6    4.2    0.5 -999.9 -999.9  330.0
   flux 2013 10 24 297    20.3   25.8   20.7    3.9    0.0 -999.9 -999.9  330.0
   flux 2013 10 25 298    20.1   27.4   17.0    3.4   18.0 -999.9 -999.9  330.0
   flux 2013 10 26 299    19.6   27.2   18.1    3.6    0.0 -999.9 -999.9  330.0
   flux 2013 10 27 300    19.0   27.5   19.4    3.7    0.0 -999.9 -999.9  330.0
   flux 2013 10 28 301    15.6   28.4   21.0    3.8    0.0 -999.9 -999.9  330.0
   flux 2013 10 29 302    17.2   29.0   18.3    3.6    0.0 -999.9 -999.9  330.0
   flux 2013 10 30 303    19.2   28.1   18.3    3.5    0.0 -999.9 -999.9  330.0
   flux 2013 10 31 304    19.8   28.6   16.1    3.2    9.0 -999.9 -999.9  330.0
   flux 2013 11  1 305    18.9   28.6   16.9    3.3    0.5 -999.9 -999.9  330.0
   flux 2013 11  2 306    20.4   28.6   14.8    3.2    0.0 -999.9 -999.9  330.0
   flux 2013 11  3 307    19.4   28.4   16.6    3.5    0.0 -999.9 -999.9  330.0
   flux 2013 11  4 308    19.3   25.7   15.7    3.1    0.0 -999.9 -999.9  330.0
   flux 2013 11  5 309    18.3   27.4   13.4    3.3    0.0 -999.9 -999.9  330.0
   flux 2013 11  6 310    18.3   28.0   10.6    2.8    0.0 -999.9 -999.9  330.0
   flux 2013 11  7 311    19.3   27.9   17.5    3.8    0.0 -999.9 -999.9  330.0
   flux 2013 11  8 312    17.3   28.5   16.8    3.3    0.0 -999.9 -999.9  330.0
   flux 2013 11  9 313    14.8   27.9   13.7    2.8    0.0 -999.9 -999.9  330.0
   flux 2013 11 10 314    15.2   27.5   20.6    3.7    0.0 -999.9 -999.9  330.0
   flux 2013 11 11 315    15.4   28.2   19.8    3.6    0.0 -999.9 -999.9  330.0
   flux 2013 11 12 316    17.0   26.9   14.0    2.7    0.0 -999.9 -999.9  330.0
   flux 2013 11 13 317    18.8   26.8   21.0    3.7    0.0 -999.9 -999.9  330.0
   flux 2013 11 14 318    17.9   28.5   17.9    3.3    0.0 -999.9 -999.9  330.0
   flux 2013 11 15 319    14.6   28.0   23.6    4.1    0.0 -999.9 -999.9  330.0
   flux 2013 11 16 320    13.8   25.1   20.7    3.4    2.0 -999.9 -999.9  330.0
   flux 2013 11 17 321    18.3   23.7   17.0    3.0    6.5 -999.9 -999.9  330.0
   flux 2013 11 18 322    18.6   27.6   18.1    3.4    2.5 -999.9 -999.9  330.0
   flux 2013 11 19 323    18.1   28.1   19.4    3.6    0.0 -999.9 -999.9  330.0
   flux 2013 11 20 324    17.4   29.1   21.0    3.8    0.0 -999.9 -999.9  330.0
   flux 2013 11 21 325    15.3   29.2   18.3    3.3    0.0 -999.9 -999.9  330.0
   flux 2013 11 22 326    16.1   28.8   16.8    3.1    0.0 -999.9 -999.9  330.0
   flux 2013 11 23 327    16.8   27.3   12.0    2.4    0.0 -999.9 -999.9  330.0
   flux 2013 11 24 328    19.5   28.7   14.8    3.0    0.0 -999.9 -999.9  330.0
   flux 2013 11 25 329    20.3   28.4   13.0    2.6    0.0 -999.9 -999.9  330.0
   flux 2013 11 26 330    18.1   29.7   17.5    3.3    0.0 -999.9 -999.9  330.0
   flux 2013 11 27 331    18.3   29.1   17.6    3.3    0.0 -999.9 -999.9  330.0
   flux 2013 11 28 332    17.0   28.7   17.0    3.2    0.0 -999.9 -999.9  330.0
   flux 2013 11 29 333    16.8   26.7   10.3    2.1    0.0 -999.9 -999.9  330.0
   flux 2013 11 30 334    17.4   28.4   15.2    3.0    0.0 -999.9 -999.9  330.0
   flux 2013 12  1 335    15.5   27.8   13.4    2.7   11.5 -999.9 -999.9  330.0
   flux 2013 12  2 336    18.6   27.5   12.5    2.5    4.0 -999.9 -999.9  330.0
   flux 2013 12  3 337    18.1   27.0   15.9    3.2    1.0 -999.9 -999.9  330.0
   flux 2013 12  4 338    15.5   27.6   19.4    3.7    0.0 -999.9 -999.9  330.0
   flux 2013 12  5 339    14.1   27.6   20.5    3.6    0.0 -999.9 -999.9  330.0
   flux 2013 12  6 340    14.6   28.1   20.9    3.6    0.0 -999.9 -999.9  330.0
   flux 2013 12  7 341    12.4   26.5   16.8    2.9    0.0 -999.9 -999.9  330.0
   flux 2013 12  8 342    13.1   28.9   19.7    3.4    0.0 -999.9 -999.9  330.0
   flux 2013 12  9 343    16.6   29.1   20.0    3.6    0.0 -999.9 -999.9  330.0
   flux 2013 12 10 344    12.6   29.1   20.1    3.3    0.0 -999.9 -999.9  330.0
   flux 2013 12 11 345    12.4   28.6   19.7    3.3    0.0 -999.9 -999.9  330.0
   flux 2013 12 12 346    11.0   26.7   10.5    2.9    0.0 -999.9 -999.9  330.0
   flux 2013 12 13 347    19.9   24.7    5.9    1.9    0.0 -999.9 -999.9  330.0
   flux 2013 12 14 348    17.2   29.1   18.9    3.8    0.0 -999.9 -999.9  330.0
   flux 2013 12 15 349    15.1   29.8   19.6    3.6    0.0 -999.9 -999.9  330.0
   flux 2013 12 16 350    12.7   28.7   20.1    3.6    0.0 -999.9 -999.9  330.0
   flux 2013 12 17 351     9.4   27.7   20.6    3.7    0.0 -999.9 -999.9  330.0
   flux 2013 12 18 352    11.3   27.7   21.2    3.7    0.0 -999.9 -999.9  330.0
   flux 2013 12 19 353    10.2   28.0   18.7    3.1    0.0 -999.9 -999.9  330.0
   flux 2013 12 20 354    11.1   29.1   18.9    3.2    0.0 -999.9 -999.9  330.0
   flux 2013 12 21 355    12.7   29.7   19.7    3.4    0.0 -999.9 -999.9  330.0
   flux 2013 12 22 356    13.8   28.4   18.8    3.6    0.0 -999.9 -999.9  330.0
   flux 2013 12 23 357    15.5   26.4   21.9    4.3    0.0 -999.9 -999.9  330.0
   flux 2013 12 24 358    12.5   29.4   20.0    4.2    0.0 -999.9 -999.9  330.0
   flux 2013 12 25 359    14.1   27.9   19.0    3.9    0.0 -999.9 -999.9  330.0
   flux 2013 12 26 360    14.0   28.8   17.0    3.7    0.0 -999.9 -999.9  330.0
   flux 2013 12 27 361    15.9   29.3   20.2    4.3    0.0 -999.9 -999.9  330.0
   flux 2013 12 28 362    16.4   27.4   13.1    3.2    0.0 -999.9 -999.9  330.0
   flux 2013 12 29 363    18.3   29.4   16.5    3.7    6.0 -999.9 -999.9  330.0
   flux 2013 12 30 364    19.4   28.4   17.9    3.7    0.0 -999.9 -999.9  330.0
   flux 2013 12 31 365    18.3   29.1   18.1    3.9    0.0 -999.9 -999.9  330.0
