Mons 2014 1 1 1 4.7 10.1 1.1 0.5 3.0 6.4 9.3 350.0 
Mons 2014 1 2 2 6.6 10.6 3.8 0.2 0.4 5.4 9.9 350.0 
Mons 2014 1 3 3 6.9 12.8 3.2 1.0 0.9 6.6 9.7 350.0 
Mons 2014 1 4 4 6.6 10.7 3.0 0.4 2.2 4.5 9.5 350.0 
Mons 2014 1 5 5 1.5 11.8 2.8 0.4 0.4 3.9 8.3 350.0 
Mons 2014 1 6 6 6.6 12.8 1.4 0.3 0.0 6.2 11.5 350.0 
Mons 2014 1 7 7 8.5 12.3 3.1 0.6 0.0 5.1 10.5 350.0 
Mons 2014 1 8 8 5.9 11.0 3.6 0.0 0.4 3.1 10.8 350.0 
Mons 2014 1 9 9 6.6 11.1 0.9 0.5 0.9 5.0 10.1 350.0 
Mons 2014 1 10 10 3.0 5.3 1.2 0.0 0.0 2.7 8.1 350.0 
Mons 2014 1 11 11 3.2 9.3 3.7 0.1 0.0 1.7 8.0 350.0 
Mons 2014 1 12 12 -1.3 7.6 1.6 0.3 0.0 3.4 7.0 350.0 
Mons 2014 1 13 13 3.9 9.5 4.5 0.0 1.7 3.2 9.2 350.0 
Mons 2014 1 14 14 2.8 7.3 3.4 0.2 3.0 3.1 7.6 350.0 
Mons 2014 1 15 15 0.9 8.6 1.0 0.0 1.3 4.7 8.8 350.0 
Mons 2014 1 16 16 6.6 9.1 2.1 0.3 7.4 4.7 9.9 350.0 
Mons 2014 1 17 17 6.3 9.2 2.2 0.8 1.7 4.7 8.6 350.0 
Mons 2014 1 18 18 3.0 8.6 4.2 0.2 0.0 3.4 8.0 350.0 
Mons 2014 1 19 19 5.6 9.3 2.0 0.4 0.0 1.8 9.1 350.0 
Mons 2014 1 20 20 4.7 7.3 2.0 0.3 0.0 1.5 8.1 350.0 
Mons 2014 1 21 21 1.4 4.0 1.4 0.1 0.0 2.8 7.3 350.0 
Mons 2014 1 22 22 0.9 5.4 3.6 0.2 1.3 4.1 6.9 350.0 
Mons 2014 1 23 23 2.8 8.1 3.1 0.2 4.3 3.1 8.2 350.0 
Mons 2014 1 24 24 -0.6 6.9 6.6 0.0 0.4 1.6 6.7 350.0 
Mons 2014 1 25 25 0.8 8.8 2.3 0.6 1.3 4.0 7.3 350.0 
Mons 2014 1 26 26 1.0 8.5 1.4 0.5 9.1 4.2 7.7 350.0 
Mons 2014 1 27 27 0.9 5.6 1.8 0.5 5.7 4.9 6.9 350.0 
Mons 2014 1 28 28 1.6 5.4 1.3 0.2 1.3 5.3 7.5 350.0 
Mons 2014 1 29 29 2.4 4.0 2.4 0.5 0.4 4.8 6.9 350.0 
Mons 2014 1 30 30 3.1 6.1 2.9 0.2 0.0 2.2 8.1 350.0 
Mons 2014 1 31 31 0.3 7.5 5.6 0.1 9.1 4.1 7.4 350.0 
Mons 2014 2 1 32 4.8 7.9 3.4 0.7 3.3 5.1 8.2 350.0 
Mons 2014 2 2 33 1.6 8.4 7.4 0.3 0.0 3.3 7.2 350.0 
Mons 2014 2 3 34 0.1 7.0 7.7 0.2 0.0 3.7 6.9 350.0 
Mons 2014 2 4 35 2.0 8.1 5.8 0.5 2.0 4.9 7.5 350.0 
Mons 2014 2 5 36 4.4 9.6 4.4 1.2 0.0 7.0 8.0 350.0 
Mons 2014 2 6 37 4.7 12.3 1.8 1.5 5.9 5.8 8.3 350.0 
Mons 2014 2 7 38 5.7 9.6 3.7 1.3 5.9 7.2 8.5 350.0 
Mons 2014 2 8 39 4.7 9.1 3.3 1.2 4.6 7.6 8.4 350.0 
Mons 2014 2 9 40 4.1 8.4 6.3 1.5 0.0 6.5 6.9 350.0 
Mons 2014 2 10 41 3.5 7.0 5.0 0.6 0.7 2.8 7.4 350.0 
Mons 2014 2 11 42 2.8 7.6 3.9 0.8 2.0 5.0 7.5 350.0 
Mons 2014 2 12 43 1.5 8.4 6.7 0.8 4.0 5.9 7.3 350.0 
Mons 2014 2 13 44 3.8 7.4 3.2 1.0 4.6 5.0 7.4 350.0 
Mons 2014 2 14 45 2.0 12.9 1.4 1.0 2.6 5.5 8.4 350.0 
Mons 2014 2 15 46 8.1 10.4 5.8 2.0 1.3 7.0 8.3 350.0 
Mons 2014 2 16 47 5.0 10.7 7.1 1.1 0.0 4.1 8.1 350.0 
Mons 2014 2 17 48 3.2 9.4 6.9 0.6 0.0 3.1 8.2 350.0 
Mons 2014 2 18 49 2.9 7.1 2.8 0.5 0.0 2.4 7.9 350.0 
Mons 2014 2 19 50 2.7 9.5 3.8 0.3 3.3 1.7 9.1 350.0 
Mons 2014 2 20 51 6.0 10.4 1.9 0.3 5.3 4.5 10.6 350.0 
Mons 2014 2 21 52 5.2 9.7 8.6 1.2 3.3 4.3 7.8 350.0 
Mons 2014 2 22 53 3.2 9.7 6.9 0.9 0.0 3.2 7.9 350.0 
Mons 2014 2 23 54 2.5 13.0 9.3 1.0 0.0 3.7 8.6 350.0 
Mons 2014 2 24 55 3.1 13.2 9.9 1.1 0.0 3.5 8.4 350.0 
Mons 2014 2 25 56 6.1 11.5 4.0 1.4 2.0 4.6 8.8 350.0 
Mons 2014 2 26 57 2.9 9.9 9.5 0.7 0.0 2.1 8.2 350.0 
Mons 2014 2 27 58 2.1 7.9 2.1 0.5 5.9 3.7 7.9 350.0 
Mons 2014 2 28 59 2.8 6.4 2.3 0.3 3.3 2.7 8.0 350.0 
Mons 2014 3 1 60 0.9 6.9 2.6 0.4 3.6 1.8 7.5 350.0 
Mons 2014 3 2 61 -1.6 9.7 11.3 1.0 6.3 3.8 6.6 350.0 
Mons 2014 3 3 62 4.2 8.7 7.4 1.0 5.4 4.1 8.2 350.0 
Mons 2014 3 4 63 0.1 10.1 8.0 0.7 0.0 1.7 7.8 350.0 
Mons 2014 3 5 64 -0.9 12.6 12.4 0.8 0.0 0.8 7.5 350.0 
Mons 2014 3 6 65 0.7 13.1 13.7 1.1 0.0 1.6 7.3 350.0 
Mons 2014 3 7 66 1.1 12.6 10.2 0.9 0.0 1.7 8.5 350.0 
Mons 2014 3 8 67 3.0 16.6 14.4 1.7 0.0 2.8 8.7 350.0 
Mons 2014 3 9 68 4.0 19.1 15.1 2.0 0.0 3.0 9.1 350.0 
Mons 2014 3 10 69 3.5 18.5 14.9 1.7 0.0 2.2 9.2 350.0 
Mons 2014 3 11 70 7.5 13.1 14.2 1.8 0.0 3.9 10.0 350.0 
Mons 2014 3 12 71 4.8 17.3 15.2 1.8 0.0 2.4 9.5 350.0 
Mons 2014 3 13 72 4.0 17.8 15.0 1.5 0.0 1.2 9.7 350.0 
Mons 2014 3 14 73 3.6 16.1 12.3 1.5 0.0 1.9 9.5 350.0 
Mons 2014 3 15 74 5.7 12.0 7.2 1.1 0.0 4.0 10.1 350.0 
Mons 2014 3 16 75 5.6 15.8 16.5 1.9 0.0 3.0 10.2 350.0 
Mons 2014 3 17 76 5.5 9.9 2.5 0.1 0.0 2.2 11.1 350.0 
Mons 2014 3 18 77 7.6 10.9 4.0 1.0 0.0 3.6 10.4 350.0 
Mons 2014 3 19 78 5.0 14.8 13.3 1.7 0.0 3.0 10.1 350.0 
Mons 2014 3 20 79 3.4 19.7 17.4 2.7 0.0 3.8 9.2 350.0 
Mons 2014 3 21 80 7.0 11.6 9.4 1.8 2.7 3.8 9.2 350.0 
Mons 2014 3 22 81 5.1 10.8 9.0 1.8 3.6 3.9 8.1 350.0 
Mons 2014 3 23 82 2.9 9.6 12.6 1.6 6.3 3.5 7.7 350.0 
Mons 2014 3 24 83 1.6 10.9 13.2 1.5 0.0 1.3 6.8 350.0 
Mons 2014 3 25 84 1.2 9.4 8.5 1.3 0.0 2.1 7.0 350.0 
Mons 2014 3 26 85 1.8 10.6 15.2 1.8 0.0 2.1 6.8 350.0 
Mons 2014 3 27 86 -0.4 12.9 16.2 1.7 0.0 1.3 6.6 350.0 
Mons 2014 3 28 87 1.7 15.1 16.1 2.0 0.0 1.8 7.6 350.0 
Mons 2014 3 29 88 5.2 19.7 17.5 3.3 0.0 3.7 8.2 350.0 
Mons 2014 3 30 89 7.4 19.0 11.3 2.4 0.0 2.2 9.6 350.0 
Mons 2014 3 31 90 7.0 20.6 14.5 2.3 0.0 1.2 10.2 350.0 
Mons 2014 4 1 91 8.0 20.6 17.0 2.6 0.0 1.6 11.0 350.0 
Mons 2014 4 2 92 8.3 21.5 16.2 3.0 0.0 2.9 11.8 350.0 
Mons 2014 4 3 93 9.9 19.4 10.5 2.5 0.0 3.0 11.8 350.0 
Mons 2014 4 4 94 11.2 13.3 5.6 1.4 0.0 2.0 11.7 350.0 
Mons 2014 4 5 95 4.9 18.4 19.0 2.5 0.0 1.4 9.9 350.0 
Mons 2014 4 6 96 8.7 18.4 8.8 1.5 0.0 3.1 14.4 350.0 
Mons 2014 4 7 97 11.2 22.1 15.9 3.3 8.5 4.3 14.4 350.0 
Mons 2014 4 8 98 7.0 12.1 15.6 2.6 0.5 4.8 9.2 350.0 
Mons 2014 4 9 99 2.0 14.7 17.2 2.0 0.0 1.2 8.9 350.0 
Mons 2014 4 10 100 2.8 16.8 20.2 2.3 0.0 0.9 9.6 350.0 
Mons 2014 4 11 101 6.1 16.3 18.4 2.6 0.0 2.0 9.8 350.0 
Mons 2014 4 12 102 5.8 16.0 14.9 2.4 0.0 2.2 9.5 350.0 
Mons 2014 4 13 103 5.5 16.1 11.4 2.0 0.0 2.4 10.1 350.0 
Mons 2014 4 14 104 3.5 14.6 20.3 3.0 0.0 3.1 7.8 350.0 
Mons 2014 4 15 105 1.2 12.9 22.5 2.9 0.0 2.5 6.8 350.0 
Mons 2014 4 16 106 2.0 15.5 23.3 3.4 0.0 2.8 6.4 350.0 
Mons 2014 4 17 107 2.7 19.0 22.5 3.7 0.0 2.9 7.2 350.0 
Mons 2014 4 18 108 7.7 13.2 17.6 3.3 0.0 3.5 7.8 350.0 
Mons 2014 4 19 109 3.3 13.9 17.2 2.8 0.0 3.0 7.8 350.0 
Mons 2014 4 20 110 11.0 18.3 15.6 3.8 0.0 3.0 9.0 350.0 
Mons 2014 4 21 111 5.2 18.0 15.1 2.7 0.0 2.2 9.3 350.0 
Mons 2014 4 22 112 6.9 19.6 15.8 2.8 0.0 1.9 11.0 350.0 
Mons 2014 4 23 113 5.5 19.7 16.7 2.5 0.5 1.2 11.5 350.0 
Mons 2014 4 24 114 10.4 17.2 9.9 1.7 6.5 2.0 14.4 350.0 
Mons 2014 4 25 115 11.6 17.9 10.9 2.3 0.5 3.3 14.0 350.0 
Mons 2014 4 26 116 6.0 13.6 9.0 1.4 2.5 3.6 11.6 350.0 
Mons 2014 4 27 117 5.4 15.5 11.1 1.8 1.5 3.4 11.5 350.0 
Mons 2014 4 28 118 7.1 15.8 14.1 2.4 0.0 2.1 10.8 350.0 
Mons 2014 4 29 119 7.1 17.3 14.7 2.4 0.0 1.4 11.4 350.0 
Mons 2014 4 30 120 7.6 19.0 20.6 3.2 1.0 2.0 12.0 350.0 
Mons 2014 5 1 121 8.8 17.8 13.6 2.3 2.9 2.2 13.3 350.0 
Mons 2014 5 2 122 10.2 16.0 11.9 2.7 0.0 3.5 11.6 350.0 
Mons 2014 5 3 123 4.6 14.4 21.8 3.6 0.0 3.1 7.6 350.0 
Mons 2014 5 4 124 3.0 15.8 23.9 3.3 0.0 1.5 7.8 350.0 
Mons 2014 5 5 125 4.9 21.6 25.6 4.5 0.0 2.6 8.6 350.0 
Mons 2014 5 6 126 10.7 19.4 12.8 2.7 14.7 2.8 13.8 350.0 
Mons 2014 5 7 127 9.8 15.8 14.9 2.9 1.5 3.9 12.1 350.0 
Mons 2014 5 8 128 9.0 13.7 6.1 1.1 13.7 5.2 13.0 350.0 
Mons 2014 5 9 129 11.2 16.5 14.8 3.4 0.0 4.8 12.0 350.0 
Mons 2014 5 10 130 7.8 15.3 7.3 1.7 7.8 5.1 12.3 350.0 
Mons 2014 5 11 131 8.2 14.5 22.1 4.3 0.5 6.0 9.8 350.0 
Mons 2014 5 12 132 6.6 13.9 17.8 2.8 7.8 3.8 10.6 350.0 
Mons 2014 5 13 133 6.2 15.5 17.6 2.8 4.9 2.6 10.9 350.0 
Mons 2014 5 14 134 3.9 16.9 22.6 3.4 0.0 2.7 9.9 350.0 
Mons 2014 5 15 135 4.3 15.5 24.9 3.5 0.0 2.1 9.1 350.0 
Mons 2014 5 16 136 5.9 18.2 28.2 4.4 0.0 2.7 9.7 350.0 
Mons 2014 5 17 137 7.3 20.9 27.2 4.4 0.0 2.1 11.4 350.0 
Mons 2014 5 18 138 9.6 23.3 27.2 4.8 0.0 1.7 12.2 350.0 
Mons 2014 5 19 139 11.2 25.2 28.1 5.7 0.0 3.0 12.7 350.0 
Mons 2014 5 20 140 12.5 23.4 16.2 3.9 10.3 3.2 14.8 350.0 
Mons 2014 5 21 141 12.2 20.1 6.6 1.5 3.9 2.4 16.8 350.0 
Mons 2014 5 22 142 11.2 19.8 19.6 4.0 0.5 4.1 13.8 350.0 
Mons 2014 5 23 143 8.9 19.0 19.0 3.3 4.9 3.0 13.5 350.0 
Mons 2014 5 24 144 10.6 16.5 14.5 3.0 1.5 4.3 12.6 350.0 
Mons 2014 5 25 145 6.8 20.7 23.3 3.8 0.0 1.7 11.8 350.0 
Mons 2014 5 26 146 11.9 15.0 5.8 1.1 9.3 2.8 14.9 350.0 
Mons 2014 5 27 147 12.6 15.9 8.3 1.9 0.0 3.6 14.6 350.0 
Mons 2014 5 28 148 11.8 14.3 6.4 1.3 0.0 2.6 14.0 350.0 
Mons 2014 5 29 149 11.6 17.9 13.5 2.5 0.0 1.4 14.1 350.0 
Mons 2014 5 30 150 10.7 19.5 24.0 3.9 0.0 1.9 14.4 350.0 
Mons 2014 5 31 151 8.4 19.5 24.8 4.3 0.5 2.3 11.4 350.0 
Mons 2014 6 1 152 7.7 18.4 15.5 2.7 0.0 1.3 11.8 350.0 
Mons 2014 6 2 153 7.3 20.0 22.2 3.5 0.0 1.3 12.8 350.0 
Mons 2014 6 3 154 12.3 19.9 13.5 2.6 11.9 1.3 15.3 350.0 
Mons 2014 6 4 155 11.9 16.7 9.6 2.2 13.9 3.2 14.0 350.0 
Mons 2014 6 5 156 8.4 19.1 23.5 4.5 0.0 3.7 11.3 350.0 
Mons 2014 6 6 157 9.6 25.4 29.2 5.4 0.0 2.5 14.4 350.0 
Mons 2014 6 7 158 15.5 27.7 23.5 5.2 2.0 2.6 19.2 350.0 
Mons 2014 6 8 159 14.9 26.4 21.3 4.4 1.0 1.6 19.2 350.0 
Mons 2014 6 9 160 16.1 26.2 17.3 3.7 26.7 2.2 21.9 350.0 
Mons 2014 6 10 161 15.4 20.8 9.6 2.1 10.4 1.7 18.8 350.0 
Mons 2014 6 11 162 13.0 23.0 28.3 5.2 0.0 1.7 14.5 350.0 
Mons 2014 6 12 163 11.7 23.2 30.4 5.5 0.0 2.0 13.7 350.0 
Mons 2014 6 13 164 11.8 22.8 26.6 4.8 0.0 1.9 14.6 350.0 
Mons 2014 6 14 165 12.2 20.7 25.5 4.9 0.0 3.0 13.5 350.0 
Mons 2014 6 15 166 10.5 18.8 21.7 4.1 0.0 3.0 12.3 350.0 
Mons 2014 6 16 167 10.3 17.7 18.8 3.5 0.0 3.0 12.6 350.0 
Mons 2014 6 17 168 11.1 18.6 13.8 3.0 0.0 2.7 13.1 350.0 
Mons 2014 6 18 169 10.4 21.3 28.2 5.1 0.0 2.8 13.3 350.0 
Mons 2014 6 19 170 9.4 21.2 24.7 4.3 0.0 1.7 13.1 350.0 
Mons 2014 6 20 171 10.3 19.6 21.1 3.9 0.0 2.0 12.0 350.0 
Mons 2014 6 21 172 7.8 23.1 28.6 4.8 0.0 1.4 12.6 350.0 
Mons 2014 6 22 173 11.9 23.8 28.5 5.4 0.0 2.0 13.4 350.0 
Mons 2014 6 23 174 10.9 23.0 30.0 5.5 0.0 2.2 12.4 350.0 
Mons 2014 6 24 175 11.5 25.2 24.1 4.6 0.5 1.4 14.4 350.0 
Mons 2014 6 25 176 13.5 21.0 29.4 5.7 0.0 2.4 11.4 350.0 
Mons 2014 6 26 177 8.0 22.9 27.4 4.6 0.0 0.9 11.3 350.0 
Mons 2014 6 27 178 12.4 23.9 20.0 3.8 0.5 1.3 16.0 350.0 
Mons 2014 6 28 179 13.8 19.8 9.6 2.0 7.9 0.6 16.1 350.0 
Mons 2014 6 29 180 11.8 17.9 13.3 2.4 16.8 1.7 15.0 350.0 
Mons 2014 6 30 181 8.7 20.0 19.1 3.1 4.5 1.0 14.4 350.0 
Mons 2014 7 1 182 12.0 21.6 26.1 4.9 0.0 1.9 12.5 350.0 
Mons 2014 7 2 183 9.8 23.0 29.7 5.1 0.0 1.5 13.1 350.0 
Mons 2014 7 3 184 10.2 27.5 29.9 5.4 0.0 1.3 15.0 350.0 
Mons 2014 7 4 185 13.4 25.0 11.2 2.6 1.9 1.6 18.4 350.0 
Mons 2014 7 5 186 16.5 22.5 11.6 2.6 4.3 2.8 20.2 350.0 
Mons 2014 7 6 187 14.0 21.1 11.9 2.7 4.7 2.5 17.1 350.0 
Mons 2014 7 7 188 8.6 20.4 16.9 2.8 4.7 0.8 13.9 350.0 
Mons 2014 7 8 189 13.1 19.0 10.9 2.3 2.4 1.4 15.3 350.0 
Mons 2014 7 9 190 12.4 16.0 5.3 1.0 19.4 2.5 15.5 350.0 
Mons 2014 7 10 191 13.5 16.8 4.3 0.6 22.3 3.6 17.6 350.0 
Mons 2014 7 11 192 14.1 17.1 5.0 0.9 6.2 1.5 17.3 350.0 
Mons 2014 7 12 193 14.1 21.2 10.2 2.2 0.9 1.1 16.8 350.0 
Mons 2014 7 13 194 13.4 21.1 11.9 2.3 12.3 1.7 17.8 350.0 
Mons 2014 7 14 195 12.6 22.9 22.4 4.2 0.0 1.5 14.8 350.0 
Mons 2014 7 15 196 10.4 21.9 10.1 2.0 0.0 0.9 16.3 350.0 
Mons 2014 7 16 197 12.4 28.0 25.8 4.7 0.0 0.6 18.1 350.0 
Mons 2014 7 17 198 14.6 30.5 26.8 5.4 0.0 1.0 19.2 350.0 
Mons 2014 7 18 199 19.5 33.6 26.8 6.6 0.0 2.1 21.1 350.0 
Mons 2014 7 19 200 19.7 29.5 15.2 4.0 4.3 1.6 21.2 350.0 
Mons 2014 7 20 201 17.1 23.0 9.4 2.1 10.4 1.3 21.3 350.0 
Mons 2014 7 21 202 16.8 23.5 16.2 3.5 0.0 2.5 19.6 350.0 
Mons 2014 7 22 203 16.7 24.2 10.6 2.7 0.0 2.9 20.1 350.0 
Mons 2014 7 23 204 16.8 29.8 22.8 5.1 0.0 1.6 19.6 350.0 
Mons 2014 7 24 205 17.3 29.1 25.4 5.5 0.0 1.4 17.3 350.0 
Mons 2014 7 25 206 14.8 26.6 20.2 4.2 0.0 1.3 16.7 350.0 
Mons 2014 7 26 207 15.0 25.2 14.6 3.1 0.5 1.1 18.9 350.0 
Mons 2014 7 27 208 13.6 28.0 18.5 3.7 18.5 0.8 19.5 350.0 
Mons 2014 7 28 209 16.1 21.3 12.0 2.5 2.8 1.1 18.1 350.0 
Mons 2014 7 29 210 14.1 23.5 9.6 2.2 0.5 2.2 19.0 350.0 
Mons 2014 7 30 211 13.8 24.5 20.3 3.9 0.0 1.4 16.5 350.0 
Mons 2014 7 31 212 9.6 26.0 25.5 4.2 0.0 0.6 14.9 350.0 
Mons 2014 8 1 213 12.3 27.6 24.2 4.4 0.0 0.7 16.8 350.0 
Mons 2014 8 2 214 15.4 24.7 17.5 3.6 0.5 1.5 17.7 350.0 
Mons 2014 8 3 215 13.4 24.9 19.3 3.6 1.0 1.0 18.0 350.0 
Mons 2014 8 4 216 13.1 24.0 17.1 3.4 0.0 0.9 14.3 350.0 
Mons 2014 8 5 217 8.9 24.6 20.0 3.4 0.0 0.7 14.2 350.0 
Mons 2014 8 6 218 14.1 21.4 7.3 1.7 11.5 1.2 17.7 350.0 
Mons 2014 8 7 219 12.6 25.1 18.5 3.2 1.0 0.7 18.9 350.0 
Mons 2014 8 8 220 17.3 21.7 6.7 1.5 7.8 1.4 21.3 350.0 
Mons 2014 8 9 221 14.6 22.8 18.0 3.5 0.0 2.1 17.3 350.0 
Mons 2014 8 10 222 15.1 23.5 11.1 2.8 15.1 2.9 18.0 350.0 
Mons 2014 8 11 223 12.4 22.1 20.0 3.9 1.0 2.5 14.4 350.0 
Mons 2014 8 12 224 12.1 21.5 18.9 3.4 9.4 1.8 15.1 350.0 
Mons 2014 8 13 225 12.0 22.2 21.4 3.7 0.0 1.5 14.4 350.0 
Mons 2014 8 14 226 12.2 19.8 11.6 2.2 10.9 1.7 15.6 350.0 
Mons 2014 8 15 227 11.8 18.8 10.3 1.9 6.2 1.7 15.4 350.0 
Mons 2014 8 16 228 9.5 21.6 18.4 3.0 0.0 1.5 14.0 350.0 
Mons 2014 8 17 229 11.1 18.6 9.4 2.1 0.0 3.0 14.2 350.0 
Mons 2014 8 18 230 12.6 20.0 19.8 3.6 0.0 2.4 13.3 350.0 
Mons 2014 8 19 231 9.1 17.7 14.1 2.5 0.0 1.6 11.5 350.0 
Mons 2014 8 20 232 5.4 17.8 12.4 1.9 1.0 0.9 11.1 350.0 
Mons 2014 8 21 233 5.7 19.7 15.8 2.4 0.0 1.2 11.5 350.0 
Mons 2014 8 22 234 8.4 19.2 12.1 2.1 1.6 1.8 13.3 350.0 
Mons 2014 8 23 235 9.4 18.6 17.6 2.8 1.0 1.4 12.0 350.0 
Mons 2014 8 24 236 6.4 20.2 17.2 2.5 0.0 0.9 11.9 350.0 
Mons 2014 8 25 237 9.9 16.7 5.1 0.8 28.6 1.7 15.4 350.0 
Mons 2014 8 26 238 12.9 21.0 8.7 1.7 1.6 1.6 17.4 350.0 
Mons 2014 8 27 239 13.5 21.3 10.7 2.0 0.5 0.9 17.2 350.0 
Mons 2014 8 28 240 13.9 23.0 9.5 1.9 0.0 1.5 18.6 350.0 
Mons 2014 8 29 241 13.5 21.9 14.4 2.6 0.0 1.3 16.1 350.0 
Mons 2014 8 30 242 12.8 19.1 5.2 1.2 2.1 1.9 16.4 350.0 
Mons 2014 8 31 243 13.5 21.6 16.6 3.0 0.0 1.9 15.0 350.0 
Mons 2014 9 1 244 8.8 21.8 12.7 2.0 0.0 0.7 15.1 350.0 
Mons 2014 9 2 245 13.7 23.4 10.2 2.0 0.0 0.6 17.1 350.0 
Mons 2014 9 3 246 12.1 22.6 20.0 3.2 0.0 1.5 15.5 350.0 
Mons 2014 9 4 247 11.7 22.3 10.5 2.0 0.0 1.2 16.2 350.0 
Mons 2014 9 5 248 13.7 24.3 14.0 2.5 0.0 0.9 17.6 350.0 
Mons 2014 9 6 249 16.5 21.2 5.8 1.3 0.0 0.6 19.1 350.0 
Mons 2014 9 7 250 11.6 25.0 17.7 2.7 0.0 0.6 16.5 350.0 
Mons 2014 9 8 251 13.0 23.0 17.3 2.8 0.0 1.4 16.3 350.0 
Mons 2014 9 9 252 10.3 21.3 19.0 2.8 0.0 1.4 13.2 350.0 
Mons 2014 9 10 253 10.1 19.4 17.9 2.6 0.0 1.5 12.3 350.0 
Mons 2014 9 11 254 9.3 21.1 15.7 2.4 0.0 1.6 13.6 350.0 
Mons 2014 9 12 255 9.5 21.9 18.6 2.6 0.5 1.3 13.9 350.0 
Mons 2014 9 13 256 12.2 21.6 16.2 2.6 0.0 1.7 14.5 350.0 
Mons 2014 9 14 257 11.5 19.3 10.7 1.7 0.0 1.6 15.0 350.0 
Mons 2014 9 15 258 11.6 24.1 16.1 2.5 0.0 1.3 15.8 350.0 
Mons 2014 9 16 259 11.6 25.5 17.7 2.7 0.0 1.1 15.7 350.0 
Mons 2014 9 17 260 15.3 27.4 15.1 3.1 0.0 1.9 17.9 350.0 
Mons 2014 9 18 261 15.6 27.1 13.6 2.5 4.1 0.9 19.2 350.0 
Mons 2014 9 19 262 13.7 26.6 14.5 2.4 0.0 0.8 18.9 350.0 
Mons 2014 9 20 263 14.6 26.0 11.6 2.1 16.8 1.1 19.4 350.0 
Mons 2014 9 21 264 14.4 19.1 10.4 1.9 0.0 2.3 15.7 350.0 
Mons 2014 9 22 265 10.1 17.2 12.0 1.7 0.0 1.7 12.6 350.0 
Mons 2014 9 23 266 6.0 18.0 13.2 1.5 0.0 0.4 11.0 350.0 
Mons 2014 9 24 267 5.9 16.2 4.8 0.7 2.0 1.1 13.0 350.0 
Mons 2014 9 25 268 5.1 18.5 14.0 1.5 0.0 0.8 11.5 350.0 
Mons 2014 9 26 269 7.0 21.5 12.5 1.5 0.0 0.9 13.9 350.0 
Mons 2014 9 27 270 14.4 23.2 15.1 2.1 0.0 0.7 16.8 350.0 
Mons 2014 9 28 271 12.8 23.8 13.0 2.1 0.0 1.4 15.7 350.0 
Mons 2014 9 29 272 13.0 20.4 5.5 0.9 1.5 1.1 18.2 350.0 
Mons 2014 9 30 273 13.2 23.0 11.4 1.7 0.0 0.7 16.8 350.0 
Mons 2014 10 1 274 10.7 23.1 12.2 1.6 0.0 0.5 15.6 350.0 
Mons 2014 10 2 275 13.4 21.9 7.0 1.2 0.0 0.3 16.2 350.0 
Mons 2014 10 3 276 9.0 23.9 14.1 1.6 0.0 0.3 14.8 350.0 
Mons 2014 10 4 277 10.4 22.9 11.4 1.8 0.5 2.1 14.4 350.0 
Mons 2014 10 5 278 11.0 16.2 7.4 1.4 0.0 1.7 11.5 350.0 
Mons 2014 10 6 279 9.0 13.9 4.7 0.7 6.0 1.9 12.9 350.0 
Mons 2014 10 7 280 10.5 15.8 5.5 1.2 0.5 2.5 12.6 350.0 
Mons 2014 10 8 281 8.0 18.7 5.4 0.5 11.0 2.5 15.8 350.0 
Mons 2014 10 9 282 12.9 19.3 9.4 1.5 0.0 2.3 14.7 350.0 
Mons 2014 10 10 283 10.3 17.6 9.9 1.1 0.5 1.2 13.3 350.0 
Mons 2014 10 11 284 9.9 18.3 6.8 1.0 20.5 1.0 13.6 350.0 
Mons 2014 10 12 285 8.5 15.9 4.9 0.6 3.5 1.8 14.0 350.0 
Mons 2014 10 13 286 13.0 17.5 6.8 1.5 0.0 2.9 13.4 350.0 
Mons 2014 10 14 287 8.3 17.3 9.4 1.0 0.0 1.5 12.2 350.0 
Mons 2014 10 15 288 6.6 14.4 3.7 0.3 3.0 1.2 13.5 350.0 
Mons 2014 10 16 289 11.9 18.4 7.3 0.8 7.5 2.0 16.4 350.0 
Mons 2014 10 17 290 12.7 18.2 6.4 0.8 0.0 1.8 16.1 350.0 
Mons 2014 10 18 291 12.3 24.1 10.8 1.3 0.0 1.9 17.5 350.0 
Mons 2014 10 19 292 12.7 23.2 8.9 1.1 0.5 1.4 17.3 350.0 
Mons 2014 10 20 293 11.3 16.7 6.2 0.7 0.0 1.6 14.3 350.0 
Mons 2014 10 21 294 10.1 15.0 4.6 1.3 8.5 3.4 11.4 350.0 
Mons 2014 10 22 295 5.0 13.1 8.4 0.7 0.0 1.9 9.4 350.0 
Mons 2014 10 23 296 7.2 14.8 4.2 0.6 0.0 1.4 11.7 350.0 
Mons 2014 10 24 297 10.2 13.2 2.7 0.6 5.0 3.1 12.6 350.0 
Mons 2014 10 25 298 10.7 15.7 4.8 0.6 2.0 1.2 13.3 350.0 
Mons 2014 10 26 299 8.3 16.5 5.5 0.5 0.5 1.2 13.5 350.0 
Mons 2014 10 27 300 8.7 17.6 7.3 0.7 0.0 2.1 13.3 350.0 
Mons 2014 10 28 301 7.4 10.4 2.1 0.2 0.0 3.7 11.4 350.0 
Mons 2014 10 29 302 9.0 12.8 2.4 0.3 0.0 2.1 12.9 350.0 
Mons 2014 10 30 303 9.7 18.5 6.2 0.6 0.5 2.4 14.5 350.0 
Mons 2014 10 31 304 9.5 19.1 7.2 0.6 0.0 2.7 14.6 350.0 
Mons 2014 11 1 305 9.6 19.0 8.1 0.5 0.0 2.5 15.1 350.0 
Mons 2014 11 2 306 11.2 16.9 5.6 0.7 0.5 4.9 14.6 350.0 
Mons 2014 11 3 307 10.8 14.5 2.4 1.0 13.0 5.7 13.0 350.0 
Mons 2014 11 4 308 7.2 10.5 3.5 0.3 0.0 2.6 11.0 350.0 
Mons 2014 11 5 309 4.3 9.4 4.0 0.2 0.0 2.6 9.6 350.0 
Mons 2014 11 6 310 2.7 11.6 7.8 0.1 0.0 2.7 9.3 350.0 
Mons 2014 11 7 311 6.2 13.0 3.4 1.0 3.0 5.9 10.2 350.0 
Mons 2014 11 8 312 6.8 12.4 5.2 0.3 0.0 4.3 11.2 350.0 
Mons 2014 11 9 313 6.7 11.7 2.8 0.3 0.0 2.7 11.1 350.0 
Mons 2014 11 10 314 4.3 11.2 6.6 0.0 0.5 3.1 10.0 350.0 
Mons 2014 11 11 315 5.4 15.1 5.8 0.3 1.5 3.9 11.4 350.0 
Mons 2014 11 12 316 7.6 13.8 5.4 0.4 0.5 2.9 11.0 350.0 
Mons 2014 11 13 317 4.7 11.4 3.8 0.2 0.0 4.1 10.4 350.0 
Mons 2014 11 14 318 7.2 9.9 1.0 0.0 16.0 3.9 11.4 350.0 
Mons 2014 11 15 319 8.7 11.0 1.5 0.2 5.0 1.7 11.5 350.0 
Mons 2014 11 16 320 6.2 10.7 3.5 0.0 0.5 2.1 10.9 350.0 
Mons 2014 11 17 321 7.5 10.0 2.3 0.2 0.0 2.4 10.9 350.0 
Mons 2014 11 18 322 6.5 11.9 4.8 0.0 0.0 1.6 10.9 350.0 
Mons 2014 11 19 323 3.5 9.3 3.3 0.0 0.0 1.7 9.6 350.0 
Mons 2014 11 20 324 5.3 8.4 2.2 0.2 0.0 2.4 9.6 350.0 
Mons 2014 11 21 325 3.4 9.1 3.3 0.0 0.0 2.7 9.5 350.0 
Mons 2014 11 22 326 6.1 11.0 3.1 0.0 0.0 3.1 11.2 350.0 
Mons 2014 11 23 327 7.3 13.8 4.3 0.0 1.0 2.7 12.6 350.0 
Mons 2014 11 24 328 7.0 10.6 5.3 0.0 0.0 2.7 10.1 350.0 
Mons 2014 11 25 329 5.0 9.8 2.5 0.2 2.6 2.7 9.6 350.0 
Mons 2014 11 26 330 7.1 10.3 1.2 0.0 1.0 2.9 11.2 350.0 
Mons 2014 11 27 331 8.8 9.9 1.7 0.1 0.5 2.7 11.8 350.0 
Mons 2014 11 28 332 8.4 11.1 2.7 0.6 0.0 4.8 10.5 350.0 
Mons 2014 11 29 333 3.5 6.1 3.3 0.0 0.0 3.8 8.2 350.0 
Mons 2014 11 30 334 2.5 7.5 1.2 0.1 0.0 1.6 8.2 350.0 
Mons 2014 12 1 335 2.5 3.1 0.4 0.0 0.0 3.3 7.4 350.0 
Mons 2014 12 2 336 1.4 3.2 0.7 0.0 4.1 2.4 7.1 350.0 
Mons 2014 12 3 337 0.1 1.9 2.2 0.0 0.0 3.5 6.4 350.0 
Mons 2014 12 4 338 0.0 3.4 1.1 0.0 0.0 1.9 6.9 350.0 
Mons 2014 12 5 339 2.4 4.4 0.7 0.0 0.0 1.4 8.0 350.0 
Mons 2014 12 6 340 1.9 7.6 3.4 0.0 0.0 2.2 7.8 350.0 
Mons 2014 12 7 341 -1.9 5.7 1.2 0.0 2.0 2.7 7.0 350.0 
Mons 2014 12 8 342 0.0 3.5 1.0 0.0 6.8 1.6 6.8 350.0 
Mons 2014 12 9 343 0.0 6.2 4.1 0.0 2.7 2.6 7.2 350.0 
Mons 2014 12 10 344 3.1 9.2 2.1 0.0 2.7 4.5 9.4 350.0 
Mons 2014 12 11 345 5.4 8.5 1.6 0.3 6.1 5.9 9.5 350.0 
Mons 2014 12 12 346 7.0 10.5 1.0 0.4 22.5 7.0 10.6 350.0 
Mons 2014 12 13 347 2.5 3.9 0.8 0.0 4.1 1.2 7.5 350.0 
Mons 2014 12 14 348 -2.1 3.0 1.7 0.0 0.0 2.1 6.1 350.0 
Mons 2014 12 15 349 0.6 5.7 0.9 0.0 0.7 3.7 8.3 350.0 
Mons 2014 12 16 350 3.4 8.4 3.8 0.0 6.8 1.6 8.7 350.0 
Mons 2014 12 17 351 2.0 11.4 0.7 0.0 5.5 4.0 11.0 350.0 
Mons 2014 12 18 352 9.4 12.9 0.9 0.0 0.7 5.7 13.3 350.0 
Mons 2014 12 19 353 7.6 11.6 0.8 0.3 6.1 5.2 11.2 350.0 
Mons 2014 12 20 354 3.5 8.6 2.1 0.2 0.0 3.4 8.4 350.0 
Mons 2014 12 21 355 1.4 8.1 1.8 0.0 0.0 4.4 8.7 350.0 
Mons 2014 12 22 356 7.1 10.6 1.2 0.0 0.0 6.3 11.4 350.0 
Mons 2014 12 23 357 9.0 10.4 1.2 0.4 0.0 5.0 11.2 350.0 
Mons 2014 12 24 358 7.3 10.1 1.2 0.5 2.0 5.2 10.3 350.0 
Mons 2014 12 25 359 2.4 7.9 3.9 0.0 0.0 2.0 7.6 350.0 
Mons 2014 12 26 360 -1.0 7.7 2.9 0.0 13.6 2.5 6.9 350.0 
Mons 2014 12 27 361 0.8 4.7 1.1 0.1 0.7 7.2 7.3 350.0 
Mons 2014 12 28 362 -2.9 -0.9 4.9 0.0 0.0 4.3 4.2 350.0 
Mons 2014 12 29 363 -4.0 3.3 3.6 0.0 0.7 2.3 6.1 350.0 
Mons 2014 12 30 364 -0.5 2.7 2.6 0.0 0.0 1.2 6.5 350.0 
Mons 2014 12 31 365 0.7 4.4 2.2 0.0 0.0 0.6 6.8 350.0 
