Mons 2013 1 1 1 3.8 8.5 3.8 0.0 2.5 3.6 8.4 350.0 
Mons 2013 1 2 2 1.0 8.2 2.6 0.0 0.0 2.7 8.5 350.0 
Mons 2013 1 3 3 6.3 10.4 0.9 0.0 0.6 3.7 11.6 350.0 
Mons 2013 1 4 4 8.5 9.3 0.8 0.1 0.0 2.0 10.6 350.0 
Mons 2013 1 5 5 7.4 8.8 0.6 0.0 0.6 1.6 10.5 350.0 
Mons 2013 1 6 6 7.6 9.0 1.3 0.1 0.0 1.4 10.5 350.0 
Mons 2013 1 7 7 6.2 7.1 1.1 0.2 0.0 2.0 9.1 350.0 
Mons 2013 1 8 8 4.6 5.2 0.8 0.1 0.0 2.3 8.2 350.0 
Mons 2013 1 9 9 3.8 5.4 0.7 0.0 2.5 2.6 8.3 350.0 
Mons 2013 1 10 10 4.5 7.3 1.4 0.1 0.0 1.1 9.2 350.0 
Mons 2013 1 11 11 1.8 5.5 1.9 0.1 0.0 1.6 7.5 350.0 
Mons 2013 1 12 12 1.1 4.0 0.9 0.0 2.5 3.1 7.3 350.0 
Mons 2013 1 13 13 -1.5 1.9 1.0 0.1 0.6 2.4 5.7 350.0 
Mons 2013 1 14 14 -4.3 0.3 4.8 0.0 2.5 3.3 4.8 350.0 
Mons 2013 1 15 15 -3.8 1.0 3.0 0.0 0.6 2.1 5.3 350.0 
Mons 2013 1 16 16 -13.9 -3.8 6.7 0.0 0.0 0.7 3.0 350.0 
Mons 2013 1 17 17 -14.3 -5.7 5.5 0.0 0.0 1.0 2.8 350.0 
Mons 2013 1 18 18 -10.5 -1.8 3.2 0.0 0.6 3.5 4.1 350.0 
Mons 2013 1 19 19 -3.6 -1.2 3.6 0.2 0.0 4.2 4.5 350.0 
Mons 2013 1 20 20 -4.9 -0.5 3.3 0.3 3.8 3.6 4.3 350.0 
Mons 2013 1 21 21 -4.9 1.2 3.3 0.0 0.0 2.7 5.7 350.0 
Mons 2013 1 22 22 -7.1 0.2 3.8 0.0 0.0 2.8 4.8 350.0 
Mons 2013 1 23 23 -1.7 1.1 3.2 0.0 0.0 1.9 5.8 350.0 
Mons 2013 1 24 24 -4.8 -1.5 5.7 0.0 0.0 3.0 4.5 350.0 
Mons 2013 1 25 25 -6.3 -2.5 3.3 0.2 0.0 3.3 4.0 350.0 
Mons 2013 1 26 26 -4.9 3.4 2.8 0.4 0.6 3.9 5.1 350.0 
Mons 2013 1 27 27 -3.5 5.9 3.3 0.0 4.5 5.3 7.1 350.0 
Mons 2013 1 28 28 0.9 9.9 5.9 0.3 1.3 4.7 7.8 350.0 
Mons 2013 1 29 29 6.5 13.1 1.1 0.0 2.5 7.2 12.3 350.0 
Mons 2013 1 30 30 8.5 13.1 3.7 1.0 1.9 6.8 11.2 350.0 
Mons 2013 1 31 31 4.6 10.5 2.7 1.0 4.5 5.5 8.6 350.0 
Mons 2013 2 1 32 5.3 8.6 1.1 0.3 8.5 3.7 9.1 350.0 
Mons 2013 2 2 33 1.9 5.9 5.8 0.4 0.5 3.9 6.7 350.0 
Mons 2013 2 3 34 0.5 8.0 3.9 0.6 0.0 4.0 6.8 350.0 
Mons 2013 2 4 35 4.4 11.0 2.2 0.7 3.0 5.0 9.5 350.0 
Mons 2013 2 5 36 1.4 4.6 2.3 0.7 4.0 6.3 6.7 350.0 
Mons 2013 2 6 37 0.7 5.7 6.9 0.4 4.0 4.8 6.7 350.0 
Mons 2013 2 7 38 0.8 4.9 4.8 0.5 0.0 2.5 6.0 350.0 
Mons 2013 2 8 39 -1.2 3.8 4.7 0.2 0.0 1.3 5.9 350.0 
Mons 2013 2 9 40 -2.6 3.6 5.5 0.2 0.0 1.1 5.6 350.0 
Mons 2013 2 10 41 -1.8 1.6 5.1 0.7 1.5 5.9 5.1 350.0 
Mons 2013 2 11 42 -1.2 1.1 2.1 0.0 0.0 3.7 6.3 350.0 
Mons 2013 2 12 43 -1.2 1.0 8.0 0.3 0.0 2.5 5.1 350.0 
Mons 2013 2 13 44 -1.4 0.9 8.2 0.8 0.0 3.0 3.9 350.0 
Mons 2013 2 14 45 -1.9 1.8 1.2 0.2 5.0 3.5 5.6 350.0 
Mons 2013 2 15 46 0.2 9.4 7.8 0.3 0.0 0.9 7.5 350.0 
Mons 2013 2 16 47 0.1 5.8 2.8 0.2 0.0 0.8 7.5 350.0 
Mons 2013 2 17 48 1.7 4.6 4.5 0.5 0.0 2.4 6.8 350.0 
Mons 2013 2 18 49 -0.4 6.9 10.9 0.5 0.0 2.0 6.0 350.0 
Mons 2013 2 19 50 -2.0 7.8 10.7 0.3 0.0 0.6 6.2 350.0 
Mons 2013 2 20 51 1.0 4.4 7.4 0.8 0.0 2.9 5.8 350.0 
Mons 2013 2 21 52 -2.9 1.3 9.9 0.8 0.0 4.1 4.3 350.0 
Mons 2013 2 22 53 -3.8 -0.5 6.3 1.0 0.0 4.6 3.8 350.0 
Mons 2013 2 23 54 -4.7 -1.0 4.3 0.8 0.0 3.6 3.8 350.0 
Mons 2013 2 24 55 -2.1 1.0 4.2 0.4 0.0 3.3 5.4 350.0 
Mons 2013 2 25 56 -0.4 1.6 3.6 0.3 4.0 2.0 6.2 350.0 
Mons 2013 2 26 57 -0.1 3.5 6.2 0.5 0.0 2.8 6.4 350.0 
Mons 2013 2 27 58 0.5 2.0 1.7 0.1 0.0 3.3 6.5 350.0 
Mons 2013 2 28 59 0.1 1.6 1.9 0.2 0.0 2.6 6.1 350.0 
Mons 2013 3 1 60 0.8 3.8 3.3 0.7 0.0 3.0 6.2 350.0 
Mons 2013 3 2 61 1.2 2.2 3.2 0.8 0.0 2.3 5.3 350.0 
Mons 2013 3 3 62 0.1 6.5 10.2 1.0 0.0 2.5 5.7 350.0 
Mons 2013 3 4 63 -0.1 11.1 13.5 1.4 0.0 4.1 6.9 350.0 
Mons 2013 3 5 64 2.3 15.4 11.7 1.9 0.0 4.1 7.6 350.0 
Mons 2013 3 6 65 6.3 15.3 7.4 1.3 1.5 2.1 9.6 350.0 
Mons 2013 3 7 66 7.9 11.2 3.0 0.3 1.5 2.3 11.9 350.0 
Mons 2013 3 8 67 8.0 12.1 3.8 0.6 2.5 3.6 12.1 350.0 
Mons 2013 3 9 68 8.0 13.6 9.6 1.2 0.0 3.3 11.3 350.0 
Mons 2013 3 10 69 2.1 4.3 3.2 0.5 0.0 3.0 7.3 350.0 
Mons 2013 3 11 70 -2.5 -0.5 5.1 0.5 4.0 5.4 5.3 350.0 
Mons 2013 3 12 71 -4.1 -2.5 9.4 0.8 0.5 6.5 4.4 350.0 
Mons 2013 3 13 72 -10.2 2.2 10.5 0.5 0.5 1.5 4.5 350.0 
Mons 2013 3 14 73 -8.1 2.8 16.0 0.7 0.5 1.5 4.9 350.0 
Mons 2013 3 15 74 -7.3 4.7 11.9 0.8 0.0 3.6 5.0 350.0 
Mons 2013 3 16 75 1.9 5.4 8.5 1.6 0.0 5.4 6.1 350.0 
Mons 2013 3 17 76 1.7 9.5 9.2 1.1 9.5 4.4 8.2 350.0 
Mons 2013 3 18 77 0.8 9.0 9.7 1.1 2.5 3.9 7.6 350.0 
Mons 2013 3 19 78 2.8 8.5 9.3 1.0 2.0 3.1 8.2 350.0 
Mons 2013 3 20 79 3.3 6.0 5.4 0.7 0.5 3.1 8.0 350.0 
Mons 2013 3 21 80 1.3 6.8 10.9 1.2 0.0 2.6 6.7 350.0 
Mons 2013 3 22 81 1.8 10.1 11.6 1.9 0.0 4.7 7.0 350.0 
Mons 2013 3 23 82 3.2 6.6 7.6 1.4 0.5 3.9 6.9 350.0 
Mons 2013 3 24 83 1.4 3.0 4.5 0.9 0.0 3.6 6.2 350.0 
Mons 2013 3 25 84 0.0 3.7 12.0 1.7 0.0 3.7 4.8 350.0 
Mons 2013 3 26 85 -0.3 5.2 14.8 1.8 0.0 2.8 4.8 350.0 
Mons 2013 3 27 86 0.0 5.4 10.2 1.6 0.0 2.3 4.6 350.0 
Mons 2013 3 28 87 1.1 6.0 9.7 1.4 0.0 1.9 5.5 350.0 
Mons 2013 3 29 88 -2.1 3.9 13.4 1.5 0.0 2.1 4.6 350.0 
Mons 2013 3 30 89 -2.1 4.4 13.0 1.6 0.0 3.1 4.6 350.0 
Mons 2013 3 31 90 -3.4 3.7 11.9 1.3 0.0 2.3 4.8 350.0 
Mons 2013 4 1 91 -1.7 7.8 19.8 2.5 0.0 4.0 4.5 350.0 
Mons 2013 4 2 92 -1.4 8.0 20.7 3.0 0.0 4.4 3.9 350.0 
Mons 2013 4 3 93 -1.5 6.8 13.2 2.0 0.0 3.5 4.9 350.0 
Mons 2013 4 4 94 -1.2 9.1 16.5 2.7 0.0 4.8 4.9 350.0 
Mons 2013 4 5 95 1.7 5.7 9.3 2.0 0.0 4.8 5.5 350.0 
Mons 2013 4 6 96 1.4 7.0 8.9 1.5 0.0 2.3 5.9 350.0 
Mons 2013 4 7 97 -1.8 11.3 21.0 2.5 0.0 2.2 4.8 350.0 
Mons 2013 4 8 98 3.2 10.7 11.8 2.4 0.0 2.4 5.4 350.0 
Mons 2013 4 9 99 2.1 13.3 9.6 1.4 5.6 3.5 9.5 350.0 
Mons 2013 4 10 100 6.1 11.8 5.5 1.0 2.8 4.2 10.9 350.0 
Mons 2013 4 11 101 8.7 14.8 9.5 1.8 3.3 4.6 12.1 350.0 
Mons 2013 4 12 102 7.3 14.0 12.6 2.1 2.8 5.9 11.4 350.0 
Mons 2013 4 13 103 5.6 13.7 13.9 1.6 1.9 4.8 11.8 350.0 
Mons 2013 4 14 104 11.2 23.5 19.3 4.2 0.0 4.2 13.5 350.0 
Mons 2013 4 15 105 9.9 18.2 12.1 2.1 0.0 1.7 13.0 350.0 
Mons 2013 4 16 106 8.6 17.9 12.5 2.3 0.0 4.0 13.0 350.0 
Mons 2013 4 17 107 11.9 23.1 18.4 4.2 0.0 3.4 12.4 350.0 
Mons 2013 4 18 108 9.3 17.1 21.2 4.8 0.0 5.7 9.0 350.0 
Mons 2013 4 19 109 4.5 12.9 12.7 2.1 2.8 3.6 9.3 350.0 
Mons 2013 4 20 110 3.0 12.3 24.8 3.4 0.0 3.4 6.9 350.0 
Mons 2013 4 21 111 2.4 14.9 23.1 3.1 0.0 2.0 7.2 350.0 
Mons 2013 4 22 112 -0.3 14.5 20.1 2.5 0.0 2.0 8.0 350.0 
Mons 2013 4 23 113 6.4 17.6 12.2 2.3 0.0 2.6 11.2 350.0 
Mons 2013 4 24 114 8.2 22.3 23.3 3.8 0.0 1.9 12.0 350.0 
Mons 2013 4 25 115 6.7 24.8 23.9 3.9 0.0 1.7 12.3 350.0 
Mons 2013 4 26 116 6.1 14.2 5.2 1.1 0.5 2.8 11.4 350.0 
Mons 2013 4 27 117 3.0 10.7 13.4 2.2 0.0 2.6 7.3 350.0 
Mons 2013 4 28 118 3.7 12.7 19.7 3.0 0.0 1.9 6.6 350.0 
Mons 2013 4 29 119 0.9 14.3 17.3 2.9 0.0 3.0 6.8 350.0 
Mons 2013 4 30 120 3.5 15.6 18.4 3.3 0.0 3.1 7.7 350.0 
Mons 2013 5 1 121 6.4 18.2 15.3 3.0 6.7 3.3 10.6 350.0 
Mons 2013 5 2 122 8.4 15.2 13.3 2.0 0.0 2.2 13.1 350.0 
Mons 2013 5 3 123 7.0 17.9 17.6 3.1 0.0 2.7 11.0 350.0 
Mons 2013 5 4 124 3.8 14.1 13.8 1.9 0.0 2.6 10.8 350.0 
Mons 2013 5 5 125 4.0 18.3 25.7 3.5 0.0 1.4 10.0 350.0 
Mons 2013 5 6 126 7.0 18.2 15.3 2.6 1.0 1.5 11.6 350.0 
Mons 2013 5 7 127 11.6 21.8 19.9 3.7 0.0 1.7 13.2 350.0 
Mons 2013 5 8 128 8.4 19.2 10.1 1.7 18.0 2.6 15.6 350.0 
Mons 2013 5 9 129 7.8 15.8 21.5 3.5 0.0 3.4 10.9 350.0 
Mons 2013 5 10 130 9.3 13.7 7.9 1.7 0.0 4.1 12.1 350.0 
Mons 2013 5 11 131 7.6 14.8 13.9 2.3 2.1 4.5 12.0 350.0 
Mons 2013 5 12 132 5.8 14.5 18.7 3.2 1.0 4.6 10.0 350.0 
Mons 2013 5 13 133 9.4 14.6 13.3 2.4 0.0 4.9 12.5 350.0 
Mons 2013 5 14 134 7.7 12.3 10.8 1.8 3.1 3.8 11.3 350.0 
Mons 2013 5 15 135 7.8 15.3 18.6 3.3 1.0 3.8 10.6 350.0 
Mons 2013 5 16 136 7.6 12.9 10.5 1.7 0.0 1.5 11.3 350.0 
Mons 2013 5 17 137 7.0 10.7 6.6 1.0 0.0 2.1 11.2 350.0 
Mons 2013 5 18 138 8.0 14.8 17.9 2.8 0.5 2.0 11.4 350.0 
Mons 2013 5 19 139 9.4 11.7 3.7 0.5 28.8 1.7 12.7 350.0 
Mons 2013 5 20 140 8.1 11.8 3.8 0.5 20.6 1.4 12.4 350.0 
Mons 2013 5 21 141 8.9 10.3 3.1 0.4 0.5 3.8 11.8 350.0 
Mons 2013 5 22 142 7.6 14.0 13.2 2.7 0.0 3.3 9.9 350.0 
Mons 2013 5 23 143 3.9 9.6 13.1 2.2 0.5 3.1 7.9 350.0 
Mons 2013 5 24 144 0.2 8.3 11.2 1.4 2.6 2.1 7.9 350.0 
Mons 2013 5 25 145 4.7 14.2 25.2 3.9 0.0 3.2 8.5 350.0 
Mons 2013 5 26 146 5.5 15.7 14.7 3.0 0.0 3.2 9.0 350.0 
Mons 2013 5 27 147 2.9 17.8 25.3 3.8 0.0 1.7 8.7 350.0 
Mons 2013 5 28 148 9.0 14.5 9.6 2.2 4.6 2.6 11.1 350.0 
Mons 2013 5 29 149 4.5 14.0 15.9 2.5 1.0 2.4 10.0 350.0 
Mons 2013 5 30 150 8.8 14.8 9.8 1.9 0.0 2.7 12.3 350.0 
Mons 2013 5 31 151 9.8 17.3 16.6 3.4 0.0 4.4 12.6 350.0 
Mons 2013 6 1 152 8.0 18.2 23.9 4.3 0.0 3.8 11.3 350.0 
Mons 2013 6 2 153 6.4 17.2 23.0 3.9 0.0 2.3 9.5 350.0 
Mons 2013 6 3 154 7.0 15.0 18.7 3.3 0.0 2.6 9.7 350.0 
Mons 2013 6 4 155 6.8 17.7 27.5 4.5 0.0 3.1 10.3 350.0 
Mons 2013 6 5 156 8.6 22.7 27.8 4.9 0.0 2.3 12.7 350.0 
Mons 2013 6 6 157 10.8 26.2 23.0 4.8 0.0 2.4 14.9 350.0 
Mons 2013 6 7 158 14.2 25.9 27.0 5.8 0.0 2.6 14.6 350.0 
Mons 2013 6 8 159 11.6 23.2 26.3 5.2 0.0 3.1 14.3 350.0 
Mons 2013 6 9 160 10.7 15.5 6.8 1.8 3.7 2.5 12.3 350.0 
Mons 2013 6 10 161 9.2 17.3 17.5 3.1 0.0 1.6 11.4 350.0 
Mons 2013 6 11 162 8.8 21.1 20.0 3.5 0.0 2.5 14.5 350.0 
Mons 2013 6 12 163 14.0 22.1 14.2 3.3 0.0 3.6 17.2 350.0 
Mons 2013 6 13 164 13.2 18.4 8.5 2.4 3.2 3.3 14.5 350.0 
Mons 2013 6 14 165 6.7 19.2 23.9 3.8 0.0 1.6 11.5 350.0 
Mons 2013 6 15 166 9.7 19.5 22.8 4.5 0.5 3.4 11.4 350.0 
Mons 2013 6 16 167 9.9 20.2 18.1 3.4 0.0 1.5 12.5 350.0 
Mons 2013 6 17 168 11.9 25.3 13.4 3.0 3.7 2.1 18.1 350.0 
Mons 2013 6 18 169 15.4 28.9 20.8 4.4 0.0 1.2 21.2 350.0 
Mons 2013 6 19 170 16.7 25.9 13.7 3.4 16.1 2.8 20.5 350.0 
Mons 2013 6 20 171 16.8 24.0 14.7 3.3 20.3 1.8 19.8 350.0 
Mons 2013 6 21 172 14.7 18.3 11.2 2.5 0.9 3.0 16.1 350.0 
Mons 2013 6 22 173 14.4 17.7 8.6 2.4 6.0 3.9 15.1 350.0 
Mons 2013 6 23 174 12.3 18.0 11.4 3.2 0.5 4.6 12.9 350.0 
Mons 2013 6 24 175 11.0 15.8 10.6 2.5 0.5 2.5 11.6 350.0 
Mons 2013 6 25 176 9.7 18.4 21.1 3.8 0.0 1.8 11.3 350.0 
Mons 2013 6 26 177 6.5 19.2 18.8 3.1 3.2 1.2 11.8 350.0 
Mons 2013 6 27 178 10.9 18.0 17.5 3.3 1.4 1.8 12.3 350.0 
Mons 2013 6 28 179 11.4 16.2 6.9 1.4 4.1 2.0 14.8 350.0 
Mons 2013 6 29 180 13.9 18.7 18.5 3.8 0.0 2.5 14.1 350.0 
Mons 2013 6 30 181 8.8 22.6 22.7 3.8 0.5 1.6 15.5 350.0 
Mons 2013 7 1 182 11.4 20.5 15.0 2.9 0.0 1.6 14.8 350.0 
Mons 2013 7 2 183 8.5 23.1 19.5 3.3 4.8 1.4 16.5 350.0 
Mons 2013 7 3 184 14.4 18.8 9.4 2.4 2.4 2.7 15.5 350.0 
Mons 2013 7 4 185 10.7 18.2 9.9 1.8 0.5 1.9 15.6 350.0 
Mons 2013 7 5 186 14.0 20.0 12.8 2.6 0.0 1.5 16.2 350.0 
Mons 2013 7 6 187 13.0 26.0 25.9 4.8 0.0 1.5 18.3 350.0 
Mons 2013 7 7 188 15.9 26.4 28.2 5.8 0.0 2.3 18.3 350.0 
Mons 2013 7 8 189 14.9 26.0 28.3 5.7 0.0 2.8 18.1 350.0 
Mons 2013 7 9 190 15.7 25.7 27.5 5.7 0.0 2.7 17.8 350.0 
Mons 2013 7 10 191 13.2 23.9 26.8 5.3 0.0 2.8 15.7 350.0 
Mons 2013 7 11 192 10.7 20.2 24.3 4.5 0.0 2.6 12.4 350.0 
Mons 2013 7 12 193 9.8 20.3 25.0 4.2 0.5 1.9 13.6 350.0 
Mons 2013 7 13 194 10.8 22.4 24.1 4.2 0.0 1.7 14.7 350.0 
Mons 2013 7 14 195 11.5 26.6 26.2 4.7 0.0 1.2 17.2 350.0 
Mons 2013 7 15 196 13.3 27.7 23.9 4.6 0.0 1.0 17.4 350.0 
Mons 2013 7 16 197 12.8 26.9 24.6 4.8 0.0 1.3 15.9 350.0 
Mons 2013 7 17 198 16.3 27.8 22.8 5.0 0.0 1.9 17.8 350.0 
Mons 2013 7 18 199 17.1 28.3 26.4 6.0 0.0 2.8 18.9 350.0 
Mons 2013 7 19 200 16.6 27.6 27.5 6.3 0.0 3.4 17.3 350.0 
Mons 2013 7 20 201 15.3 26.0 27.2 5.8 0.0 3.2 17.2 350.0 
Mons 2013 7 21 202 14.7 31.7 26.7 5.8 0.0 1.7 17.9 350.0 
Mons 2013 7 22 203 17.2 32.6 19.3 4.6 0.0 1.0 20.5 350.0 
Mons 2013 7 23 204 16.8 32.7 18.1 4.6 4.3 1.5 20.2 350.0 
Mons 2013 7 24 205 16.3 27.0 19.8 4.2 0.0 1.1 17.8 350.0 
Mons 2013 7 25 206 15.9 28.8 22.0 4.8 1.9 1.8 19.1 350.0 
Mons 2013 7 26 207 18.7 28.4 16.7 4.0 33.0 1.8 21.9 350.0 
Mons 2013 7 27 208 17.4 29.3 17.9 4.2 10.5 1.9 21.5 350.0 
Mons 2013 7 28 209 15.7 25.4 20.1 4.5 0.0 2.2 16.5 350.0 
Mons 2013 7 29 210 14.5 24.9 19.8 4.3 2.4 2.6 16.5 350.0 
Mons 2013 7 30 211 13.4 20.2 10.2 1.9 7.7 3.0 18.5 350.0 
Mons 2013 7 31 212 16.5 27.2 16.4 4.1 0.0 2.3 18.3 350.0 
Mons 2013 8 1 213 16.0 34.1 26.3 6.5 0.0 2.8 17.8 350.0 
Mons 2013 8 2 214 18.2 34.9 23.3 6.3 0.0 2.7 18.9 350.0 
Mons 2013 8 3 215 16.0 25.2 24.5 5.3 0.0 2.5 14.7 350.0 
Mons 2013 8 4 216 12.2 27.6 24.0 4.8 0.0 1.7 13.6 350.0 
Mons 2013 8 5 217 12.5 30.0 20.9 4.9 0.0 2.5 15.3 350.0 
Mons 2013 8 6 218 12.6 25.1 18.6 3.8 0.9 1.6 15.1 350.0 
Mons 2013 8 7 219 15.8 17.9 4.2 1.1 27.5 2.0 17.1 350.0 
Mons 2013 8 8 220 10.9 23.2 19.3 3.5 0.0 1.4 13.8 350.0 
Mons 2013 8 9 221 11.1 25.3 16.3 3.6 0.5 2.2 14.4 350.0 
Mons 2013 8 10 222 10.6 22.6 18.8 3.7 0.0 1.7 12.0 350.0 
Mons 2013 8 11 223 8.5 23.2 16.5 3.0 0.5 1.8 13.9 350.0 
Mons 2013 8 12 224 13.3 21.6 16.1 3.4 0.5 2.2 14.0 350.0 
Mons 2013 8 13 225 9.3 21.3 18.9 3.6 0.0 2.4 11.7 350.0 
Mons 2013 8 14 226 10.5 23.5 19.2 3.5 0.0 1.3 13.2 350.0 
Mons 2013 8 15 227 10.9 25.8 16.4 3.2 0.0 1.2 14.5 350.0 
Mons 2013 8 16 228 12.4 29.0 19.7 4.4 0.0 2.1 14.4 350.0 
Mons 2013 8 17 229 15.4 26.6 17.6 4.3 0.0 3.0 16.4 350.0 
Mons 2013 8 18 230 17.6 23.0 9.5 2.7 9.9 3.0 18.7 350.0 
Mons 2013 8 19 231 12.6 22.8 20.7 4.2 0.0 2.7 13.3 350.0 
Mons 2013 8 20 232 8.8 23.6 17.8 3.1 0.0 1.0 12.5 350.0 
Mons 2013 8 21 233 11.2 25.1 21.8 3.9 0.0 1.3 12.3 350.0 
Mons 2013 8 22 234 13.5 25.6 15.9 3.7 0.0 2.4 14.6 350.0 
Mons 2013 8 23 235 14.5 28.9 21.1 5.1 5.9 3.0 14.3 350.0 
Mons 2013 8 24 236 16.0 18.4 4.0 1.2 19.0 3.3 17.4 350.0 
Mons 2013 8 25 237 13.6 16.0 5.2 1.2 0.5 3.4 15.5 350.0 
Mons 2013 8 26 238 12.9 22.6 13.3 2.8 0.0 2.2 15.1 350.0 
Mons 2013 8 27 239 15.1 23.2 15.2 3.3 0.0 2.0 15.4 350.0 
Mons 2013 8 28 240 13.4 22.6 16.3 3.2 0.0 2.1 14.9 350.0 
Mons 2013 8 29 241 12.7 24.2 16.9 3.1 0.0 1.3 14.7 350.0 
Mons 2013 8 30 242 9.4 23.0 17.5 2.8 0.0 1.6 14.6 350.0 
Mons 2013 8 31 243 14.0 22.4 11.0 2.7 0.0 2.5 15.6 350.0 
Mons 2013 9 1 244 7.3 19.8 17.1 2.9 0.0 2.0 10.4 350.0 
Mons 2013 9 2 245 8.3 22.7 19.8 3.1 0.5 2.1 13.1 350.0 
Mons 2013 9 3 246 9.2 25.5 19.2 3.0 0.0 0.9 14.7 350.0 
Mons 2013 9 4 247 14.0 29.2 19.7 3.9 0.0 1.7 17.2 350.0 
Mons 2013 9 5 248 15.3 31.6 19.3 4.5 0.0 2.4 17.0 350.0 
Mons 2013 9 6 249 13.8 21.1 11.8 2.1 5.4 1.6 16.7 350.0 
Mons 2013 9 7 250 12.3 20.4 17.0 3.0 0.0 2.0 12.5 350.0 
Mons 2013 9 8 251 11.6 21.0 14.9 2.9 0.0 2.0 12.2 350.0 
Mons 2013 9 9 252 6.6 15.3 5.9 0.9 22.4 3.0 12.9 350.0 
Mons 2013 9 10 253 7.3 16.5 12.9 1.9 1.5 3.3 12.0 350.0 
Mons 2013 9 11 254 11.4 15.5 5.2 1.3 0.0 3.7 13.6 350.0 
Mons 2013 9 12 255 8.9 18.7 11.7 1.7 0.5 1.2 13.4 350.0 
Mons 2013 9 13 256 9.7 16.7 3.8 0.3 7.3 2.3 16.4 350.0 
Mons 2013 9 14 257 13.3 15.2 4.4 0.8 2.4 3.3 15.7 350.0 
Mons 2013 9 15 258 8.8 16.7 13.7 2.1 1.9 3.3 12.2 350.0 
Mons 2013 9 16 259 10.9 14.9 11.6 2.2 4.9 3.6 11.4 350.0 
Mons 2013 9 17 260 7.2 15.9 6.2 1.1 16.5 4.5 13.0 350.0 
Mons 2013 9 18 261 11.8 16.3 8.8 1.7 7.8 3.5 13.9 350.0 
Mons 2013 9 19 262 6.6 16.5 11.3 1.6 0.0 3.1 12.0 350.0 
Mons 2013 9 20 263 12.3 18.5 13.5 2.2 0.5 2.2 13.2 350.0 
Mons 2013 9 21 264 6.9 18.3 11.2 1.4 0.0 0.9 13.0 350.0 
Mons 2013 9 22 265 13.4 22.6 11.4 1.8 0.0 0.8 17.0 350.0 
Mons 2013 9 23 266 11.0 21.9 15.6 2.1 0.5 1.6 15.3 350.0 
Mons 2013 9 24 267 11.4 22.5 16.0 2.3 0.0 1.7 14.9 350.0 
Mons 2013 9 25 268 8.8 21.7 10.6 1.4 1.0 0.6 15.9 350.0 
Mons 2013 9 26 269 13.4 19.4 8.7 1.5 0.0 1.3 15.6 350.0 
Mons 2013 9 27 270 8.9 19.7 12.3 1.7 0.0 2.3 13.7 350.0 
Mons 2013 9 28 271 12.2 21.1 10.6 2.2 0.5 3.1 14.2 350.0 
Mons 2013 9 29 272 13.4 22.3 10.9 2.3 0.0 2.8 15.1 350.0 
Mons 2013 9 30 273 10.7 19.1 13.9 2.1 0.0 2.3 11.7 350.0 
Mons 2013 10 1 274 11.3 17.1 6.8 2.0 0.0 3.1 11.2 350.0 
Mons 2013 10 2 275 10.9 20.7 11.3 2.6 0.0 4.2 12.4 350.0 
Mons 2013 10 3 276 10.6 19.8 9.0 2.1 2.9 4.8 13.9 350.0 
Mons 2013 10 4 277 16.1 20.4 8.3 1.6 0.5 2.9 17.7 350.0 
Mons 2013 10 5 278 12.3 18.3 5.6 1.1 0.0 1.5 15.0 350.0 
Mons 2013 10 6 279 8.5 20.1 7.7 1.0 0.0 0.7 14.2 350.0 
Mons 2013 10 7 280 7.6 20.5 12.6 1.3 0.0 0.7 12.8 350.0 
Mons 2013 10 8 281 9.6 19.1 9.7 1.1 1.5 1.2 14.0 350.0 
Mons 2013 10 9 282 9.3 17.0 5.2 0.9 1.0 2.5 13.6 350.0 
Mons 2013 10 10 283 5.6 9.7 2.8 0.7 58.5 3.9 9.4 350.0 
Mons 2013 10 11 284 7.0 10.0 6.0 0.7 0.5 2.4 10.0 350.0 
Mons 2013 10 12 285 5.6 12.3 6.8 0.9 0.0 1.9 9.6 350.0 
Mons 2013 10 13 286 4.7 10.3 3.9 0.6 14.3 4.6 9.8 350.0 
Mons 2013 10 14 287 8.7 12.9 2.7 0.7 10.8 3.6 11.7 350.0 
Mons 2013 10 15 288 8.9 14.3 9.2 1.1 0.0 3.2 11.4 350.0 
Mons 2013 10 16 289 3.3 11.4 2.8 0.0 7.9 2.3 11.3 350.0 
Mons 2013 10 17 290 10.0 16.8 5.9 1.0 2.5 3.1 13.5 350.0 
Mons 2013 10 18 291 7.0 13.0 3.3 0.3 0.0 2.5 12.7 350.0 
Mons 2013 10 19 292 8.5 18.2 5.4 0.7 0.5 3.0 14.7 350.0 
Mons 2013 10 20 293 13.1 17.0 4.6 0.9 2.0 3.7 15.5 350.0 
Mons 2013 10 21 294 12.9 20.2 6.6 1.2 0.5 3.2 15.8 350.0 
Mons 2013 10 22 295 14.1 21.4 6.0 1.4 2.0 3.4 16.7 350.0 
Mons 2013 10 23 296 13.9 19.3 7.2 1.5 2.9 4.0 15.0 350.0 
Mons 2013 10 24 297 11.0 16.3 3.9 0.7 1.0 2.2 14.2 350.0 
Mons 2013 10 25 298 12.4 17.8 3.0 0.5 1.5 3.3 16.6 350.0 
Mons 2013 10 26 299 13.5 19.8 7.7 1.0 0.5 3.6 16.6 350.0 
Mons 2013 10 27 300 13.5 16.4 5.8 2.1 2.5 6.8 13.0 350.0 
Mons 2013 10 28 301 10.2 16.5 5.4 2.0 1.0 7.3 11.9 350.0 
Mons 2013 10 29 302 7.9 13.4 8.2 1.1 0.0 4.1 9.7 350.0 
Mons 2013 10 30 303 2.3 13.8 8.4 0.3 0.0 1.3 9.2 350.0 
Mons 2013 10 31 304 3.5 13.2 7.3 0.4 0.0 3.3 9.8 350.0 
Mons 2013 11 1 305 8.7 12.8 1.8 0.5 14.4 3.6 11.6 350.0 
Mons 2013 11 2 306 8.5 14.9 3.6 0.5 1.0 4.7 13.2 350.0 
Mons 2013 11 3 307 6.5 12.4 4.9 1.2 4.1 5.3 9.3 350.0 
Mons 2013 11 4 308 4.9 12.8 3.1 0.8 0.5 4.9 10.1 350.0 
Mons 2013 11 5 309 2.5 10.7 1.2 0.2 9.7 3.6 9.3 350.0 
Mons 2013 11 6 310 8.4 14.9 1.4 0.2 1.5 4.4 13.5 350.0 
Mons 2013 11 7 311 11.7 15.0 1.9 0.6 21.0 3.5 14.0 350.0 
Mons 2013 11 8 312 8.1 12.6 2.1 0.4 5.6 2.8 11.8 350.0 
Mons 2013 11 9 313 5.2 9.6 4.3 0.3 5.1 4.2 9.7 350.0 
Mons 2013 11 10 314 5.4 9.1 5.3 0.4 1.0 2.8 8.4 350.0 
Mons 2013 11 11 315 -0.6 9.9 5.8 0.1 0.0 2.6 7.6 350.0 
Mons 2013 11 12 316 6.1 9.2 1.3 0.2 2.6 2.4 10.0 350.0 
Mons 2013 11 13 317 3.7 10.9 6.3 0.1 0.0 1.0 8.1 350.0 
Mons 2013 11 14 318 -0.6 9.3 2.8 0.1 3.1 2.8 8.2 350.0 
Mons 2013 11 15 319 5.5 8.5 3.2 0.4 0.0 3.1 8.9 350.0 
Mons 2013 11 16 320 1.8 5.9 3.7 0.0 0.0 1.5 7.7 350.0 
Mons 2013 11 17 321 3.2 6.3 3.5 0.1 0.0 1.5 8.0 350.0 
Mons 2013 11 18 322 2.7 4.8 0.8 0.0 1.0 1.1 7.5 350.0 
Mons 2013 11 19 323 1.9 6.8 2.7 0.3 0.5 3.1 7.4 350.0 
Mons 2013 11 20 324 -0.6 4.4 3.0 0.1 8.7 3.2 6.5 350.0 
Mons 2013 11 21 325 -1.5 3.4 1.7 0.0 0.0 1.8 6.7 350.0 
Mons 2013 11 22 326 0.5 4.9 2.4 0.2 0.0 2.9 6.8 350.0 
Mons 2013 11 23 327 2.6 6.1 2.3 0.3 0.0 2.4 7.3 350.0 
Mons 2013 11 24 328 0.4 8.0 1.9 0.2 0.0 1.7 7.8 350.0 
Mons 2013 11 25 329 4.1 7.5 3.1 0.3 0.0 2.3 7.6 350.0 
Mons 2013 11 26 330 3.7 6.9 2.5 0.2 0.0 2.0 8.1 350.0 
Mons 2013 11 27 331 0.9 7.5 2.8 0.0 0.0 0.7 7.9 350.0 
Mons 2013 11 28 332 0.9 7.1 0.9 0.0 0.0 1.1 8.8 350.0 
Mons 2013 11 29 333 6.3 8.5 1.1 0.3 0.5 2.6 9.4 350.0 
Mons 2013 11 30 334 3.4 9.5 3.7 0.1 0.0 2.3 8.3 350.0 
Mons 2013 12 1 335 3.2 9.0 4.0 0.0 0.0 1.0 8.6 350.0 
Mons 2013 12 2 336 3.7 8.5 3.7 0.1 0.0 2.4 8.1 350.0 
Mons 2013 12 3 337 -1.9 5.4 5.0 0.0 0.0 0.8 6.4 350.0 
Mons 2013 12 4 338 -0.1 7.4 1.7 0.0 0.0 1.9 8.4 350.0 
Mons 2013 12 5 339 -2.5 7.7 4.8 0.0 3.4 3.6 7.2 350.0 
Mons 2013 12 6 340 0.5 6.6 4.5 0.0 0.0 2.7 6.4 350.0 
Mons 2013 12 7 341 3.3 7.2 1.3 0.0 0.6 2.4 9.1 350.0 
Mons 2013 12 8 342 4.5 9.2 2.4 0.2 0.0 1.9 8.6 350.0 
Mons 2013 12 9 343 0.6 7.8 4.0 0.0 0.0 1.3 7.2 350.0 
Mons 2013 12 10 344 -1.2 5.8 5.4 0.0 0.0 1.6 6.5 350.0 
Mons 2013 12 11 345 -0.6 5.5 4.9 0.0 0.0 2.5 6.3 350.0 
Mons 2013 12 12 346 -1.9 0.1 1.5 0.0 0.0 3.3 5.7 350.0 
Mons 2013 12 13 347 -2.1 3.9 3.3 0.0 3.4 2.2 6.0 350.0 
Mons 2013 12 14 348 -0.1 8.2 4.0 0.0 0.6 2.8 8.3 350.0 
Mons 2013 12 15 349 5.0 9.3 2.1 0.6 0.0 3.8 8.1 350.0 
Mons 2013 12 16 350 3.2 10.6 4.4 0.1 0.0 3.4 7.8 350.0 
Mons 2013 12 17 351 2.1 8.1 3.0 0.0 0.0 1.8 7.7 350.0 
Mons 2013 12 18 352 5.0 9.5 3.8 0.0 7.8 4.2 9.4 350.0 
Mons 2013 12 19 353 3.5 8.9 2.6 0.0 3.4 3.4 9.1 350.0 
Mons 2013 12 20 354 1.0 7.8 4.4 0.0 0.0 2.9 7.7 350.0 
Mons 2013 12 21 355 4.0 7.7 1.8 0.9 1.1 5.9 7.5 350.0 
Mons 2013 12 22 356 4.5 10.1 1.3 0.2 0.6 5.7 9.8 350.0 
Mons 2013 12 23 357 4.9 11.1 1.7 0.7 2.8 6.5 9.5 350.0 
Mons 2013 12 24 358 7.8 10.3 0.4 0.4 16.3 8.1 10.7 350.0 
Mons 2013 12 25 359 5.3 8.6 2.7 0.2 0.6 3.5 8.8 350.0 
Mons 2013 12 26 360 3.3 8.4 4.0 0.0 0.6 2.7 8.2 350.0 
Mons 2013 12 27 361 3.3 11.2 0.9 0.0 29.7 6.3 10.6 350.0 
Mons 2013 12 28 362 4.8 8.1 2.5 0.0 0.0 2.2 9.1 350.0 
Mons 2013 12 29 363 3.8 7.6 4.5 0.0 0.6 2.8 8.0 350.0 
Mons 2013 12 30 364 1.6 6.7 1.6 0.1 1.1 4.9 8.0 350.0 
Mons 2013 12 31 365 5.3 7.4 1.6 0.7 1.7 4.7 8.1 350.0 
