Mons 2006 1 1 1 2.0 5.1 0.9 0.0 2.4 3.7 7.8 350.0 
Mons 2006 1 2 2 -0.5 5.9 4.0 0.0 0.0 1.8 7.5 350.0 
Mons 2006 1 3 3 -1.3 1.3 2.5 0.0 0.8 1.5 6.5 350.0 
Mons 2006 1 4 4 0.1 5.0 3.8 0.0 0.0 3.1 6.7 350.0 
Mons 2006 1 5 5 -1.1 0.6 1.7 0.0 0.0 3.7 6.1 350.0 
Mons 2006 1 6 6 -0.3 2.6 2.8 0.0 0.0 2.9 6.2 350.0 
Mons 2006 1 7 7 0.3 2.8 3.9 0.0 0.0 2.9 6.6 350.0 
Mons 2006 1 8 8 0.7 3.5 1.6 0.3 0.0 5.1 6.7 350.0 
Mons 2006 1 9 9 -0.8 3.8 4.2 0.0 0.0 3.1 6.1 350.0 
Mons 2006 1 10 10 -2.9 2.8 2.6 0.0 0.0 3.7 6.1 350.0 
Mons 2006 1 11 11 0.9 5.1 1.0 0.0 4.7 3.2 7.9 350.0 
Mons 2006 1 12 12 1.3 4.2 1.2 0.0 0.0 2.6 7.6 350.0 
Mons 2006 1 13 13 0.8 1.9 1.3 0.0 0.0 4.2 6.8 350.0 
Mons 2006 1 14 14 -0.6 5.0 4.8 0.0 0.0 3.8 6.5 350.0 
Mons 2006 1 15 15 -2.0 1.0 5.0 0.0 0.0 5.1 5.6 350.0 
Mons 2006 1 16 16 -2.8 6.0 2.3 0.0 4.7 4.2 7.0 350.0 
Mons 2006 1 17 17 3.9 7.4 1.0 0.0 7.8 4.0 9.3 350.0 
Mons 2006 1 18 18 2.4 7.4 2.0 0.0 2.4 1.4 8.7 350.0 
Mons 2006 1 19 19 4.1 9.8 1.8 0.0 0.0 2.4 10.6 350.0 
Mons 2006 1 20 20 5.3 9.8 1.5 0.3 0.8 4.5 10.0 350.0 
Mons 2006 1 21 21 0.7 7.5 4.6 0.0 0.0 2.3 7.7 350.0 
Mons 2006 1 22 22 1.3 4.1 3.2 0.2 0.0 2.9 6.5 350.0 
Mons 2006 1 23 23 -1.0 2.4 6.1 0.1 0.0 3.1 5.2 350.0 
Mons 2006 1 24 24 -4.2 1.1 6.2 0.1 0.0 2.8 4.2 350.0 
Mons 2006 1 25 25 -6.1 2.5 5.3 0.0 0.0 2.0 5.4 350.0 
Mons 2006 1 26 26 -0.6 1.2 2.0 0.6 0.0 5.9 5.5 350.0 
Mons 2006 1 27 27 -5.9 -3.7 2.2 0.2 0.0 4.1 4.0 350.0 
Mons 2006 1 28 28 -6.1 0.6 4.8 0.1 0.0 4.5 4.6 350.0 
Mons 2006 1 29 29 -3.5 4.6 7.0 0.8 0.0 6.0 4.5 350.0 
Mons 2006 1 30 30 -3.7 4.0 7.0 0.4 0.0 5.8 5.2 350.0 
Mons 2006 1 31 31 -1.3 3.6 6.1 0.1 0.0 3.6 5.9 350.0 
Mons 2006 2 1 32 -8.1 -1.1 3.7 0.0 0.0 1.1 4.6 350.0 
Mons 2006 2 2 33 -3.3 -1.5 0.8 0.0 0.0 1.6 5.3 350.0 
Mons 2006 2 3 34 -4.7 1.3 1.3 0.0 0.0 3.3 5.2 350.0 
Mons 2006 2 4 35 -1.0 4.0 2.3 0.1 0.0 2.5 7.0 350.0 
Mons 2006 2 5 36 0.3 4.2 1.4 0.0 0.0 1.9 7.4 350.0 
Mons 2006 2 6 37 1.5 5.9 1.7 0.2 0.0 1.9 7.6 350.0 
Mons 2006 2 7 38 2.0 6.4 1.1 0.0 0.0 3.6 8.5 350.0 
Mons 2006 2 8 39 3.3 6.6 3.1 0.4 1.8 4.7 8.1 350.0 
Mons 2006 2 9 40 0.3 5.0 6.2 0.4 0.0 3.6 6.5 350.0 
Mons 2006 2 10 41 -1.3 5.7 6.8 0.2 0.0 2.6 6.6 350.0 
Mons 2006 2 11 42 -2.8 3.9 4.9 0.1 0.0 0.6 6.2 350.0 
Mons 2006 2 12 43 -2.4 2.5 2.9 0.2 10.2 2.4 6.1 350.0 
Mons 2006 2 13 44 0.1 4.3 2.2 0.2 0.0 3.1 7.1 350.0 
Mons 2006 2 14 45 2.1 6.6 2.9 0.3 4.6 3.7 8.2 350.0 
Mons 2006 2 15 46 2.9 11.9 3.8 0.2 12.9 5.9 10.4 350.0 
Mons 2006 2 16 47 5.9 9.5 3.6 0.7 3.7 4.5 9.5 350.0 
Mons 2006 2 17 48 3.2 9.0 4.1 0.8 6.5 6.7 8.5 350.0 
Mons 2006 2 18 49 1.9 8.2 4.0 0.4 12.9 3.2 8.4 350.0 
Mons 2006 2 19 50 2.9 7.0 1.8 0.1 5.5 3.9 8.8 350.0 
Mons 2006 2 20 51 1.6 5.2 1.4 0.0 0.0 4.3 7.8 350.0 
Mons 2006 2 21 52 1.0 2.9 2.3 0.1 3.7 5.0 7.1 350.0 
Mons 2006 2 22 53 2.5 4.9 2.8 0.5 0.0 4.0 7.5 350.0 
Mons 2006 2 23 54 -0.4 1.0 4.1 0.4 0.0 3.6 6.0 350.0 
Mons 2006 2 24 55 -0.5 5.0 8.6 0.6 0.9 4.4 6.4 350.0 
Mons 2006 2 25 56 -1.0 2.8 9.1 0.5 0.9 4.6 6.0 350.0 
Mons 2006 2 26 57 -2.5 0.8 4.8 0.5 0.0 5.0 5.2 350.0 
Mons 2006 2 27 58 -2.8 3.7 4.8 0.3 0.9 1.8 6.4 350.0 
Mons 2006 2 28 59 0.2 2.9 3.9 0.5 2.8 4.3 6.5 350.0 
Mons 2006 3 1 60 -2.7 4.6 10.5 0.7 0.0 4.0 5.6 350.0 
Mons 2006 3 2 61 -2.1 4.0 10.6 0.6 0.0 3.2 6.0 350.0 
Mons 2006 3 3 62 -0.2 2.0 8.8 0.5 4.9 2.6 6.2 350.0 
Mons 2006 3 4 63 -2.6 2.9 6.8 0.4 0.0 0.8 5.8 350.0 
Mons 2006 3 5 64 -3.6 5.4 9.2 0.6 0.0 2.8 6.1 350.0 
Mons 2006 3 6 65 -0.8 6.8 9.5 0.8 0.0 2.6 6.5 350.0 
Mons 2006 3 7 66 -1.3 4.5 3.5 0.3 1.6 3.4 6.9 350.0 
Mons 2006 3 8 67 2.0 10.7 2.1 0.0 9.0 4.5 10.7 350.0 
Mons 2006 3 9 68 7.3 11.4 5.5 1.0 4.1 5.8 10.8 350.0 
Mons 2006 3 10 69 2.2 8.7 8.2 0.9 11.5 5.7 8.3 350.0 
Mons 2006 3 11 70 0.5 6.2 3.2 0.8 0.8 5.2 7.0 350.0 
Mons 2006 3 12 71 -3.7 1.4 15.0 1.0 0.0 2.6 4.4 350.0 
Mons 2006 3 13 72 -5.0 3.3 14.5 1.0 0.0 3.0 4.7 350.0 
Mons 2006 3 14 73 -2.7 5.7 12.7 1.0 0.0 2.6 5.6 350.0 
Mons 2006 3 15 74 0.6 9.1 12.6 1.6 0.0 3.2 6.0 350.0 
Mons 2006 3 16 75 -1.6 2.1 4.5 0.8 0.0 3.8 5.5 350.0 
Mons 2006 3 17 76 -1.4 6.2 10.6 1.5 0.0 4.5 5.5 350.0 
Mons 2006 3 18 77 -0.6 9.8 15.9 2.1 0.0 5.1 6.0 350.0 
Mons 2006 3 19 78 -0.9 9.4 16.8 1.8 0.0 4.9 6.5 350.0 
Mons 2006 3 20 79 -0.7 7.0 9.9 1.1 0.8 4.8 6.9 350.0 
Mons 2006 3 21 80 0.5 3.8 3.5 0.8 1.6 5.1 6.2 350.0 
Mons 2006 3 22 81 -1.1 6.2 13.2 1.8 0.0 5.0 5.3 350.0 
Mons 2006 3 23 82 -1.3 11.6 18.4 2.3 1.6 4.4 6.1 350.0 
Mons 2006 3 24 83 5.1 15.2 7.4 1.5 1.6 4.7 10.8 350.0 
Mons 2006 3 25 84 9.1 13.7 8.2 1.5 5.7 5.4 12.2 350.0 
Mons 2006 3 26 85 12.0 16.4 5.4 1.5 0.0 5.2 14.3 350.0 
Mons 2006 3 27 86 12.5 17.5 13.5 3.8 0.0 6.7 11.6 350.0 
Mons 2006 3 28 87 7.3 12.2 9.7 2.3 4.1 5.6 9.2 350.0 
Mons 2006 3 29 88 5.8 13.1 11.1 2.1 4.9 5.2 9.5 350.0 
Mons 2006 3 30 89 8.9 15.2 6.6 1.5 0.0 7.0 12.8 350.0 
Mons 2006 3 31 90 10.4 16.6 10.8 3.0 0.0 6.2 11.3 350.0 
Mons 2006 4 1 91 10.2 14.8 11.8 2.6 0.0 4.8 10.9 350.0 
Mons 2006 4 2 92 6.8 14.4 15.6 3.2 0.0 6.3 9.2 350.0 
Mons 2006 4 3 93 7.2 12.7 16.9 2.9 0.0 4.6 8.8 350.0 
Mons 2006 4 4 94 1.0 9.7 18.4 2.2 0.0 3.4 6.7 350.0 
Mons 2006 4 5 95 0.3 9.2 19.6 2.6 0.0 4.2 5.8 350.0 
Mons 2006 4 6 96 -2.3 11.8 22.9 2.2 0.0 1.4 5.8 350.0 
Mons 2006 4 7 97 -1.2 12.4 15.5 1.9 0.0 2.0 6.8 350.0 
Mons 2006 4 8 98 2.7 13.4 13.3 2.4 0.0 4.2 8.0 350.0 
Mons 2006 4 9 99 -0.8 11.5 19.6 2.2 0.0 2.1 6.8 350.0 
Mons 2006 4 10 100 1.4 9.7 15.2 2.3 0.0 3.9 6.6 350.0 
Mons 2006 4 11 101 -2.3 10.8 14.8 2.0 0.0 3.3 6.2 350.0 
Mons 2006 4 12 102 5.8 12.9 16.1 2.9 0.0 4.1 8.2 350.0 
Mons 2006 4 13 103 4.7 13.0 6.6 1.4 0.0 6.2 10.5 350.0 
Mons 2006 4 14 104 9.2 15.7 15.1 2.9 0.0 4.1 10.7 350.0 
Mons 2006 4 15 105 6.3 14.2 6.7 1.5 0.0 4.8 11.2 350.0 
Mons 2006 4 16 106 9.0 14.4 6.1 1.8 0.0 4.0 11.2 350.0 
Mons 2006 4 17 107 6.1 14.3 14.2 2.4 0.0 2.7 9.4 350.0 
Mons 2006 4 18 108 1.8 13.2 15.2 2.0 4.0 2.3 8.6 350.0 
Mons 2006 4 19 109 2.0 15.3 19.3 2.5 0.0 1.8 8.8 350.0 
Mons 2006 4 20 110 3.4 16.4 18.1 2.6 1.3 1.6 9.0 350.0 
Mons 2006 4 21 111 5.9 20.2 21.9 3.7 0.0 2.9 10.1 350.0 
Mons 2006 4 22 112 7.8 15.9 22.3 3.6 0.0 2.7 9.1 350.0 
Mons 2006 4 23 113 3.2 18.0 16.6 2.5 0.0 1.5 9.4 350.0 
Mons 2006 4 24 114 9.7 17.3 12.2 2.3 2.7 1.6 12.1 350.0 
Mons 2006 4 25 115 5.8 16.3 17.2 2.4 0.0 1.9 11.4 350.0 
Mons 2006 4 26 116 10.1 17.5 14.7 2.6 0.0 2.2 12.5 350.0 
Mons 2006 4 27 117 5.4 15.7 18.8 3.1 0.0 3.2 9.2 350.0 
Mons 2006 4 28 118 5.0 14.3 23.4 3.8 0.0 4.2 8.2 350.0 
Mons 2006 4 29 119 0.2 11.7 21.4 2.8 0.0 2.7 6.6 350.0 
Mons 2006 4 30 120 1.8 10.5 11.0 1.5 22.5 2.5 8.5 350.0 
Mons 2006 5 1 121 4.4 11.8 8.5 1.1 3.0 3.9 10.8 350.0 
Mons 2006 5 2 122 9.1 20.0 23.3 4.1 0.0 2.9 11.8 350.0 
Mons 2006 5 3 123 9.2 22.6 22.3 3.7 0.0 1.9 14.4 350.0 
Mons 2006 5 4 124 11.8 23.9 21.8 4.3 0.0 2.5 14.0 350.0 
Mons 2006 5 5 125 9.9 19.5 18.8 3.3 0.0 2.7 13.4 350.0 
Mons 2006 5 6 126 10.4 21.9 15.1 3.0 10.6 2.1 14.0 350.0 
Mons 2006 5 7 127 11.0 16.0 9.7 1.8 2.0 1.6 13.5 350.0 
Mons 2006 5 8 128 11.6 16.2 8.5 2.0 18.7 2.9 13.2 350.0 
Mons 2006 5 9 129 8.7 13.0 8.2 1.7 1.0 3.5 11.5 350.0 
Mons 2006 5 10 130 6.4 19.8 17.1 2.7 2.0 0.9 12.7 350.0 
Mons 2006 5 11 131 8.5 23.9 27.3 4.4 0.0 1.2 13.5 350.0 
Mons 2006 5 12 132 9.2 23.4 24.3 4.1 8.6 1.5 13.6 350.0 
Mons 2006 5 13 133 12.3 20.6 20.8 4.0 0.0 2.4 13.7 350.0 
Mons 2006 5 14 134 7.5 18.0 11.4 2.1 0.0 1.4 12.4 350.0 
Mons 2006 5 15 135 9.3 20.9 13.6 2.6 0.5 2.0 14.4 350.0 
Mons 2006 5 16 136 12.3 20.5 12.3 2.5 0.0 1.5 15.2 350.0 
Mons 2006 5 17 137 10.2 20.7 21.2 3.6 3.0 2.2 14.9 350.0 
Mons 2006 5 18 138 13.3 20.7 22.6 5.0 0.0 4.4 13.6 350.0 
Mons 2006 5 19 139 11.0 16.2 14.9 3.8 6.1 6.0 11.6 350.0 
Mons 2006 5 20 140 9.2 15.2 18.5 3.7 4.5 6.6 11.7 350.0 
Mons 2006 5 21 141 10.4 18.4 15.8 3.2 10.1 4.1 13.4 350.0 
Mons 2006 5 22 142 11.0 18.1 20.5 4.8 4.5 6.2 11.9 350.0 
Mons 2006 5 23 143 8.6 13.7 19.2 3.5 1.0 3.9 10.0 350.0 
Mons 2006 5 24 144 6.3 14.7 20.5 3.2 14.1 4.0 10.9 350.0 
Mons 2006 5 25 145 8.8 16.2 8.3 1.7 2.5 4.0 13.5 350.0 
Mons 2006 5 26 146 12.4 18.1 5.3 1.4 1.5 4.6 15.6 350.0 
Mons 2006 5 27 147 13.4 17.7 7.6 1.9 1.0 4.1 15.9 350.0 
Mons 2006 5 28 148 12.3 17.1 24.7 4.5 0.0 3.3 12.7 350.0 
Mons 2006 5 29 149 8.5 15.2 14.7 2.8 12.1 2.5 10.6 350.0 
Mons 2006 5 30 150 5.4 13.0 19.0 3.1 4.5 3.5 9.0 350.0 
Mons 2006 5 31 151 4.7 13.6 16.8 2.7 0.0 3.5 9.6 350.0 
Mons 2006 6 1 152 3.2 12.8 12.8 1.9 3.5 2.2 9.9 350.0 
Mons 2006 6 2 153 3.1 16.3 29.5 3.9 0.0 1.6 10.2 350.0 
Mons 2006 6 3 154 5.0 19.6 21.2 3.2 0.0 1.4 12.2 350.0 
Mons 2006 6 4 155 9.0 19.1 19.6 3.3 0.0 1.5 13.2 350.0 
Mons 2006 6 5 156 10.6 20.1 19.2 3.6 0.5 1.9 13.0 350.0 
Mons 2006 6 6 157 5.6 18.2 29.1 4.4 0.0 2.4 10.9 350.0 
Mons 2006 6 7 158 7.2 21.6 30.9 4.9 0.0 1.4 11.4 350.0 
Mons 2006 6 8 159 8.5 23.2 32.2 5.4 0.0 1.7 12.5 350.0 
Mons 2006 6 9 160 11.2 24.8 33.4 6.7 0.0 3.4 11.9 350.0 
Mons 2006 6 10 161 12.9 26.7 33.7 7.1 0.0 3.5 13.3 350.0 
Mons 2006 6 11 162 14.7 28.3 32.1 6.8 0.0 2.6 16.0 350.0 
Mons 2006 6 12 163 13.5 28.6 33.1 6.8 0.0 2.6 15.8 350.0 
Mons 2006 6 13 164 15.5 31.1 25.2 5.6 0.0 1.9 20.5 350.0 
Mons 2006 6 14 165 15.1 21.5 11.8 2.7 0.5 2.8 17.8 350.0 
Mons 2006 6 15 166 13.5 17.1 8.9 2.1 0.0 2.4 14.8 350.0 
Mons 2006 6 16 167 6.6 22.2 28.9 4.6 0.0 1.4 12.6 350.0 
Mons 2006 6 17 168 9.4 24.4 32.0 5.4 0.0 1.4 13.9 350.0 
Mons 2006 6 18 169 11.2 27.9 30.9 5.7 0.0 1.4 16.8 350.0 
Mons 2006 6 19 170 17.6 24.3 20.2 4.7 0.0 2.2 17.1 350.0 
Mons 2006 6 20 171 12.5 22.3 23.0 4.3 0.0 1.8 15.1 350.0 
Mons 2006 6 21 172 10.9 19.3 12.4 2.7 2.0 3.5 14.4 350.0 
Mons 2006 6 22 173 9.6 18.4 20.6 4.1 0.0 3.4 11.4 350.0 
Mons 2006 6 23 174 6.1 21.2 32.2 4.9 0.0 1.2 10.8 350.0 
Mons 2006 6 24 175 9.4 26.0 27.2 4.9 1.0 1.2 13.9 350.0 
Mons 2006 6 25 176 13.8 16.7 4.3 0.8 28.6 1.5 16.9 350.0 
Mons 2006 6 26 177 14.0 19.9 16.5 3.3 0.0 2.4 15.8 350.0 
Mons 2006 6 27 178 12.1 19.8 14.9 2.9 0.0 2.0 15.1 350.0 
Mons 2006 6 28 179 10.1 22.5 30.5 5.2 0.0 2.3 14.8 350.0 
Mons 2006 6 29 180 11.1 23.6 33.0 5.7 0.0 2.0 14.9 350.0 
Mons 2006 6 30 181 11.4 26.4 31.4 5.6 0.0 1.8 17.2 350.0 
Mons 2006 7 1 182 14.4 28.9 31.0 6.3 0.0 2.0 18.1 350.0 
Mons 2006 7 2 183 15.5 28.7 33.1 7.0 0.0 2.5 15.6 350.0 
Mons 2006 7 3 184 15.7 29.5 32.7 6.9 0.0 2.2 16.5 350.0 
Mons 2006 7 4 185 16.2 30.2 18.9 4.4 1.0 1.5 20.0 350.0 
Mons 2006 7 5 186 17.7 26.6 26.2 5.8 0.0 2.5 18.8 350.0 
Mons 2006 7 6 187 13.6 25.1 21.1 4.1 0.0 1.7 18.4 350.0 
Mons 2006 7 7 188 14.9 21.8 9.4 2.3 3.4 1.9 17.9 350.0 
Mons 2006 7 8 189 13.3 22.5 20.3 3.8 1.0 1.6 16.9 350.0 
Mons 2006 7 9 190 15.4 24.7 19.6 4.5 0.0 3.1 17.5 350.0 
Mons 2006 7 10 191 13.1 27.0 28.0 5.3 0.0 1.6 17.8 350.0 
Mons 2006 7 11 192 17.2 24.7 25.3 5.2 0.0 2.2 18.4 350.0 
Mons 2006 7 12 193 12.2 27.0 30.8 5.7 0.5 1.6 16.3 350.0 
Mons 2006 7 13 194 12.5 27.6 30.0 6.1 0.0 2.7 15.5 350.0 
Mons 2006 7 14 195 13.9 25.2 29.9 6.7 0.0 4.3 14.1 350.0 
Mons 2006 7 15 196 11.7 27.7 32.7 6.8 0.0 3.4 13.4 350.0 
Mons 2006 7 16 197 12.5 30.8 32.4 6.7 0.0 2.2 13.5 350.0 
Mons 2006 7 17 198 13.7 32.3 31.8 6.8 0.0 2.0 14.3 350.0 
Mons 2006 7 18 199 15.5 33.6 31.9 7.2 0.0 2.1 13.7 350.0 
Mons 2006 7 19 200 15.4 36.2 29.0 7.0 13.7 2.2 15.9 350.0 
Mons 2006 7 20 201 18.7 29.2 22.7 5.1 3.4 1.7 21.1 350.0 
Mons 2006 7 21 202 15.9 32.9 28.2 6.1 2.0 1.4 18.0 350.0 
Mons 2006 7 22 203 19.3 31.4 23.7 5.9 1.5 2.3 20.0 350.0 
Mons 2006 7 23 204 15.1 28.2 25.6 5.3 0.0 1.8 17.4 350.0 
Mons 2006 7 24 205 16.4 31.3 26.2 5.8 0.0 1.6 18.0 350.0 
Mons 2006 7 25 206 17.4 33.8 25.4 6.4 0.0 2.5 18.6 350.0 
Mons 2006 7 26 207 17.3 35.1 27.6 6.9 2.0 2.4 17.8 350.0 
Mons 2006 7 27 208 18.4 27.8 14.9 3.7 0.0 1.5 19.8 350.0 
Mons 2006 7 28 209 16.6 29.2 24.4 5.6 0.0 2.6 18.0 350.0 
Mons 2006 7 29 210 12.7 29.1 26.1 5.3 0.0 1.9 15.6 350.0 
Mons 2006 7 30 211 17.6 25.1 11.8 3.1 8.8 1.9 18.4 350.0 
Mons 2006 7 31 212 13.2 25.3 19.3 4.1 7.3 2.1 15.5 350.0 
Mons 2006 8 1 213 15.8 21.7 14.8 4.3 0.5 5.1 15.4 350.0 
Mons 2006 8 2 214 12.8 22.4 18.9 4.7 0.0 4.3 13.3 350.0 
Mons 2006 8 3 215 12.0 22.3 14.4 3.4 3.5 4.0 15.4 350.0 
Mons 2006 8 4 216 15.2 21.9 16.8 4.3 0.0 4.8 15.4 350.0 
Mons 2006 8 5 217 13.7 24.6 21.0 4.8 0.0 3.5 14.7 350.0 
Mons 2006 8 6 218 12.7 25.9 21.7 4.4 0.0 2.1 15.0 350.0 
Mons 2006 8 7 219 12.7 27.3 19.0 4.1 0.0 2.6 17.1 350.0 
Mons 2006 8 8 220 15.2 23.4 16.3 4.6 0.0 3.7 13.5 350.0 
Mons 2006 8 9 221 12.6 22.8 13.0 3.1 0.0 2.3 14.5 350.0 
Mons 2006 8 10 222 10.3 21.3 17.5 3.7 0.5 3.2 12.5 350.0 
Mons 2006 8 11 223 11.2 21.2 20.1 4.1 7.5 3.3 12.6 350.0 
Mons 2006 8 12 224 11.3 19.5 13.4 2.8 26.9 3.8 14.6 350.0 
Mons 2006 8 13 225 11.9 14.9 6.1 1.3 12.5 2.3 14.0 350.0 
Mons 2006 8 14 226 10.8 17.8 11.2 1.9 4.5 3.4 15.2 350.0 
Mons 2006 8 15 227 13.7 22.8 16.3 3.4 3.5 2.4 15.7 350.0 
Mons 2006 8 16 228 13.4 22.2 19.0 3.6 0.0 2.4 15.6 350.0 
Mons 2006 8 17 229 14.4 23.4 16.9 3.6 7.5 3.0 16.8 350.0 
Mons 2006 8 18 230 14.9 22.4 17.0 3.9 0.0 4.2 16.3 350.0 
Mons 2006 8 19 231 12.8 22.1 15.2 2.9 9.0 2.4 16.4 350.0 
Mons 2006 8 20 232 14.5 20.8 13.0 3.2 3.5 3.9 15.5 350.0 
Mons 2006 8 21 233 13.5 20.4 10.6 2.6 4.5 3.8 15.9 350.0 
Mons 2006 8 22 234 12.0 21.9 16.8 3.0 0.0 1.6 15.1 350.0 
Mons 2006 8 23 235 11.3 22.0 20.2 3.2 7.0 1.2 14.9 350.0 
Mons 2006 8 24 236 13.8 16.1 5.9 1.4 16.4 4.2 15.8 350.0 
Mons 2006 8 25 237 13.0 20.2 14.7 2.7 2.0 2.2 15.4 350.0 
Mons 2006 8 26 238 10.6 19.6 7.1 1.4 4.0 1.6 15.6 350.0 
Mons 2006 8 27 239 14.5 22.1 17.7 3.6 2.0 3.1 15.6 350.0 
Mons 2006 8 28 240 12.7 18.9 10.3 2.5 8.0 3.6 14.2 350.0 
Mons 2006 8 29 241 11.2 16.9 7.5 1.8 9.5 2.5 13.0 350.0 
Mons 2006 8 30 242 8.4 19.4 19.4 3.0 0.0 2.7 12.3 350.0 
Mons 2006 8 31 243 9.7 21.8 14.7 2.6 0.0 2.1 14.5 350.0 
Mons 2006 9 1 244 12.3 24.6 18.9 3.4 0.0 2.0 15.4 350.0 
Mons 2006 9 2 245 13.8 21.9 13.4 3.0 0.0 3.4 15.7 350.0 
Mons 2006 9 3 246 18.4 25.5 9.8 3.4 0.0 5.9 20.9 350.0 
Mons 2006 9 4 247 16.8 23.5 17.6 3.7 0.0 3.1 17.3 350.0 
Mons 2006 9 5 248 14.0 25.8 14.2 2.6 0.0 1.2 18.6 350.0 
Mons 2006 9 6 249 13.0 29.5 21.9 3.7 0.0 0.9 17.8 350.0 
Mons 2006 9 7 250 15.1 21.3 11.6 3.1 0.5 3.8 15.1 350.0 
Mons 2006 9 8 251 9.6 21.1 21.7 3.8 0.0 3.9 11.9 350.0 
Mons 2006 9 9 252 9.8 24.0 21.7 4.2 0.0 3.7 11.7 350.0 
Mons 2006 9 10 253 10.7 26.8 20.5 3.3 0.0 1.2 14.3 350.0 
Mons 2006 9 11 254 10.7 27.9 20.5 3.5 0.0 1.7 14.7 350.0 
Mons 2006 9 12 255 14.7 28.9 18.9 3.8 0.0 2.5 18.1 350.0 
Mons 2006 9 13 256 14.9 27.7 17.7 3.9 0.0 3.2 17.4 350.0 
Mons 2006 9 14 257 18.3 22.9 9.4 3.0 0.0 3.8 17.2 350.0 
Mons 2006 9 15 258 16.2 26.6 11.8 3.2 0.0 3.1 17.7 350.0 
Mons 2006 9 16 259 13.6 25.2 16.8 2.8 0.0 1.7 17.5 350.0 
Mons 2006 9 17 260 16.4 20.9 7.9 2.1 0.0 2.7 16.9 350.0 
Mons 2006 9 18 261 12.9 22.5 11.5 2.4 0.0 2.3 15.1 350.0 
Mons 2006 9 19 262 11.3 21.1 12.7 2.6 1.0 2.9 13.0 350.0 
Mons 2006 9 20 263 7.7 22.9 18.2 2.9 0.0 3.5 13.2 350.0 
Mons 2006 9 21 264 11.7 27.9 19.0 4.2 0.0 4.5 14.6 350.0 
Mons 2006 9 22 265 15.5 22.1 9.1 2.8 0.0 3.9 15.1 350.0 
Mons 2006 9 23 266 14.9 23.7 12.5 2.5 7.2 2.7 17.5 350.0 
Mons 2006 9 24 267 15.8 21.5 9.1 1.8 20.1 2.6 18.2 350.0 
Mons 2006 9 25 268 13.9 17.6 4.5 1.0 4.6 2.5 16.6 350.0 
Mons 2006 9 26 269 12.4 20.8 12.7 2.1 0.5 2.2 15.0 350.0 
Mons 2006 9 27 270 9.8 19.7 11.7 1.5 0.0 1.5 14.7 350.0 
Mons 2006 9 28 271 12.0 21.8 13.9 2.1 0.0 2.2 15.3 350.0 
Mons 2006 9 29 272 13.3 22.3 12.4 2.2 10.3 3.3 16.7 350.0 
Mons 2006 9 30 273 11.5 20.4 14.8 1.8 9.8 2.6 16.1 350.0 
Mons 2006 10 1 274 13.7 20.4 10.0 2.3 0.0 5.3 15.8 350.0 
Mons 2006 10 2 275 14.5 17.8 6.8 2.2 1.5 5.8 14.6 350.0 
Mons 2006 10 3 276 12.5 15.6 5.1 1.3 0.0 3.2 13.4 350.0 
Mons 2006 10 4 277 9.6 16.4 11.1 1.6 0.0 2.6 11.9 350.0 
Mons 2006 10 5 278 8.5 17.1 10.8 1.5 1.0 4.3 13.0 350.0 
Mons 2006 10 6 279 13.6 18.3 5.4 1.9 4.5 6.2 15.1 350.0 
Mons 2006 10 7 280 10.3 16.3 13.6 2.0 0.5 3.9 11.6 350.0 
Mons 2006 10 8 281 5.2 16.9 14.7 1.3 0.0 2.2 10.8 350.0 
Mons 2006 10 9 282 8.3 18.7 7.4 0.9 4.0 1.9 14.4 350.0 
Mons 2006 10 10 283 11.5 22.2 11.5 1.4 0.5 1.5 16.5 350.0 
Mons 2006 10 11 284 12.4 19.8 8.6 1.3 0.0 3.1 16.3 350.0 
Mons 2006 10 12 285 12.2 17.2 4.7 1.1 0.0 2.0 14.2 350.0 
Mons 2006 10 13 286 7.7 18.6 11.4 1.2 0.5 2.4 12.6 350.0 
Mons 2006 10 14 287 10.0 19.6 7.2 1.2 0.0 2.8 14.4 350.0 
Mons 2006 10 15 288 8.2 18.6 12.6 1.5 0.0 3.2 11.8 350.0 
Mons 2006 10 16 289 8.8 19.0 12.4 1.6 0.0 3.7 12.2 350.0 
Mons 2006 10 17 290 7.8 18.8 10.5 1.5 2.5 3.6 11.9 350.0 
Mons 2006 10 18 291 11.9 16.7 6.2 0.9 3.0 2.9 14.5 350.0 
Mons 2006 10 19 292 12.9 18.4 7.7 1.5 0.5 4.6 14.8 350.0 
Mons 2006 10 20 293 12.0 16.7 4.7 1.1 0.0 4.8 14.4 350.0 
Mons 2006 10 21 294 11.3 17.5 6.4 1.1 0.0 4.8 14.4 350.0 
Mons 2006 10 22 295 11.2 20.3 8.5 1.4 5.5 5.2 15.2 350.0 
Mons 2006 10 23 296 15.1 18.8 5.6 1.3 6.5 4.6 16.7 350.0 
Mons 2006 10 24 297 12.0 14.6 3.8 1.4 7.5 6.2 12.9 350.0 
Mons 2006 10 25 298 6.6 16.0 4.1 0.5 0.0 4.3 12.9 350.0 
Mons 2006 10 26 299 13.8 21.0 5.9 1.2 0.0 3.4 16.4 350.0 
Mons 2006 10 27 300 11.8 17.5 5.3 0.6 0.0 1.4 15.3 350.0 
Mons 2006 10 28 301 12.7 17.2 4.7 0.7 2.0 3.5 15.5 350.0 
Mons 2006 10 29 302 10.6 17.8 6.5 0.7 0.5 2.5 14.2 350.0 
Mons 2006 10 30 303 4.6 15.4 9.5 0.3 0.0 1.5 11.0 350.0 
Mons 2006 10 31 304 6.7 15.7 3.1 0.8 0.0 3.7 11.5 350.0 
Mons 2006 11 1 305 3.7 10.6 7.5 0.6 1.5 3.5 8.4 350.0 
Mons 2006 11 2 306 0.2 9.8 5.1 0.2 0.5 1.7 8.1 350.0 
Mons 2006 11 3 307 1.3 11.1 9.4 0.0 0.0 1.1 8.5 350.0 
Mons 2006 11 4 308 0.3 11.6 8.9 0.0 0.0 1.0 8.0 350.0 
Mons 2006 11 5 309 -1.0 10.3 7.2 0.1 0.5 1.7 8.0 350.0 
Mons 2006 11 6 310 3.8 9.1 4.0 0.1 0.0 1.8 9.6 350.0 
Mons 2006 11 7 311 3.9 8.6 5.6 0.2 0.0 2.6 8.5 350.0 
Mons 2006 11 8 312 2.3 12.3 4.5 0.0 3.1 3.4 10.7 350.0 
Mons 2006 11 9 313 5.4 12.1 7.5 0.1 0.0 2.4 10.2 350.0 
Mons 2006 11 10 314 -1.1 8.5 7.1 0.0 4.6 1.7 7.5 350.0 
Mons 2006 11 11 315 3.2 13.7 3.1 0.3 1.0 4.2 10.6 350.0 
Mons 2006 11 12 316 6.5 10.1 5.1 0.4 0.0 3.3 9.4 350.0 
Mons 2006 11 13 317 5.4 13.3 1.6 0.0 2.0 5.6 12.7 350.0 
Mons 2006 11 14 318 12.6 14.2 2.5 0.8 0.0 5.1 13.6 350.0 
Mons 2006 11 15 319 11.7 14.9 4.6 0.7 0.0 4.2 13.0 350.0 
Mons 2006 11 16 320 10.9 16.4 1.4 1.1 0.5 5.3 12.9 350.0 
Mons 2006 11 17 321 7.6 13.2 6.5 0.2 0.0 4.9 11.3 350.0 
Mons 2006 11 18 322 5.7 11.0 6.3 0.0 0.0 2.8 9.6 350.0 
Mons 2006 11 19 323 4.7 8.9 3.5 0.2 13.3 2.7 9.0 350.0 
Mons 2006 11 20 324 4.1 11.0 1.0 0.1 2.6 5.9 10.2 350.0 
Mons 2006 11 21 325 4.9 9.4 2.8 0.3 1.5 4.0 9.3 350.0 
Mons 2006 11 22 326 1.8 11.8 3.5 0.2 5.6 4.5 9.2 350.0 
Mons 2006 11 23 327 7.2 14.3 1.9 0.3 3.6 5.7 12.5 350.0 
Mons 2006 11 24 328 7.7 16.4 2.5 0.6 1.0 4.7 12.3 350.0 
Mons 2006 11 25 329 11.4 17.4 1.7 1.8 0.5 5.9 12.3 350.0 
Mons 2006 11 26 330 9.1 13.5 4.5 0.2 0.5 3.4 11.5 350.0 
Mons 2006 11 27 331 7.0 14.5 4.5 0.1 0.0 3.6 11.5 350.0 
Mons 2006 11 28 332 6.6 13.2 2.5 0.2 1.5 3.4 11.5 350.0 
Mons 2006 11 29 333 4.1 11.3 5.8 0.0 0.5 1.5 9.5 350.0 
Mons 2006 11 30 334 2.1 7.1 2.2 0.0 0.0 3.6 8.5 350.0 
Mons 2006 12 1 335 5.4 9.9 2.6 0.2 0.0 4.3 9.6 350.0 
Mons 2006 12 2 336 8.2 10.6 1.6 0.5 0.0 3.7 10.7 350.0 
Mons 2006 12 3 337 6.5 10.3 1.4 0.5 4.6 6.9 10.2 350.0 
Mons 2006 12 4 338 7.7 13.6 2.7 0.3 5.6 6.6 12.0 350.0 
Mons 2006 12 5 339 11.4 15.0 1.8 1.3 1.5 7.4 12.7 350.0 
Mons 2006 12 6 340 7.5 9.9 4.2 0.3 0.0 5.3 9.6 350.0 
Mons 2006 12 7 341 5.2 11.3 1.3 0.4 7.7 7.6 10.4 350.0 
Mons 2006 12 8 342 6.6 11.7 1.0 0.7 8.7 7.0 10.4 350.0 
Mons 2006 12 9 343 3.1 8.8 4.9 0.0 0.5 1.9 8.2 350.0 
Mons 2006 12 10 344 -1.7 7.1 5.3 0.0 1.0 2.7 7.4 350.0 
Mons 2006 12 11 345 3.9 7.8 0.4 0.0 9.2 7.0 9.2 350.0 
Mons 2006 12 12 346 1.5 8.6 5.1 0.0 0.0 3.6 9.0 350.0 
Mons 2006 12 13 347 5.3 9.6 1.7 0.2 0.0 4.7 9.8 350.0 
Mons 2006 12 14 348 4.9 8.7 2.2 0.2 0.5 3.8 9.0 350.0 
Mons 2006 12 15 349 0.1 6.3 4.9 0.0 0.0 2.7 7.2 350.0 
Mons 2006 12 16 350 2.3 7.3 0.6 0.1 4.6 3.5 8.2 350.0 
Mons 2006 12 17 351 -1.3 5.6 2.9 0.0 0.5 1.1 7.1 350.0 
Mons 2006 12 18 352 -1.1 4.6 1.0 0.0 0.5 2.0 7.0 350.0 
Mons 2006 12 19 353 0.2 2.8 4.4 0.0 0.0 3.4 6.5 350.0 
Mons 2006 12 20 354 -1.4 2.8 4.8 0.0 0.5 2.7 6.1 350.0 
Mons 2006 12 21 355 -1.1 6.1 0.9 0.0 0.0 2.8 8.1 350.0 
Mons 2006 12 22 356 2.6 6.7 5.1 0.0 0.0 3.3 7.7 350.0 
Mons 2006 12 23 357 0.1 2.8 1.5 0.0 0.0 3.7 6.8 350.0 
Mons 2006 12 24 358 0.2 1.8 1.1 0.0 0.0 2.3 6.5 350.0 
Mons 2006 12 25 359 -0.8 0.8 1.1 0.0 0.0 2.8 6.1 350.0 
Mons 2006 12 26 360 -1.9 0.3 0.5 0.0 0.0 2.3 5.9 350.0 
Mons 2006 12 27 361 -0.8 0.3 0.5 0.0 0.0 2.7 6.0 350.0 
Mons 2006 12 28 362 -0.1 0.9 0.8 0.0 0.0 3.1 6.2 350.0 
Mons 2006 12 29 363 -2.6 8.2 3.3 0.2 0.5 4.2 6.4 350.0 
Mons 2006 12 30 364 4.7 12.2 0.9 0.8 6.2 8.2 9.8 350.0 
Mons 2006 12 31 365 7.1 13.7 2.3 0.8 6.2 6.9 11.0 350.0 
