prairie 1995  1  1   1     3.3    7.4    4.0    0.6    0.0 -999.9 -999.9  330.0
prairie 1995  1  2   2     1.6    4.7    2.3    0.8    0.5 -999.9 -999.9  330.0
prairie 1995  1  3   3    -4.7    4.0    8.5    0.0    0.0 -999.9 -999.9  330.0
prairie 1995  1  4   4    -3.4    2.6    8.4    0.0    0.5 -999.9 -999.9  330.0
prairie 1995  1  5   5    -6.4    7.0    5.9    0.0    9.5 -999.9 -999.9  330.0
prairie 1995  1  6   6    -0.1    7.4    1.8    0.0    2.5 -999.9 -999.9  330.0
prairie 1995  1  7   7     3.4    6.1    3.4    0.6    0.0 -999.9 -999.9  330.0
prairie 1995  1  8   8     1.8    7.2    4.4    0.5   16.0 -999.9 -999.9  330.0
prairie 1995  1  9   9     2.5    6.6    1.2    0.0    0.5 -999.9 -999.9  330.0
prairie 1995  1 10  10     5.1    9.3    3.2    0.6    1.5 -999.9 -999.9  330.0
prairie 1995  1 11  11     7.8   11.6    1.2    0.6   24.0 -999.9 -999.9  330.0
prairie 1995  1 12  12     1.9    4.1    5.1    0.9    0.0 -999.9 -999.9  330.0
prairie 1995  1 13  13     0.6    4.2    5.3    0.6    0.0 -999.9 -999.9  330.0
prairie 1995  1 14  14    -2.2    6.5    8.1    0.2    0.0 -999.9 -999.9  330.0
prairie 1995  1 15  15    -1.9    6.8    7.6    0.2    0.0 -999.9 -999.9  330.0
prairie 1995  1 16  16    -3.4    9.9    8.3    0.0    0.0 -999.9 -999.9  330.0
prairie 1995  1 17  17     7.8   12.3    7.0    1.5    0.0 -999.9 -999.9  330.0
prairie 1995  1 18  18     4.5   11.2    1.0    0.8   11.5 -999.9 -999.9  330.0
prairie 1995  1 19  19    -0.1   10.9    7.5    0.5    0.0 -999.9 -999.9  330.0
prairie 1995  1 20  20     4.8    7.9    1.4    0.4    0.5 -999.9 -999.9  330.0
prairie 1995  1 21  21    -0.1   12.2    8.0    0.4    0.5 -999.9 -999.9  330.0
prairie 1995  1 22  22     4.8   12.9    5.4    0.8    0.0 -999.9 -999.9  330.0
prairie 1995  1 23  23     6.9   14.3    3.8    0.9    2.5 -999.9 -999.9  330.0
prairie 1995  1 24  24     7.0   12.6    6.6    0.6    1.0 -999.9 -999.9  330.0
prairie 1995  1 25  25     7.7   18.2    8.8    0.7    0.5 -999.9 -999.9  330.0
prairie 1995  1 26  26     3.9   16.3    6.4    1.0    4.5 -999.9 -999.9  330.0
prairie 1995  1 27  27     3.3   13.6    8.8    0.7    1.5 -999.9 -999.9  330.0
prairie 1995  1 28  28     4.3   12.6    4.6    0.8    1.0 -999.9 -999.9  330.0
prairie 1995  1 29  29     3.5   13.2    6.6    0.4    9.0 -999.9 -999.9  330.0
prairie 1995  1 30  30     9.3   12.0    5.3    1.0    2.5 -999.9 -999.9  330.0
prairie 1995  1 31  31     6.2   12.7    7.8    0.6    0.0 -999.9 -999.9  330.0
prairie 1995  2  1  32     0.4   12.4   10.3    0.5    0.0 -999.9 -999.9  330.0
prairie 1995  2  2  33     4.5   11.1    4.9    0.7    0.5 -999.9 -999.9  330.0
prairie 1995  2  3  34    -0.5   12.6    8.6    0.4    0.0 -999.9 -999.9  330.0
prairie 1995  2  4  35    -2.4   13.4    8.9    0.3    1.0 -999.9 -999.9  330.0
prairie 1995  2  5  36     9.2   11.7    2.2    0.4    0.0 -999.9 -999.9  330.0
prairie 1995  2  6  37     7.7   16.1    6.9    0.8    0.0 -999.9 -999.9  330.0
prairie 1995  2  7  38     2.3   12.8    8.5    0.5    0.5 -999.9 -999.9  330.0
prairie 1995  2  8  39     1.7   18.5   10.0    0.8    1.0 -999.9 -999.9  330.0
prairie 1995  2  9  40     8.3   10.4    2.9    0.8    6.5 -999.9 -999.9  330.0
prairie 1995  2 10  41     2.8   10.7    2.9    0.3    3.5 -999.9 -999.9  330.0
prairie 1995  2 11  42     2.5   14.1   10.9    0.8    1.5 -999.9 -999.9  330.0
prairie 1995  2 12  43     8.2   13.0    6.7    1.0    0.0 -999.9 -999.9  330.0
prairie 1995  2 13  44     9.9   14.1    4.2    1.3    1.0 -999.9 -999.9  330.0
prairie 1995  2 14  45     7.6   15.7   10.1    1.1    3.0 -999.9 -999.9  330.0
prairie 1995  2 15  46     9.7   19.5    9.0    1.1    4.0 -999.9 -999.9  330.0
prairie 1995  2 16  47     9.7   15.1   11.7    2.0    0.0 -999.9 -999.9  330.0
prairie 1995  2 17  48     8.9   17.3   10.4    1.6    6.0 -999.9 -999.9  330.0
prairie 1995  2 18  49     6.6   10.8    9.1    1.5    0.5 -999.9 -999.9  330.0
prairie 1995  2 19  50     1.3   14.8   12.2    1.0    0.0 -999.9 -999.9  330.0
prairie 1995  2 20  51     1.4   18.8   13.6    1.6    0.0 -999.9 -999.9  330.0
prairie 1995  2 21  52     8.1   13.9    5.3    1.4    5.5 -999.9 -999.9  330.0
prairie 1995  2 22  53     4.9    8.8    6.9    1.2    0.0 -999.9 -999.9  330.0
prairie 1995  2 23  54     0.3   11.7    5.4    0.8    2.0 -999.9 -999.9  330.0
prairie 1995  2 24  55     8.9   13.3    3.7    1.2    4.0 -999.9 -999.9  330.0
prairie 1995  2 25  56    10.9   14.8    4.5    2.0   12.0 -999.9 -999.9  330.0
prairie 1995  2 26  57     5.8    9.2    8.9    1.9    0.5 -999.9 -999.9  330.0
prairie 1995  2 27  58     1.2    8.5   12.5    1.5    0.0 -999.9 -999.9  330.0
prairie 1995  2 28  59    -1.3   10.9   14.7    1.2    0.0 -999.9 -999.9  330.0
prairie 1995  3  1  60    -2.6   14.0   14.5    1.4    0.5 -999.9 -999.9  330.0
prairie 1995  3  2  61     6.0   12.6   10.3    1.7    0.5 -999.9 -999.9  330.0
prairie 1995  3  3  62     2.6   10.6    4.5    1.3    8.0 -999.9 -999.9  330.0
prairie 1995  3  4  63     2.3    6.6    5.6    1.0    1.0 -999.9 -999.9  330.0
prairie 1995  3  5  64     1.5   12.1    3.4    0.7    9.0 -999.9 -999.9  330.0
prairie 1995  3  6  65     4.1   10.8   11.4    1.8    4.0 -999.9 -999.9  330.0
prairie 1995  3  7  66     1.0   12.9   15.6    1.6    0.0 -999.9 -999.9  330.0
prairie 1995  3  8  67     3.6    9.0    8.3    1.4    1.5 -999.9 -999.9  330.0
prairie 1995  3  9  68     2.4   13.9   16.3    1.8    0.0 -999.9 -999.9  330.0
prairie 1995  3 10  69     8.0   14.2   11.8    3.3    0.0 -999.9 -999.9  330.0
prairie 1995  3 11  70     9.8   15.3   13.6    3.8    0.0 -999.9 -999.9  330.0
prairie 1995  3 12  71     4.0   17.7   16.4    2.1    0.0 -999.9 -999.9  330.0
prairie 1995  3 13  72     4.3   16.3   10.1    1.7    0.0 -999.9 -999.9  330.0
prairie 1995  3 14  73     8.3   15.0   15.2    3.2    0.0 -999.9 -999.9  330.0
prairie 1995  3 15  74     5.9   11.5    4.5    1.2    5.0 -999.9 -999.9  330.0
prairie 1995  3 16  75     5.7   13.2   12.6    2.1    0.0 -999.9 -999.9  330.0
prairie 1995  3 17  76     2.2   16.6   10.2    1.6    0.0 -999.9 -999.9  330.0
prairie 1995  3 18  77     9.8   16.0    7.7    2.0    0.0 -999.9 -999.9  330.0
prairie 1995  3 19  78     1.9   18.9   18.1    2.3    2.5 -999.9 -999.9  330.0
prairie 1995  3 20  79     5.4   12.4   19.3    2.8    0.0 -999.9 -999.9  330.0
prairie 1995  3 21  80    -1.9   14.1   19.5    2.0    0.0 -999.9 -999.9  330.0
prairie 1995  3 22  81    -1.7   15.4   20.3    2.9    0.0 -999.9 -999.9  330.0
prairie 1995  3 23  82     1.8   17.6   19.9    2.8    0.0 -999.9 -999.9  330.0
prairie 1995  3 24  83     1.5   21.5   18.5    2.7    0.0 -999.9 -999.9  330.0
prairie 1995  3 25  84     8.2   11.4    3.9    1.3    0.0 -999.9 -999.9  330.0
prairie 1995  3 26  85     7.3   15.6   12.9    2.5    0.0 -999.9 -999.9  330.0
prairie 1995  3 27  86     5.4   15.3    7.1    2.1    1.5 -999.9 -999.9  330.0
prairie 1995  3 28  87     1.2   11.6   15.7    2.7    0.0 -999.9 -999.9  330.0
prairie 1995  3 29  88     8.9   13.7    8.9    3.2    3.5 -999.9 -999.9  330.0
prairie 1995  3 30  89     0.7   11.0   21.2    2.9    0.0 -999.9 -999.9  330.0
prairie 1995  3 31  90    -3.2   13.5   16.3    2.2    0.0 -999.9 -999.9  330.0
prairie 1995  4  1  91     3.4   17.6   14.3    2.6    0.0 -999.9 -999.9  330.0
prairie 1995  4  2  92     2.9   22.8   20.8    2.8    0.0 -999.9 -999.9  330.0
prairie 1995  4  3  93     6.5   18.7   20.2    3.3    0.0 -999.9 -999.9  330.0
prairie 1995  4  4  94    10.5   22.3   20.4    3.7    0.0 -999.9 -999.9  330.0
prairie 1995  4  5  95     9.1   14.7    3.6    0.7    0.0 -999.9 -999.9  330.0
prairie 1995  4  6  96    11.1   16.1    9.1    2.5    0.0 -999.9 -999.9  330.0
prairie 1995  4  7  97     8.6   18.1   13.6    2.7    0.0 -999.9 -999.9  330.0
prairie 1995  4  8  98    10.1   21.4   20.4    3.9    0.0 -999.9 -999.9  330.0
prairie 1995  4  9  99     2.6   21.5   22.9    3.4    0.0 -999.9 -999.9  330.0
prairie 1995  4 10 100     2.7   23.0   22.5    3.4    0.0 -999.9 -999.9  330.0
prairie 1995  4 11 101     7.2   23.4   22.8    4.4    0.0 -999.9 -999.9  330.0
prairie 1995  4 12 102     4.0   24.6   22.7    3.7    0.0 -999.9 -999.9  330.0
prairie 1995  4 13 103     7.9   19.3   20.3    4.0    0.0 -999.9 -999.9  330.0
prairie 1995  4 14 104     6.2   19.2   23.0    4.4    0.0 -999.9 -999.9  330.0
prairie 1995  4 15 105     2.2   19.0   22.3    4.1    0.5 -999.9 -999.9  330.0
prairie 1995  4 16 106     9.2   13.6    6.3    2.4    4.0 -999.9 -999.9  330.0
prairie 1995  4 17 107     7.8   16.0   10.8    2.5    0.0 -999.9 -999.9  330.0
prairie 1995  4 18 108     6.1   17.2   11.5    2.1    0.0 -999.9 -999.9  330.0
prairie 1995  4 19 109     7.9   17.1    8.6    2.5    1.0 -999.9 -999.9  330.0
prairie 1995  4 20 110     6.4   12.4   14.9    2.5    0.0 -999.9 -999.9  330.0
prairie 1995  4 21 111     5.6   11.4    6.7    1.6    0.5 -999.9 -999.9  330.0
prairie 1995  4 22 112    -1.6   16.9   21.3    2.7    4.0 -999.9 -999.9  330.0
prairie 1995  4 23 113     3.1   17.0   22.3    3.3    1.0 -999.9 -999.9  330.0
prairie 1995  4 24 114     6.4    9.5    3.4    0.8   23.5 -999.9 -999.9  330.0
prairie 1995  4 25 115     6.6    8.8    3.1    0.7    3.0 -999.9 -999.9  330.0
prairie 1995  4 26 116     7.7   12.3    7.3    2.1    0.0 -999.9 -999.9  330.0
prairie 1995  4 27 117     3.5   18.5   23.6    3.2    0.0 -999.9 -999.9  330.0
prairie 1995  4 28 118     9.6   17.6   14.7    2.9    0.0 -999.9 -999.9  330.0
prairie 1995  4 29 119     8.1   17.0    6.9    1.9    0.0 -999.9 -999.9  330.0
prairie 1995  4 30 120     8.5   20.1   24.0    4.0    0.0 -999.9 -999.9  330.0
prairie 1995  5  1 121     4.9   25.0   25.7    4.0    0.0 -999.9 -999.9  330.0
prairie 1995  5  2 122     6.8   26.6   24.9    4.5    0.0 -999.9 -999.9  330.0
prairie 1995  5  3 123    10.5   24.8   23.5    5.0    0.0 -999.9 -999.9  330.0
prairie 1995  5  4 124    11.9   24.8   23.8    5.3    0.0 -999.9 -999.9  330.0
prairie 1995  5  5 125     6.0   27.1   26.7    5.0    0.0 -999.9 -999.9  330.0
prairie 1995  5  6 126     8.8   27.8   25.6    5.4    0.0 -999.9 -999.9  330.0
prairie 1995  5  7 127    13.0   27.1   25.9    5.9    0.0 -999.9 -999.9  330.0
prairie 1995  5  8 128    11.3   28.8   25.4    5.1    0.0 -999.9 -999.9  330.0
prairie 1995  5  9 129    15.4   26.8   23.2    5.7    0.0 -999.9 -999.9  330.0
prairie 1995  5 10 130    13.6   23.1   22.5    5.2    0.0 -999.9 -999.9  330.0
prairie 1995  5 11 131    12.3   20.4   13.7    3.1   20.5 -999.9 -999.9  330.0
prairie 1995  5 12 132    10.7   16.7   10.7    3.1    9.0 -999.9 -999.9  330.0
prairie 1995  5 13 133     6.1   13.1   18.2    3.9    2.0 -999.9 -999.9  330.0
prairie 1995  5 14 134     5.2   16.7   27.7    4.3    0.0 -999.9 -999.9  330.0
prairie 1995  5 15 135     5.6   15.3   11.5    2.4    1.5 -999.9 -999.9  330.0
prairie 1995  5 16 136    10.4   17.0   10.2    2.1    8.0 -999.9 -999.9  330.0
prairie 1995  5 17 137    12.1   19.7   17.8    3.8    3.5 -999.9 -999.9  330.0
prairie 1995  5 18 138    13.1   20.0   14.3    3.5    2.0 -999.9 -999.9  330.0
prairie 1995  5 19 139    11.1   16.3   17.3    3.6    0.0 -999.9 -999.9  330.0
prairie 1995  5 20 140     8.9   18.2   24.1    4.8    0.0 -999.9 -999.9  330.0
prairie 1995  5 21 141     5.8   21.2   28.0    4.4    0.0 -999.9 -999.9  330.0
prairie 1995  5 22 142     6.5   23.1   24.3    4.8    0.0 -999.9 -999.9  330.0
prairie 1995  5 23 143    12.8   22.5   25.7    7.0    0.0 -999.9 -999.9  330.0
prairie 1995  5 24 144    12.8   22.6   25.5    6.5    0.0 -999.9 -999.9  330.0
prairie 1995  5 25 145    13.5   16.6    2.8    1.0   25.5 -999.9 -999.9  330.0
prairie 1995  5 26 146    12.4   22.0   24.0    4.5    0.0 -999.9 -999.9  330.0
prairie 1995  5 27 147    12.6   26.2   24.2    5.2    0.0 -999.9 -999.9  330.0
prairie 1995  5 28 148    14.6   26.6   27.5    6.3    0.0 -999.9 -999.9  330.0
prairie 1995  5 29 149    15.7   19.8    9.6    3.1    1.0 -999.9 -999.9  330.0
prairie 1995  5 30 150    12.8   20.4   18.1    4.5    4.5 -999.9 -999.9  330.0
prairie 1995  5 31 151    11.4   19.6   17.5    4.7    0.0 -999.9 -999.9  330.0
prairie 1995  6  1 152    11.8   18.3   11.1    3.3    0.0 -999.9 -999.9  330.0
prairie 1995  6  2 153    11.3   19.3   13.9    3.1    0.5 -999.9 -999.9  330.0
prairie 1995  6  3 154    12.7   21.1   14.4    3.6    0.0 -999.9 -999.9  330.0
prairie 1995  6  4 155    13.2   21.5   14.3    3.5    0.0 -999.9 -999.9  330.0
prairie 1995  6  5 156    12.8   22.7   20.3    4.8    0.0 -999.9 -999.9  330.0
prairie 1995  6  6 157     8.7   23.6   27.6    5.1    0.0 -999.9 -999.9  330.0
prairie 1995  6  7 158     9.2   25.3   28.3    5.2    0.0 -999.9 -999.9  330.0
prairie 1995  6  8 159    10.4   24.9   18.9    4.2    0.0 -999.9 -999.9  330.0
prairie 1995  6  9 160    14.5   23.5   21.7    5.4    1.5 -999.9 -999.9  330.0
prairie 1995  6 10 161    12.3   17.0    9.6    2.6    4.5 -999.9 -999.9  330.0
prairie 1995  6 11 162    11.5   17.7   11.8    2.8    2.0 -999.9 -999.9  330.0
prairie 1995  6 12 163    12.4   18.7   14.5    2.9   10.5 -999.9 -999.9  330.0
prairie 1995  6 13 164    13.4   21.2   16.2    3.6    0.5 -999.9 -999.9  330.0
prairie 1995  6 14 165    12.6   21.6   23.0    4.7    0.0 -999.9 -999.9  330.0
prairie 1995  6 15 166     9.0   23.5   24.0    4.6    0.0 -999.9 -999.9  330.0
prairie 1995  6 16 167     9.2   24.1   27.3    4.9    0.0 -999.9 -999.9  330.0
prairie 1995  6 17 168     8.3   29.0   27.7    5.5    0.0 -999.9 -999.9  330.0
prairie 1995  6 18 169    15.5   27.0   23.3    5.3    0.0 -999.9 -999.9  330.0
prairie 1995  6 19 170    13.7   31.0   27.5    5.8    0.0 -999.9 -999.9  330.0
prairie 1995  6 20 171    18.5   28.5   23.7    6.6   20.0 -999.9 -999.9  330.0
prairie 1995  6 21 172    17.1   24.1    8.6    2.3    4.5 -999.9 -999.9  330.0
prairie 1995  6 22 173    18.3   25.4   12.7    3.3    0.0 -999.9 -999.9  330.0
prairie 1995  6 23 174    14.4   23.6   27.3    5.7    0.0 -999.9 -999.9  330.0
prairie 1995  6 24 175    10.1   23.9   27.3    5.1    0.0 -999.9 -999.9  330.0
prairie 1995  6 25 176     9.7   26.3   28.8    5.5    0.0 -999.9 -999.9  330.0
prairie 1995  6 26 177     9.7   30.1   25.0    5.0    0.0 -999.9 -999.9  330.0
prairie 1995  6 27 178    13.1   29.1   21.1    4.9    0.0 -999.9 -999.9  330.0
prairie 1995  6 28 179    15.2   30.7   18.3    4.4    7.0 -999.9 -999.9  330.0
prairie 1995  6 29 180    18.4   27.2   15.0    3.5    2.0 -999.9 -999.9  330.0
prairie 1995  6 30 181    16.6   32.5   26.1    5.8    0.0 -999.9 -999.9  330.0
prairie 1995  7  1 182    19.5   32.0   25.3    6.4    0.0 -999.9 -999.9  330.0
prairie 1995  7  2 183    16.7   29.5   20.7    4.9   18.0 -999.9 -999.9  330.0
prairie 1995  7  3 184    15.5   24.5   19.6    4.5    4.0 -999.9 -999.9  330.0
prairie 1995  7  4 185    14.1   21.6   17.3    3.8    0.5 -999.9 -999.9  330.0
prairie 1995  7  5 186    15.4   24.6   20.5    4.7    0.0 -999.9 -999.9  330.0
prairie 1995  7  6 187    13.0   27.4   25.2    4.9    0.0 -999.9 -999.9  330.0
prairie 1995  7  7 188    13.3   30.1   22.0    4.5    0.0 -999.9 -999.9  330.0
prairie 1995  7  8 189    15.6   29.1   25.9    6.4    0.0 -999.9 -999.9  330.0
prairie 1995  7  9 190    18.5   30.5   24.5    7.1    0.0 -999.9 -999.9  330.0
prairie 1995  7 10 191    18.0   30.1   20.9    5.4    0.0 -999.9 -999.9  330.0
prairie 1995  7 11 192    17.5   26.0   17.2    4.0    4.0 -999.9 -999.9  330.0
prairie 1995  7 12 193    13.7   30.9   27.8    5.5    0.0 -999.9 -999.9  330.0
prairie 1995  7 13 194    15.0   31.9   24.9    5.7   40.0 -999.9 -999.9  330.0
prairie 1995  7 14 195    16.9   25.9   19.5    4.1    0.0 -999.9 -999.9  330.0
prairie 1995  7 15 196    16.8   27.9   25.5    5.4    0.0 -999.9 -999.9  330.0
prairie 1995  7 16 197    20.1   25.2    9.0    2.9    0.0 -999.9 -999.9  330.0
prairie 1995  7 17 198    13.9   27.8   25.5    5.0    0.0 -999.9 -999.9  330.0
prairie 1995  7 18 199    16.7   28.1   24.9    5.2    0.0 -999.9 -999.9  330.0
prairie 1995  7 19 200    13.7   35.8   27.2    5.9    0.5 -999.9 -999.9  330.0
prairie 1995  7 20 201    17.7   33.5   22.4    6.6    0.0 -999.9 -999.9  330.0
prairie 1995  7 21 202    20.3   33.4   25.0    6.2    0.0 -999.9 -999.9  330.0
prairie 1995  7 22 203    19.4   23.9    8.0    2.5    0.0 -999.9 -999.9  330.0
prairie 1995  7 23 204    16.3   28.2   27.5    5.8    0.0 -999.9 -999.9  330.0
prairie 1995  7 24 205    12.0   33.3   27.0    5.3    0.0 -999.9 -999.9  330.0
prairie 1995  7 25 206    14.8   31.5   22.7    5.7    0.0 -999.9 -999.9  330.0
prairie 1995  7 26 207    17.7   31.0   17.1    4.3    0.0 -999.9 -999.9  330.0
prairie 1995  7 27 208    19.2   26.7   20.8    5.0    0.0 -999.9 -999.9  330.0
prairie 1995  7 28 209    15.1   29.2   25.8    5.3    0.0 -999.9 -999.9  330.0
prairie 1995  7 29 210    16.0   32.5   26.4    5.7    0.0 -999.9 -999.9  330.0
prairie 1995  7 30 211    19.3   30.4   19.8    5.1    0.0 -999.9 -999.9  330.0
prairie 1995  7 31 212    19.3   28.5   14.4    3.6    0.0 -999.9 -999.9  330.0
prairie 1995  8  1 213    15.3   31.8   23.4    5.0    0.0 -999.9 -999.9  330.0
prairie 1995  8  2 214    18.4   33.8   23.7    5.7    0.0 -999.9 -999.9  330.0
prairie 1995  8  3 215    17.8   31.2   19.2    4.4    0.0 -999.9 -999.9  330.0
prairie 1995  8  4 216    19.1   32.2   20.6    4.9   13.0 -999.9 -999.9  330.0
prairie 1995  8  5 217    17.0   28.6   17.3    3.8    0.0 -999.9 -999.9  330.0
prairie 1995  8  6 218    19.3   22.9    7.4    2.2    1.5 -999.9 -999.9  330.0
prairie 1995  8  7 219    16.3   25.6   18.1    4.0    0.0 -999.9 -999.9  330.0
prairie 1995  8  8 220    16.8   26.7   19.1    4.4    0.0 -999.9 -999.9  330.0
prairie 1995  8  9 221    14.0   28.5   22.7    4.4    0.0 -999.9 -999.9  330.0
prairie 1995  8 10 222    19.7   28.6   12.3    4.4    2.5 -999.9 -999.9  330.0
prairie 1995  8 11 223    17.3   30.6   20.3    4.5    0.0 -999.9 -999.9  330.0
prairie 1995  8 12 224    20.1   29.1   17.8    4.6    0.0 -999.9 -999.9  330.0
prairie 1995  8 13 225    19.2   27.1   16.0    4.1    0.0 -999.9 -999.9  330.0
prairie 1995  8 14 226    18.0   27.7   22.2    5.3    0.0 -999.9 -999.9  330.0
prairie 1995  8 15 227    15.9   26.6   23.6    5.1    0.0 -999.9 -999.9  330.0
prairie 1995  8 16 228    11.5   29.9   23.8    4.5    0.0 -999.9 -999.9  330.0
prairie 1995  8 17 229    12.3   31.1   24.0    4.9    0.0 -999.9 -999.9  330.0
prairie 1995  8 18 230    18.5   28.9   17.1    4.4    0.0 -999.9 -999.9  330.0
prairie 1995  8 19 231    17.9   28.9   20.5    4.7    0.0 -999.9 -999.9  330.0
prairie 1995  8 20 232    18.2   29.0   19.8    4.6    0.0 -999.9 -999.9  330.0
prairie 1995  8 21 233    18.9   27.4   13.4    3.8    0.0 -999.9 -999.9  330.0
prairie 1995  8 22 234    17.7   27.4   13.0    3.2    0.0 -999.9 -999.9  330.0
prairie 1995  8 23 235    15.4   27.8   16.3    3.6    0.0 -999.9 -999.9  330.0
prairie 1995  8 24 236    18.2   26.2   15.9    4.1    0.0 -999.9 -999.9  330.0
prairie 1995  8 25 237    16.8   25.0   12.1    3.7    0.0 -999.9 -999.9  330.0
prairie 1995  8 26 238    17.9   26.4   15.7    4.0    2.5 -999.9 -999.9  330.0
prairie 1995  8 27 239    15.8   24.8   11.9    3.3    0.0 -999.9 -999.9  330.0
prairie 1995  8 28 240    17.0   22.9   17.9    4.8    0.0 -999.9 -999.9  330.0
prairie 1995  8 29 241     6.1   24.2   22.4    3.8    0.0 -999.9 -999.9  330.0
prairie 1995  8 30 242     9.7   24.1   13.6    3.0    0.0 -999.9 -999.9  330.0
prairie 1995  8 31 243     6.8   23.4   22.4    3.7    0.0 -999.9 -999.9  330.0
prairie 1995  9  1 244     7.4   24.9   21.7    3.7    0.0 -999.9 -999.9  330.0
prairie 1995  9  2 245     7.2   25.7   21.0    3.5    0.0 -999.9 -999.9  330.0
prairie 1995  9  3 246     9.1   25.6   17.0    3.5    0.0 -999.9 -999.9  330.0
prairie 1995  9  4 247    12.1   23.1   13.4    2.9    0.0 -999.9 -999.9  330.0
prairie 1995  9  5 248    13.0   22.0   12.2    2.7    0.0 -999.9 -999.9  330.0
prairie 1995  9  6 249    12.3   27.7   17.8    4.2    0.0 -999.9 -999.9  330.0
prairie 1995  9  7 250    18.5   29.9   18.9    5.8    1.0 -999.9 -999.9  330.0
prairie 1995  9  8 251    14.1   22.6   13.1    3.5    0.0 -999.9 -999.9  330.0
prairie 1995  9  9 252     8.6   26.0   20.3    3.3    0.0 -999.9 -999.9  330.0
prairie 1995  9 10 253    15.4   26.0   16.3    4.0    6.0 -999.9 -999.9  330.0
prairie 1995  9 11 254    16.2   21.8    9.7    2.3    0.0 -999.9 -999.9  330.0
prairie 1995  9 12 255    13.8   17.2    3.3    0.8    9.5 -999.9 -999.9  330.0
prairie 1995  9 13 256    11.6   19.0   12.8    2.4   10.0 -999.9 -999.9  330.0
prairie 1995  9 14 257     9.2   20.1    5.9    1.3    2.5 -999.9 -999.9  330.0
prairie 1995  9 15 258    11.7   22.3   14.4    2.8    0.0 -999.9 -999.9  330.0
prairie 1995  9 16 259    10.7   22.5   14.7    2.6    0.0 -999.9 -999.9  330.0
prairie 1995  9 17 260    11.6   19.0    5.2    1.1   16.5 -999.9 -999.9  330.0
prairie 1995  9 18 261    14.2   17.3    4.8    1.1   26.0 -999.9 -999.9  330.0
prairie 1995  9 19 262    12.4   18.0    5.9    1.4   21.5 -999.9 -999.9  330.0
prairie 1995  9 20 263    13.4   18.9    5.4    1.6    1.0 -999.9 -999.9  330.0
prairie 1995  9 21 264    13.4   20.7   14.1    2.7    0.5 -999.9 -999.9  330.0
prairie 1995  9 22 265     7.1   19.2   13.9    2.1    0.0 -999.9 -999.9  330.0
prairie 1995  9 23 266    10.2   21.4   16.4    2.8    0.0 -999.9 -999.9  330.0
prairie 1995  9 24 267    11.2   20.1   11.3    2.2    1.5 -999.9 -999.9  330.0
prairie 1995  9 25 268    10.3   17.0   13.4    2.7    0.5 -999.9 -999.9  330.0
prairie 1995  9 26 269     6.2   18.8   16.9    2.2    0.5 -999.9 -999.9  330.0
prairie 1995  9 27 270     4.7   21.7   16.6    2.2    1.5 -999.9 -999.9  330.0
prairie 1995  9 28 271    13.6   19.8   11.4    2.6    1.0 -999.9 -999.9  330.0
prairie 1995  9 29 272     7.1   17.8   15.1    2.1    0.0 -999.9 -999.9  330.0
prairie 1995  9 30 273     7.5   19.2    9.4    1.4    4.5 -999.9 -999.9  330.0
prairie 1995 10  1 274    15.7   21.2    7.0    1.4    2.0 -999.9 -999.9  330.0
prairie 1995 10  2 275    10.8   24.8   15.0    2.6    3.0 -999.9 -999.9  330.0
prairie 1995 10  3 276    17.4   22.4    8.9    2.2    0.5 -999.9 -999.9  330.0
prairie 1995 10  4 277    17.7   24.1   13.2    3.4    0.5 -999.9 -999.9  330.0
prairie 1995 10  5 278    14.0   18.3    5.7    1.3    4.5 -999.9 -999.9  330.0
prairie 1995 10  6 279    10.2   22.7   14.0    2.1    0.0 -999.9 -999.9  330.0
prairie 1995 10  7 280    13.7   23.5   14.8    2.8    0.0 -999.9 -999.9  330.0
prairie 1995 10  8 281    14.7   23.6   15.2    3.1    0.0 -999.9 -999.9  330.0
prairie 1995 10  9 282    16.8   24.5   13.5    3.2    0.0 -999.9 -999.9  330.0
prairie 1995 10 10 283    13.5   24.3   12.2    2.7    0.0 -999.9 -999.9  330.0
prairie 1995 10 11 284    15.5   23.9   14.4    3.3    0.0 -999.9 -999.9  330.0
prairie 1995 10 12 285    12.9   23.7   12.5    2.7    0.0 -999.9 -999.9  330.0
prairie 1995 10 13 286    15.6   21.7   13.2    2.7    0.0 -999.9 -999.9  330.0
prairie 1995 10 14 287    13.3   24.7   12.2    2.1   20.0 -999.9 -999.9  330.0
prairie 1995 10 15 288    14.6   19.3    7.5    1.4    0.5 -999.9 -999.9  330.0
prairie 1995 10 16 289     9.2   22.1   11.6    1.5    0.0 -999.9 -999.9  330.0
prairie 1995 10 17 290    14.2   22.7   12.8    2.1    0.0 -999.9 -999.9  330.0
prairie 1995 10 18 291     7.6   20.3    7.6    0.9    2.0 -999.9 -999.9  330.0
prairie 1995 10 19 292    15.9   20.3    6.6    1.3    0.0 -999.9 -999.9  330.0
prairie 1995 10 20 293    11.3   18.8    8.0    1.3    0.0 -999.9 -999.9  330.0
prairie 1995 10 21 294     9.1   15.8   12.0    1.5    0.0 -999.9 -999.9  330.0
prairie 1995 10 22 295     4.4   19.6   12.5    1.3    0.0 -999.9 -999.9  330.0
prairie 1995 10 23 296    10.7   20.9   11.9    2.0    0.0 -999.9 -999.9  330.0
prairie 1995 10 24 297    14.7   22.7   11.2    2.7    0.0 -999.9 -999.9  330.0
prairie 1995 10 25 298    14.9   22.1    6.7    1.6    0.0 -999.9 -999.9  330.0
prairie 1995 10 26 299    16.8   22.4    9.5    2.4    0.0 -999.9 -999.9  330.0
prairie 1995 10 27 300    16.4   24.1   10.7    2.1    0.0 -999.9 -999.9  330.0
prairie 1995 10 28 301    11.3   25.5   10.8    1.7    0.0 -999.9 -999.9  330.0
prairie 1995 10 29 302    14.1   20.9    7.5    1.5    0.0 -999.9 -999.9  330.0
prairie 1995 10 30 303    12.2   20.2    9.8    1.3    0.0 -999.9 -999.9  330.0
prairie 1995 10 31 304     5.6   21.5   10.6    0.9    0.0 -999.9 -999.9  330.0
prairie 1995 11  1 305     8.3   21.6    8.6    1.0    0.0 -999.9 -999.9  330.0
prairie 1995 11  2 306     8.5   14.0    6.2    1.2    0.0 -999.9 -999.9  330.0
prairie 1995 11  3 307     4.5   13.9    9.7    1.1    0.0 -999.9 -999.9  330.0
prairie 1995 11  4 308     6.9   12.2    5.8    1.6    0.0 -999.9 -999.9  330.0
prairie 1995 11  5 309    -3.6   13.7   11.7    0.6    0.0 -999.9 -999.9  330.0
prairie 1995 11  6 310    -4.5   16.8   11.4    0.6    0.0 -999.9 -999.9  330.0
prairie 1995 11  7 311    -2.9   16.8    9.1    0.6    0.0 -999.9 -999.9  330.0
prairie 1995 11  8 312    -1.7   16.3    9.8    0.6    0.0 -999.9 -999.9  330.0
prairie 1995 11  9 313    -0.8   15.3    9.3    0.8    0.0 -999.9 -999.9  330.0
prairie 1995 11 10 314    11.4   17.8    4.7    1.7    0.0 -999.9 -999.9  330.0
prairie 1995 11 11 315    15.9   19.3    5.3    3.1    0.0 -999.9 -999.9  330.0
prairie 1995 11 12 316    11.8   16.0    4.4    1.1    1.5 -999.9 -999.9  330.0
prairie 1995 11 13 317     9.0   14.9    5.9    1.1    0.0 -999.9 -999.9  330.0
prairie 1995 11 14 318     3.7   13.5    8.9    0.3    0.0 -999.9 -999.9  330.0
prairie 1995 11 15 319     3.8   16.2    6.7    0.8    0.0 -999.9 -999.9  330.0
prairie 1995 11 16 320    11.7   19.9    3.4    1.2    0.5 -999.9 -999.9  330.0
prairie 1995 11 17 321    10.0   17.0    3.9    1.1    3.5 -999.9 -999.9  330.0
prairie 1995 11 18 322     4.8    7.3    6.0    0.7    0.0 -999.9 -999.9  330.0
prairie 1995 11 19 323    -3.8    7.9    9.6    0.1    0.0 -999.9 -999.9  330.0
prairie 1995 11 20 324    -6.0   13.0    9.0    0.2    0.5 -999.9 -999.9  330.0
prairie 1995 11 21 325     4.1   14.8    7.0    1.1   10.0 -999.9 -999.9  330.0
prairie 1995 11 22 326     9.3    9.6    1.8    0.2   14.0 -999.9 -999.9  330.0
prairie 1995 11 23 327     7.5   11.1    3.0    0.3    0.0 -999.9 -999.9  330.0
prairie 1995 11 24 328     5.4   13.5    5.9    0.2    0.0 -999.9 -999.9  330.0
prairie 1995 11 25 329    11.4   15.5    5.5    1.3    0.0 -999.9 -999.9  330.0
prairie 1995 11 26 330     8.4    9.8    1.0    0.4    0.5 -999.9 -999.9  330.0
prairie 1995 11 27 331     0.2   13.8    8.1    0.1    0.0 -999.9 -999.9  330.0
prairie 1995 11 28 332    -1.0   11.6    7.7    0.1    0.5 -999.9 -999.9  330.0
prairie 1995 11 29 333     4.7   13.1    6.7    0.5    0.0 -999.9 -999.9  330.0
prairie 1995 11 30 334    10.3   14.9    8.1    1.2    0.0 -999.9 -999.9  330.0
prairie 1995 12  1 335     6.8   13.6    5.7    0.4    0.0 -999.9 -999.9  330.0
prairie 1995 12  2 336     3.2    9.1    1.9    0.1   24.5 -999.9 -999.9  330.0
prairie 1995 12  3 337     8.7   11.8    1.0    0.1    6.5 -999.9 -999.9  330.0
prairie 1995 12  4 338     9.9   10.3    1.8    0.3   13.0 -999.9 -999.9  330.0
prairie 1995 12  5 339     1.9    4.0    3.8    0.4    0.0 -999.9 -999.9  330.0
prairie 1995 12  6 340     0.2    5.7    5.5    0.2    0.0 -999.9 -999.9  330.0
prairie 1995 12  7 341     1.3    6.3    3.7    0.3    1.5 -999.9 -999.9  330.0
prairie 1995 12  8 342     4.1   10.9    1.3    0.3    2.0 -999.9 -999.9  330.0
prairie 1995 12  9 343     6.9   13.2    5.0    0.3    0.0 -999.9 -999.9  330.0
prairie 1995 12 10 344     9.1   12.9    4.7    0.8    0.0 -999.9 -999.9  330.0
prairie 1995 12 11 345     4.0   11.8    6.9    0.1    0.0 -999.9 -999.9  330.0
prairie 1995 12 12 346     0.3   12.3    6.4    0.2    0.0 -999.9 -999.9  330.0
prairie 1995 12 13 347     0.1    4.5    5.6    0.5    0.0 -999.9 -999.9  330.0
prairie 1995 12 14 348    -1.9   -1.3    2.5    0.3    0.0 -999.9 -999.9  330.0
prairie 1995 12 15 349    -6.5   12.5    1.7    0.6    0.5 -999.9 -999.9  330.0
prairie 1995 12 16 350     6.3   14.3    2.8    0.1    0.0 -999.9 -999.9  330.0
prairie 1995 12 17 351     6.7   15.5    5.9    0.3    0.0 -999.9 -999.9  330.0
prairie 1995 12 18 352     1.3    9.7    4.0    0.1    0.0 -999.9 -999.9  330.0
prairie 1995 12 19 353     0.3   12.5    5.7    0.1    0.0 -999.9 -999.9  330.0
prairie 1995 12 20 354    -0.8   15.3    6.5    0.0    0.0 -999.9 -999.9  330.0
prairie 1995 12 21 355     0.3   16.1    5.7    0.1    0.0 -999.9 -999.9  330.0
prairie 1995 12 22 356     6.8   12.5    2.8    0.2    1.0 -999.9 -999.9  330.0
prairie 1995 12 23 357     8.0   16.2    6.6    0.5    0.0 -999.9 -999.9  330.0
prairie 1995 12 24 358     6.6   15.7    4.5    0.2   13.0 -999.9 -999.9  330.0
prairie 1995 12 25 359    12.0   15.5    3.4    0.4    4.5 -999.9 -999.9  330.0
prairie 1995 12 26 360     7.8   13.9    2.5    0.7    7.0 -999.9 -999.9  330.0
prairie 1995 12 27 361    -1.0    3.0    3.6    0.3    1.5 -999.9 -999.9  330.0
prairie 1995 12 28 362     1.2   12.7    5.4    0.5    0.5 -999.9 -999.9  330.0
prairie 1995 12 29 363     5.1   11.6    4.3    0.3    0.0 -999.9 -999.9  330.0
prairie 1995 12 30 364     9.3   13.8    6.2    0.6    1.0 -999.9 -999.9  330.0
prairie 1995 12 31 365     3.8   12.0    2.5    0.2    2.0 -999.9 -999.9  330.0
