reading 2004  1  1   1     1.8    8.4    1.1 -999.9    5.4    2.8   13.8  330.0
reading 2004  1  2   2    -2.4    6.4    1.0 -999.9    1.8    2.0   11.0  330.0
reading 2004  1  3   3    -4.1    5.0    1.7 -999.9    0.4    1.1    9.8  330.0
reading 2004  1  4   4     0.3    8.7    1.7 -999.9    0.2    1.0   13.0  330.0
reading 2004  1  5   5     0.6   10.6    1.2 -999.9    0.8    1.8   14.0  330.0
reading 2004  1  6   6     3.0   12.5    3.2 -999.9    3.0    3.3   15.9  330.0
reading 2004  1  7   7     2.3   10.4    2.1 -999.9    0.2    2.4   14.4  330.0
reading 2004  1  8   8     4.3   11.1    1.9 -999.9   12.0    4.1   14.6  330.0
reading 2004  1  9   9     2.3    9.7    2.8 -999.9    0.0    3.4   13.0  330.0
reading 2004  1 10  10     1.5   12.0    1.6 -999.9    1.0    1.7   13.5  330.0
reading 2004  1 11  11     3.7   11.7    2.5 -999.9    9.0    5.3   13.5  330.0
reading 2004  1 12  12     3.0    8.6    2.1 -999.9    8.2    2.5   11.1  330.0
reading 2004  1 13  13     4.8   10.9    3.2 -999.9    3.4    6.4   12.5  330.0
reading 2004  1 14  14     1.5    7.1    1.5 -999.9    3.0    3.1    9.5  330.0
reading 2004  1 15  15    -0.6    9.0    3.0 -999.9    4.6    3.7    9.1  330.0
reading 2004  1 16  16     1.0    9.0    3.6 -999.9    0.8    5.3    9.5  330.0
reading 2004  1 17  17    -3.1    8.5    4.1 -999.9    0.0    1.9    8.0  330.0
reading 2004  1 18  18    -2.7    9.0    5.0 -999.9    0.0    1.6    8.2  330.0
reading 2004  1 19  19     4.6   10.9    1.8 -999.9    1.0    4.0   11.3  330.0
reading 2004  1 20  20     8.2   10.4    1.1 -999.9    2.6    1.9   12.3  330.0
reading 2004  1 21  21     5.8    9.9    1.6 -999.9    0.0    1.5   11.2  330.0
reading 2004  1 22  22     5.4    8.8    1.0 -999.9    6.2    1.3   10.0  330.0
reading 2004  1 23  23     6.4    8.4    1.0 -999.9    4.4    0.5    9.8  330.0
reading 2004  1 24  24     1.2   10.6    5.8 -999.9    0.2    2.3    8.7  330.0
reading 2004  1 25  25    -3.2    9.9    4.8 -999.9    0.0    0.3    7.3  330.0
reading 2004  1 26  26     0.3    5.5    2.4 -999.9    0.0    2.5    7.0  330.0
reading 2004  1 27  27     0.2    6.8    4.2 -999.9    0.0    2.3    7.3  330.0
reading 2004  1 28  28    -3.9    6.2    4.0 -999.9    0.6    4.1    6.2  330.0
reading 2004  1 29  29    -3.8    5.7    6.1 -999.9    3.0    2.5    5.8  330.0
reading 2004  1 30  30    -1.4    6.9    0.7 -999.9    0.2    3.0    6.7  330.0
reading 2004  1 31  31     7.2   11.7    1.0 -999.9    8.4    5.9    9.7  330.0
reading 2004  2  1  32     6.9   11.2    3.5 -999.9    8.0    3.7    8.5  330.0
reading 2004  2  2  33     9.4   14.5    2.4 -999.9    0.8    3.5   10.3  330.0
reading 2004  2  3  34    11.2   14.8    1.4 -999.9    2.2    6.9   10.9  330.0
reading 2004  2  4  35    11.4   15.8    4.0 -999.9    1.8    5.5   11.1  330.0
reading 2004  2  5  36     9.6   14.3    2.2 -999.9    0.4    3.4   10.0  330.0
reading 2004  2  6  37     6.7   11.3    1.5 -999.9    6.0    3.4    7.6  330.0
reading 2004  2  7  38     5.3   11.2    6.7 -999.9    0.2    5.8    7.2  330.0
reading 2004  2  8  39    -1.3    9.9    5.6 -999.9    0.0    4.7    5.5  330.0
reading 2004  2  9  40    -4.6    8.2    7.3 -999.9    0.0    0.7    4.6  330.0
reading 2004  2 10  41    -1.0   10.0    5.2 -999.9    0.0    2.5    5.5  330.0
reading 2004  2 11  42     6.1   13.2    3.2 -999.9    0.0    1.1    7.9  330.0
reading 2004  2 12  43     6.1   11.8    3.5 -999.9    0.2    0.2    7.5  330.0
reading 2004  2 13  44     6.0    9.7    1.4 -999.9    0.0    0.4    7.0  330.0
reading 2004  2 14  45     4.4   11.0    4.9 -999.9    0.6    0.6    6.9  330.0
reading 2004  2 15  46     3.8   10.5    3.4 -999.9    0.6    0.8    6.6  330.0
reading 2004  2 16  47     1.8    9.2    3.1 -999.9    0.0    0.3    5.9  330.0
reading 2004  2 17  48     3.4    8.4    2.4 -999.9    2.0    0.7    5.9  330.0
reading 2004  2 18  49     2.1    9.3    4.8 -999.9    0.0    2.1    5.9  330.0
reading 2004  2 19  50     1.9    8.9    9.1 -999.9    0.2    3.8    5.7  330.0
reading 2004  2 20  51    -2.7    4.9    3.2 -999.9    0.0    4.0    4.3  330.0
reading 2004  2 21  52    -3.1    7.8    6.6 -999.9    0.2    2.7    4.7  330.0
reading 2004  2 22  53    -0.5    7.1    4.9 -999.9    0.0    3.8    5.0  330.0
reading 2004  2 23  54    -3.7    8.1    9.6 -999.9    0.0    2.3    4.7  330.0
reading 2004  2 24  55    -5.0    6.9    4.0 -999.9    2.2    1.7    4.1  330.0
reading 2004  2 25  56    -4.5    5.4    8.8 -999.9    0.0    1.5    4.0  330.0
reading 2004  2 26  57    -4.6    7.1    8.6 -999.9    0.0    1.4    4.2  330.0
reading 2004  2 27  58    -5.3    6.6    9.9 -999.9    0.0    2.2    4.1  330.0
reading 2004  2 28  59    -3.6    4.8    3.6 -999.9    0.0    1.4    4.1  330.0
reading 2004  2 29  60    -4.0    8.1    6.9 -999.9    0.0    2.0    4.5  330.0
reading 2004  3  1  61    -6.2   10.2   10.7 -999.9    0.0    0.5    4.5  330.0
reading 2004  3  2  62    -7.4   10.4   11.6 -999.9    0.0    1.3    4.4  330.0
reading 2004  3  3  63    -5.3   10.7    7.8 -999.9    1.4    1.7    4.7  330.0
reading 2004  3  4  64     3.9   10.5    3.6 -999.9    0.2    0.1    6.5  330.0
reading 2004  3  5  65     1.2   12.8    7.3 -999.9    0.0    0.6    6.4  330.0
reading 2004  3  6  66     2.7   11.7    5.3 -999.9    0.0    1.2    6.5  330.0
reading 2004  3  7  67    -0.3   10.5    7.7 -999.9    1.8    1.7    5.5  330.0
reading 2004  3  8  68    -0.9   10.7    6.8 -999.9    0.0    1.6    5.5  330.0
reading 2004  3  9  69     1.2    9.8    8.5 -999.9    0.0    2.9    5.8  330.0
reading 2004  3 10  70    -1.3    7.6    7.2 -999.9    0.0    1.8    5.0  330.0
reading 2004  3 11  71    -0.5    6.9    5.7 -999.9    0.0    2.3    5.1  330.0
reading 2004  3 12  72    -0.5    5.7    2.3 -999.9   14.2    1.9    3.8  330.0
reading 2004  3 13  73     2.9   12.5   12.6 -999.9    2.6    3.9    5.3  330.0
reading 2004  3 14  74     6.5   11.2    3.2 -999.9    6.2    6.3    5.1  330.0
reading 2004  3 15  75     7.8   13.3    3.9 -999.9    0.8    4.9    5.8  330.0
reading 2004  3 16  76     9.2   17.9   11.8 -999.9    0.0    4.2    7.3  330.0
reading 2004  3 17  77     4.0   14.9    6.7 -999.9    0.0    1.3    5.7  330.0
reading 2004  3 18  78     3.6   14.9    6.0 -999.9    0.2    3.2    5.7  330.0
reading 2004  3 19  79     6.5   12.4    5.1 -999.9    6.6    6.2    5.1  330.0
reading 2004  3 20  80     7.4   13.1    4.1 -999.9    2.8    7.6    5.2  330.0
reading 2004  3 21  81     5.9   12.3   12.7 -999.9    0.2    7.0    5.0  330.0
reading 2004  3 22  82     2.6   11.4   10.4 -999.9    0.8    2.8    4.4  330.0
reading 2004  3 23  83     1.7   11.2   10.6 -999.9    3.0    2.0    4.0  330.0
reading 2004  3 24  84     0.2   11.5    8.1 -999.9    1.2    2.4    3.8  330.0
reading 2004  3 25  85    -1.3   11.0   10.5 -999.9    0.2    1.2    3.6  330.0
reading 2004  3 26  86    -0.7   12.3   10.6 -999.9    0.2    1.3    4.0  330.0
reading 2004  3 27  87     4.6   10.3    4.3 -999.9    0.2    1.1    4.5  330.0
reading 2004  3 28  88     5.0    9.8    4.2 -999.9    0.0    2.2    4.6  330.0
reading 2004  3 29  89     1.0   15.7    6.9 -999.9    0.0    0.8    5.0  330.0
reading 2004  3 30  90     1.4   16.6   18.0 -999.9    0.0    3.1    5.5  330.0
reading 2004  3 31  91     2.4   20.1   14.7 -999.9    0.0    1.0    6.6  330.0
reading 2004  4  1  92     7.8   17.7    9.3 -999.9    1.4    1.2    7.3  330.0
reading 2004  4  2  93     7.1   18.5   11.3 -999.9    1.0    0.6    7.4  330.0
reading 2004  4  3  94     3.9   14.0    6.8 -999.9    3.6    4.0    5.4  330.0
reading 2004  4  4  95     6.0   14.0   12.8 -999.9    9.4    5.4    4.9  330.0
reading 2004  4  5  96     4.9   12.4   10.1 -999.9    1.8    4.5    4.5  330.0
reading 2004  4  6  97     3.0   10.8   12.2 -999.9    8.2    2.5    3.3  330.0
reading 2004  4  7  98     2.1   12.5   13.1 -999.9    0.2    2.1    3.5  330.0
reading 2004  4  8  99     1.2   12.6   12.3 -999.9    0.2    1.5    3.5  330.0
reading 2004  4  9 100     0.6   15.5   18.5 -999.9    0.0    1.0    4.0  330.0
reading 2004  4 10 101     5.6   12.6    6.6 -999.9    1.2    1.3    4.3  330.0
reading 2004  4 11 102     0.1   15.1    8.7 -999.9    0.2    0.2    4.0  330.0
reading 2004  4 12 103     3.3   19.9   12.3 -999.9    0.0    0.4    5.5  330.0
reading 2004  4 13 104     3.8   18.7   11.0 -999.9    0.0    1.2    5.6  330.0
reading 2004  4 14 105    -0.3   18.4   17.1 -999.9    0.0    1.3    5.1  330.0
reading 2004  4 15 106     1.3   15.9    9.8 -999.9    0.0    1.8    5.1  330.0
reading 2004  4 16 107     3.1   21.3   18.7 -999.9    0.0    0.9    6.8  330.0
reading 2004  4 17 108     6.2   15.9   15.3 -999.9    1.2    2.9    6.5  330.0
reading 2004  4 18 109     3.7   12.5    4.4 -999.9   19.0    2.5    3.4  330.0
reading 2004  4 19 110     0.5   14.5   17.1 -999.9    0.4    1.8    3.4  330.0
reading 2004  4 20 111    -1.6   15.0   12.0 -999.9    1.2    1.4    3.3  330.0
reading 2004  4 21 112     7.4   14.6    4.4 -999.9    7.2    3.0    3.6  330.0
reading 2004  4 22 113     1.1   19.5   16.1 -999.9    0.0    1.3    3.7  330.0
reading 2004  4 23 114     2.1   22.4   23.3 -999.9    0.0    0.7    4.6  330.0
reading 2004  4 24 115     3.5   26.0   22.3 -999.9    0.0    0.5    6.0  330.0
reading 2004  4 25 116     5.4   23.9   18.8 -999.9    0.0    0.7    6.5  330.0
reading 2004  4 26 117     3.7   24.1   20.7 -999.9    0.0    0.6    6.7  330.0
reading 2004  4 27 118     8.2   18.5   14.4 -999.9    6.6    2.1    5.8  330.0
reading 2004  4 28 119     8.8   12.9    3.7 -999.9    8.8    2.9    3.9  330.0
reading 2004  4 29 120     5.8   10.0    4.4 -999.9    5.0    2.4    2.8  330.0
reading 2004  4 30 121     7.1   12.2    2.2 -999.9    4.2    1.9    2.7  330.0
reading 2004  5  1 122     8.4   14.5    4.8 -999.9    0.2    1.0    3.2  330.0
reading 2004  5  2 123     6.7   21.0   18.8 -999.9    0.2    1.2    4.2  330.0
reading 2004  5  3 124     7.0   15.7    8.6 -999.9    8.2    1.4    2.7  330.0
reading 2004  5  4 125     6.8   14.3    8.4 -999.9    0.0    1.2    2.7  330.0
reading 2004  5  5 126     7.1   12.5    8.1 -999.9    0.0    2.1    2.8  330.0
reading 2004  5  6 127     5.4   13.5    8.9 -999.9    0.0    1.3    2.9  330.0
reading 2004  5  7 128     5.7   15.0    6.4 -999.9    0.0    1.8    3.3  330.0
reading 2004  5  8 129     5.7   11.1    3.9 -999.9    1.6    2.3    2.8  330.0
reading 2004  5  9 130    10.0   16.1    6.4 -999.9    0.6    1.2    4.0  330.0
reading 2004  5 10 131    12.1   19.0    5.1 -999.9    0.0    0.6    4.9  330.0
reading 2004  5 11 132     8.2   17.1   16.2 -999.9    0.0    1.2    4.5  330.0
reading 2004  5 12 133     7.0   13.8    8.9 -999.9    0.0    1.5    4.1  330.0
reading 2004  5 13 134     5.1   18.4   16.4 -999.9    0.0    0.5    4.8  330.0
reading 2004  5 14 135     8.4   20.1   18.0 -999.9    0.0    0.7    6.2  330.0
reading 2004  5 15 136     7.5   21.7   22.7 -999.9    0.0    0.7    6.9  330.0
reading 2004  5 16 137     8.5   23.9   22.1 -999.9    0.0    0.6    8.4  330.0
reading 2004  5 17 138     7.0   24.4   24.6 -999.9    0.0    0.7    8.9  330.0
reading 2004  5 18 139     8.9   22.6   24.0 -999.9    0.0    0.7    9.7  330.0
reading 2004  5 19 140     7.5   23.7   25.0 -999.9    0.0    0.5   10.4  330.0
reading 2004  5 20 141    12.2   16.4   16.9 -999.9    0.0    0.3   10.0  330.0
reading 2004  5 21 142     7.7   16.1   14.6 -999.9    0.0    2.1    8.9  330.0
reading 2004  5 22 143     4.0   16.5   21.6 -999.9    0.0    1.6    8.5  330.0
reading 2004  5 23 144     2.4   19.6   22.6 -999.9    0.0    0.5    9.3  330.0
reading 2004  5 24 145     3.8   20.2   21.3 -999.9    0.0    0.7   10.5  330.0
reading 2004  5 25 146     9.4   19.8   20.2 -999.9    0.0    0.7   13.0  330.0
reading 2004  5 26 147    10.5   18.2   18.4 -999.9    0.0    1.2   13.4  330.0
reading 2004  5 27 148     9.0   17.7   22.2 -999.9    0.0    1.5   13.1  330.0
reading 2004  5 28 149     5.5   20.3   18.6 -999.9    0.0    1.5   13.3  330.0
reading 2004  5 29 150    12.3   18.6    9.2 -999.9    0.0    1.5   16.1  330.0
reading 2004  5 30 151     8.9   17.9   14.2 -999.9    0.0    1.3   14.5  330.0
reading 2004  5 31 152     5.9   19.8   20.4 -999.9    0.0    1.4   14.5  330.0
reading 2004  6  1 153    11.3   17.6    8.8 -999.9    0.0    0.8   16.4  330.0
reading 2004  6  2 154    10.4   20.0   24.7 -999.9    0.0    1.7   18.0  330.0
reading 2004  6  3 155    16.6   20.5   19.2 -999.9    0.0    2.1   23.3  330.0
reading 2004  6  4 156    15.1   23.4   20.1 -999.9    0.0    2.1   25.3  330.0
reading 2004  6  5 157    13.0   21.2    9.7 -999.9    0.0    1.1   22.6  330.0
reading 2004  6  6 158    11.8   23.6   13.9 -999.9    0.0    1.4   24.1  330.0
reading 2004  6  7 159    10.7   27.4   23.9 -999.9    0.0    0.9   27.4  330.0
reading 2004  6  8 160    11.4   29.3   25.3 -999.9    0.0    1.8   31.0  330.0
reading 2004  6  9 161    14.4   23.0   17.7 -999.9    0.0    2.4   28.9  330.0
reading 2004  6 10 162    14.0   23.4   17.9 -999.9    0.0    2.7   29.8  330.0
reading 2004  6 11 163    12.2   21.1   21.6 -999.9    0.0    3.2   27.1  330.0
reading 2004  6 12 164    10.1   21.2   19.2 -999.9    0.0    2.1   26.2  330.0
reading 2004  6 13 165     9.1   24.9   29.1 -999.9    0.0    1.1   29.6  330.0
reading 2004  6 14 166    12.4   28.2   26.1 -999.9    0.0    1.2   37.8  330.0
reading 2004  6 15 167    12.1   26.0   27.3 -999.9    0.0    2.0   36.2  330.0
reading 2004  6 16 168    10.4   26.1   24.3 -999.9    0.0    2.0   35.6  330.0
reading 2004  6 17 169    14.8   18.2   13.9 -999.9    0.0    3.2   32.6  330.0
reading 2004  6 18 170     9.6   18.6   13.8 -999.9    0.0    2.2   28.5  330.0
reading 2004  6 19 171     4.4   18.8   21.3 -999.9    0.0    1.2   24.7  330.0
reading 2004  6 20 172     6.4   17.6   17.9 -999.9    0.0    1.9   25.8  330.0
reading 2004  6 21 173     3.3   18.5   17.8 -999.9    0.0    1.3   24.4  330.0
reading 2004  6 22 174     5.0   20.4   17.9 -999.9    5.2    1.4   27.2  330.0
reading 2004  6 23 175    13.6   16.5    5.6 -999.9    7.6    5.7   30.8  330.0
reading 2004  6 24 176    11.4   18.0   23.6 -999.9    0.0    5.6   31.1  330.0
reading 2004  6 25 177     9.6   22.1   24.6 -999.9    0.0    2.0   34.3  330.0
reading 2004  6 26 178     7.3   18.0    7.7 -999.9    1.8    1.1   27.9  330.0
reading 2004  6 27 179    12.2   21.3   16.4 -999.9    8.6    2.6   35.4  330.0
reading 2004  6 28 180     7.8   19.5   19.8 -999.9    0.0    2.1   29.6  330.0
reading 2004  6 29 181     8.8   21.8   21.4 -999.9    0.0    2.1   33.7  330.0
reading 2004  6 30 182    12.7   20.1   17.0 -999.9    0.4    3.0   36.8  330.0
reading 2004  7  1 183     9.2   19.1   20.2 -999.9    0.4    3.1   32.4  330.0
reading 2004  7  2 184    11.2   18.2   17.0 -999.9    8.6    3.2   32.8  330.0
reading 2004  7  3 185    11.1   19.2   22.1 -999.9    0.0    4.4   34.5  330.0
reading 2004  7  4 186     9.9   17.9   13.0 -999.9    3.0    1.9   31.8  330.0
reading 2004  7  5 187     7.4   20.8   21.4 -999.9    0.2    1.0   32.8  330.0
reading 2004  7  6 188     6.6   24.2   24.2 -999.9    0.0    0.9   36.5  330.0
reading 2004  7  7 189     9.7   21.8   12.6 -999.9   11.6    3.9   35.8  330.0
reading 2004  7  8 190    10.7   17.9    9.7 -999.9    3.4    1.9   32.4  330.0
reading 2004  7  9 191    10.1   18.8   13.1 -999.9    0.0    1.8   33.2  330.0
reading 2004  7 10 192     6.4   18.1   16.5 -999.9    2.8    1.7   28.8  330.0
reading 2004  7 11 193    11.0   17.5    9.9 -999.9    0.2    1.3   33.2  330.0
reading 2004  7 12 194    11.1   18.7   10.6 -999.9    0.0    1.3   35.0  330.0
reading 2004  7 13 195     7.0   21.1   16.2 -999.9    0.0    1.4   33.7  330.0
reading 2004  7 14 196    12.0   22.3   11.0 -999.9    1.0    2.9   41.5  330.0
reading 2004  7 15 197    16.1   24.4   13.8 -999.9    0.0    2.8   51.2  330.0
reading 2004  7 16 198    16.6   22.3   10.1 -999.9    0.6    2.7   49.2  330.0
reading 2004  7 17 199    15.5   24.4   13.4 -999.9    0.0    2.2   51.5  330.0
reading 2004  7 18 200    11.4   21.4   15.7 -999.9    0.2    1.8   41.8  330.0
reading 2004  7 19 201     7.5   22.7   18.7 -999.9    0.0    1.3   39.1  330.0
reading 2004  7 20 202     8.0   24.8   13.9 -999.9    0.0    1.5   43.1  330.0
reading 2004  7 21 203    13.4   21.9    9.6 -999.9    0.0    2.1   47.2  330.0
reading 2004  7 22 204    14.1   26.9   12.1 -999.9    0.6    1.1   57.0  330.0
reading 2004  7 23 205    13.3   24.9   23.7 -999.9    0.0    1.8   53.4  330.0
reading 2004  7 24 206     9.1   23.9   21.3 -999.9    0.0    2.4   46.2  330.0
reading 2004  7 25 207    11.6   23.4   14.6 -999.9    0.0    2.4   49.9  330.0
reading 2004  7 26 208    11.7   21.7   11.0 -999.9    0.0    1.4   47.9  330.0
reading 2004  7 27 209    11.3   23.4   14.8 -999.9    0.0    0.6   50.5  330.0
reading 2004  7 28 210     9.5   26.8   18.0 -999.9    0.0    0.8   54.0  330.0
reading 2004  7 29 211    11.0   29.4   19.1 -999.9    0.6    1.7   62.3  330.0
reading 2004  7 30 212    12.2   25.6   18.8 -999.9    0.0    1.1   58.3  330.0
reading 2004  7 31 213    10.6   28.6   22.0 -999.9    0.0    0.8   62.0  330.0
reading 2004  8  1 214    14.5   27.2   18.4 -999.9    0.0    1.6   68.0  330.0
reading 2004  8  2 215    13.0   28.2   17.0 -999.9    0.0    1.8   68.0  330.0
reading 2004  8  3 216    13.9   27.6   11.6 -999.9    0.2    1.1   69.3  330.0
reading 2004  8  4 217    11.6   28.1   16.8 -999.9    0.0    0.8   66.4  330.0
reading 2004  8  5 218    15.5   29.0   10.9 -999.9   24.2    0.8   71.2  330.0
reading 2004  8  6 219    14.1   27.8   21.4 -999.9    0.2    1.4   66.8  330.0
reading 2004  8  7 220    11.8   29.6   14.5 -999.9    0.0    0.8   66.7  330.0
reading 2004  8  8 221    13.6   30.5   10.5 -999.9    0.0    1.4   73.3  330.0
reading 2004  8  9 222    16.8   21.9    3.2 -999.9   16.4    0.8   58.6  330.0
reading 2004  8 10 223    13.5   26.2   15.5 -999.9   11.0    1.3   58.7  330.0
reading 2004  8 11 224    13.7   24.4   14.1 -999.9    2.4    1.2   56.0  330.0
reading 2004  8 12 225    15.2   23.9   17.6 -999.9    5.0    1.9   57.5  330.0
reading 2004  8 13 226    13.7   23.1   13.7 -999.9    0.2    2.1   54.1  330.0
reading 2004  8 14 227    13.4   24.8   13.7 -999.9    0.0    0.8   57.1  330.0
reading 2004  8 15 228    12.8   22.9   11.3 -999.9    0.4    1.5   53.2  330.0
reading 2004  8 16 229    14.1   21.8    8.7 -999.9    3.4    2.2   53.3  330.0
reading 2004  8 17 230    13.2   23.4   16.0 -999.9    0.2    1.7   55.1  330.0
reading 2004  8 18 231    14.2   21.7    9.3 -999.9    7.2    2.4   52.9  330.0
reading 2004  8 19 232    14.0   22.2   12.4 -999.9    7.8    3.0   52.3  330.0
reading 2004  8 20 233    11.7   21.7   13.0 -999.9   15.8    2.5   45.4  330.0
reading 2004  8 21 234    11.0   20.3   18.0 -999.9    0.0    1.3   43.0  330.0
reading 2004  8 22 235    11.3   21.6   14.6 -999.9    2.4    1.1   45.2  330.0
reading 2004  8 23 236    13.3   21.2   14.3 -999.9   10.4    2.8   46.1  330.0
reading 2004  8 24 237    14.1   22.2   14.4 -999.9    1.0    3.0   49.2  330.0
reading 2004  8 25 238    12.3   21.1   13.3 -999.9    3.4    1.8   44.7  330.0
reading 2004  8 26 239    13.4   20.8   11.6 -999.9    0.2    2.1   46.3  330.0
reading 2004  8 27 240    11.4   20.8    8.4 -999.9    5.4    2.6   42.9  330.0
reading 2004  8 28 241     7.5   20.7   13.3 -999.9    0.0    1.0   38.0  330.0
reading 2004  8 29 242     9.6   18.9   10.7 -999.9    0.0    2.8   38.7  330.0
reading 2004  8 30 243    11.3   19.8   12.8 -999.9    0.6    2.3   42.5  330.0
reading 2004  8 31 244     7.8   20.4   16.6 -999.9    0.0    0.9   39.1  330.0
reading 2004  9  1 245     5.6   22.0   17.2 -999.9    0.0    0.8   38.7  330.0
reading 2004  9  2 246     7.8   25.4   17.4 -999.9    0.0    0.5   46.8  330.0
reading 2004  9  3 247     9.2   25.1   17.8 -999.9    0.0    0.9   49.0  330.0
reading 2004  9  4 248     9.6   27.9   19.2 -999.9    0.0    0.7   54.8  330.0
reading 2004  9  5 249    11.2   28.2   18.9 -999.9    0.0    0.7   58.9  330.0
reading 2004  9  6 250    12.1   25.3   16.7 -999.9    0.0    2.5   56.0  330.0
reading 2004  9  7 251    13.6   24.1   12.9 -999.9    0.0    3.5   57.2  330.0
reading 2004  9  8 252    13.6   23.6   19.3 -999.9    0.0    3.2   57.1  330.0
reading 2004  9  9 253    12.1   25.6   17.4 -999.9    0.0    2.1   58.7  330.0
reading 2004  9 10 254    11.3   21.3    6.1 -999.9    4.6    1.8   49.3  330.0
reading 2004  9 11 255    12.4   20.8   12.6 -999.9    0.8    4.8   50.7  330.0
reading 2004  9 12 256     9.3   18.5   12.9 -999.9    3.4    4.5   42.4  330.0
reading 2004  9 13 257    11.7   18.7   13.6 -999.9    5.4    4.5   45.7  330.0
reading 2004  9 14 258    10.6   17.6   11.0 -999.9    0.2    4.8   42.9  330.0
reading 2004  9 15 259     5.0   18.4   14.9 -999.9    0.0    1.6   36.9  330.0
reading 2004  9 16 260     2.4   18.3   16.0 -999.9    0.0    2.3   34.0  330.0
reading 2004  9 17 261    13.9   18.1    5.0 -999.9    0.4    3.9   49.4  330.0
reading 2004  9 18 262     9.7   18.4    6.9 -999.9    2.4    3.7   43.4  330.0
reading 2004  9 19 263     6.1   17.1    9.7 -999.9    0.0    2.7   37.2  330.0
reading 2004  9 20 264    11.9   18.8    8.2 -999.9    0.0    5.6   47.9  330.0
reading 2004  9 21 265     9.7   15.9   11.2 -999.9    0.0    4.1   41.0  330.0
reading 2004  9 22 266    11.1   18.0    6.6 -999.9    0.0    4.6   46.2  330.0
reading 2004  9 23 267     9.9   20.7    9.4 -999.9    0.0    3.4   48.8  330.0
reading 2004  9 24 268     4.3   15.6   13.4 -999.9    0.0    1.4   34.5  330.0
reading 2004  9 25 269     2.5   15.3    4.8 -999.9    1.8    1.7   32.0  330.0
reading 2004  9 26 270     7.2   20.6   10.4 -999.9    0.0    2.0   44.8  330.0
reading 2004  9 27 271    12.4   18.8    4.1 -999.9    0.0    2.1   50.2  330.0
reading 2004  9 28 272    13.4   18.7    5.4 -999.9    0.0    2.7   51.9  330.0
reading 2004  9 29 273    12.4   15.0    3.6 -999.9    1.8    0.7   44.4  330.0
reading 2004  9 30 274     8.0   19.0    7.0 -999.9    1.6    1.3   43.7  330.0
