statio5 1994  1  1   1     6.1   10.1    6.2    1.0    0.0 -999.9 -999.9  330.0
statio5 1994  1  2   2     2.9    9.3    2.0    0.4    0.0 -999.9 -999.9  330.0
statio5 1994  1  3   3     3.5   12.7    4.8    0.2    0.0 -999.9 -999.9  330.0
statio5 1994  1  4   4     4.5   10.2    2.2    0.4    0.0 -999.9 -999.9  330.0
statio5 1994  1  5   5     2.0   12.4    3.8    0.4    0.0 -999.9 -999.9  330.0
statio5 1994  1  6   6    10.5   13.2    0.4    0.5   35.0 -999.9 -999.9  330.0
statio5 1994  1  7   7     4.5    9.4    2.5    0.2   34.0 -999.9 -999.9  330.0
statio5 1994  1  8   8    -0.1    8.9    6.5    0.0    0.0 -999.9 -999.9  330.0
statio5 1994  1  9   9    -1.4   10.6    5.4    0.1    0.0 -999.9 -999.9  330.0
statio5 1994  1 10  10     1.0   11.1    0.6    0.0   43.0 -999.9 -999.9  330.0
statio5 1994  1 11  11     5.0    9.5    3.7    0.7    0.0 -999.9 -999.9  330.0
statio5 1994  1 12  12     3.2   14.0    6.9    0.4    0.5 -999.9 -999.9  330.0
statio5 1994  1 13  13     0.9   15.4    6.1    0.2    0.0 -999.9 -999.9  330.0
statio5 1994  1 14  14     2.0   14.8    5.3    0.4    0.0 -999.9 -999.9  330.0
statio5 1994  1 15  15     2.6   12.4    7.1    0.3    0.5 -999.9 -999.9  330.0
statio5 1994  1 16  16     1.9    9.3    4.3    0.3    0.5 -999.9 -999.9  330.0
statio5 1994  1 17  17     1.5    6.3    7.4    0.6    0.0 -999.9 -999.9  330.0
statio5 1994  1 18  18     1.4    6.2    7.6    1.0    0.0 -999.9 -999.9  330.0
statio5 1994  1 19  19    -2.9    6.7    6.4    0.3    0.0 -999.9 -999.9  330.0
statio5 1994  1 20  20     0.9    5.6    8.0    2.0    0.0 -999.9 -999.9  330.0
statio5 1994  1 21  21     1.2    5.0    7.4    1.3    0.0 -999.9 -999.9  330.0
statio5 1994  1 22  22     0.4    6.7    7.8    1.0    0.0 -999.9 -999.9  330.0
statio5 1994  1 23  23    -3.5    9.7    8.1    0.4    0.0 -999.9 -999.9  330.0
statio5 1994  1 24  24     5.5   13.9    7.6    0.7    0.0 -999.9 -999.9  330.0
statio5 1994  1 25  25     7.7   17.5    8.3    0.9    0.0 -999.9 -999.9  330.0
statio5 1994  1 26  26     3.8   14.8    8.3    1.2    0.0 -999.9 -999.9  330.0
statio5 1994  1 27  27     5.0   13.8    9.0    1.1    0.0 -999.9 -999.9  330.0
statio5 1994  1 28  28     2.4   11.1    8.4    1.2    0.0 -999.9 -999.9  330.0
statio5 1994  1 29  29     6.2   11.2    9.5    3.1    0.0 -999.9 -999.9  330.0
statio5 1994  1 30  30    -2.2   14.1    9.3    0.6    0.0 -999.9 -999.9  330.0
statio5 1994  1 31  31     2.5   12.8    9.5    1.3    0.0 -999.9 -999.9  330.0
statio5 1994  2  1  32    -1.8   13.6    8.5    0.4    0.0 -999.9 -999.9  330.0
statio5 1994  2  2  33    -0.5   11.0    4.8    0.3    0.0 -999.9 -999.9  330.0
statio5 1994  2  3  34     8.4   13.4    2.2    0.8   33.5 -999.9 -999.9  330.0
statio5 1994  2  4  35     7.8   10.5    1.2    0.2   76.0 -999.9 -999.9  330.0
statio5 1994  2  5  36     5.8    8.2    1.8    0.2   12.0 -999.9 -999.9  330.0
statio5 1994  2  6  37     5.2   10.7   10.3    1.2    0.0 -999.9 -999.9  330.0
statio5 1994  2  7  38     6.7   11.9    9.6    1.8    0.0 -999.9 -999.9  330.0
statio5 1994  2  8  39     5.6    9.2    9.5    2.1    0.0 -999.9 -999.9  330.0
statio5 1994  2  9  40     5.1   11.2   11.0    2.4    0.0 -999.9 -999.9  330.0
statio5 1994  2 10  41     3.8   14.1    9.5    1.6    0.0 -999.9 -999.9  330.0
statio5 1994  2 11  42     4.9   10.0    6.7    1.9    0.0 -999.9 -999.9  330.0
statio5 1994  2 12  43     2.9    9.8   10.8    1.5    0.0 -999.9 -999.9  330.0
statio5 1994  2 13  44     1.1    8.9   10.4    1.2    3.0 -999.9 -999.9  330.0
statio5 1994  2 14  45     2.4    7.5    4.9    1.7    0.0 -999.9 -999.9  330.0
statio5 1994  2 15  46     1.4    5.8    1.3    0.3    5.5 -999.9 -999.9  330.0
statio5 1994  2 16  47     1.0    8.2    6.1    0.6    0.0 -999.9 -999.9  330.0
statio5 1994  2 17  48    -1.5   10.9   10.9    0.9    0.0 -999.9 -999.9  330.0
statio5 1994  2 18  49    -2.0   10.7    9.8    0.8    0.0 -999.9 -999.9  330.0
statio5 1994  2 19  50     3.3   13.1   11.9    1.4    0.0 -999.9 -999.9  330.0
statio5 1994  2 20  51     4.4    9.7    4.2    0.7    1.5 -999.9 -999.9  330.0
statio5 1994  2 21  52    -0.2   14.2   10.7    0.9    0.0 -999.9 -999.9  330.0
statio5 1994  2 22  53     1.1   16.0   12.0    1.1    0.0 -999.9 -999.9  330.0
statio5 1994  2 23  54     5.5   12.5    3.5    0.9   11.0 -999.9 -999.9  330.0
statio5 1994  2 24  55     4.5   15.4    7.4    1.0    0.0 -999.9 -999.9  330.0
statio5 1994  2 25  56     2.9   18.0   13.2    1.3    0.0 -999.9 -999.9  330.0
statio5 1994  2 26  57     7.2   18.8   12.4    1.8    0.0 -999.9 -999.9  330.0
statio5 1994  2 27  58     5.4   18.7    6.3    1.5    0.0 -999.9 -999.9  330.0
statio5 1994  2 28  59    11.5   18.7   12.3    2.0    0.5 -999.9 -999.9  330.0
statio5 1994  3  1  60    10.1   15.7    7.4    1.2    5.0 -999.9 -999.9  330.0
statio5 1994  3  2  61     7.6   16.0   13.4    2.1    0.0 -999.9 -999.9  330.0
statio5 1994  3  3  62     6.9   19.4   13.0    1.7    0.0 -999.9 -999.9  330.0
statio5 1994  3  4  63    10.8   16.7   14.8    3.0    0.0 -999.9 -999.9  330.0
statio5 1994  3  5  64     1.4   20.0   13.9    1.7    0.0 -999.9 -999.9  330.0
statio5 1994  3  6  65     4.5   19.0   14.1    2.2    0.0 -999.9 -999.9  330.0
statio5 1994  3  7  66     9.2   16.6   13.8    3.6    0.0 -999.9 -999.9  330.0
statio5 1994  3  8  67     9.4   19.9   14.4    2.8    0.0 -999.9 -999.9  330.0
statio5 1994  3  9  68     4.3   18.5   14.2    1.5    0.0 -999.9 -999.9  330.0
statio5 1994  3 10  69     8.1   18.9    9.1    1.4    0.0 -999.9 -999.9  330.0
statio5 1994  3 11  70     4.4   18.3   14.6    1.6    0.0 -999.9 -999.9  330.0
statio5 1994  3 12  71     7.3   18.1   12.7    1.7    0.0 -999.9 -999.9  330.0
statio5 1994  3 13  72     7.6   17.0   13.9    2.3    0.0 -999.9 -999.9  330.0
statio5 1994  3 14  73    11.5   15.9   16.8    4.3    0.0 -999.9 -999.9  330.0
statio5 1994  3 15  74    11.2   18.9   17.1    4.4    0.0 -999.9 -999.9  330.0
statio5 1994  3 16  75    11.0   17.9   17.2    4.0    0.0 -999.9 -999.9  330.0
statio5 1994  3 17  76     9.4   14.7   17.0    4.0    0.0 -999.9 -999.9  330.0
statio5 1994  3 18  77     7.5   17.3   17.5    3.1    0.0 -999.9 -999.9  330.0
statio5 1994  3 19  78     2.3   18.3   13.1    1.7    0.0 -999.9 -999.9  330.0
statio5 1994  3 20  79     5.0   18.4   17.8    2.9    0.0 -999.9 -999.9  330.0
statio5 1994  3 21  80     7.2   18.7   10.5    1.9    2.0 -999.9 -999.9  330.0
statio5 1994  3 22  81     6.8   18.9   17.6    2.6    0.0 -999.9 -999.9  330.0
statio5 1994  3 23  82     7.3   21.9   17.7    2.6    0.0 -999.9 -999.9  330.0
statio5 1994  3 24  83     4.7   26.1   18.2    2.7    0.0 -999.9 -999.9  330.0
statio5 1994  3 25  84    10.5   26.0   18.6    3.2    0.0 -999.9 -999.9  330.0
statio5 1994  3 26  85     9.3   17.8   15.1    3.6    0.0 -999.9 -999.9  330.0
statio5 1994  3 27  86     6.9   19.0   19.3    3.8    0.0 -999.9 -999.9  330.0
statio5 1994  3 28  87     4.4   19.6   15.2    2.1    0.0 -999.9 -999.9  330.0
statio5 1994  3 29  88     4.3   23.7   18.7    2.7    0.0 -999.9 -999.9  330.0
statio5 1994  3 30  89     5.4   20.6   17.6    2.5    0.0 -999.9 -999.9  330.0
statio5 1994  3 31  90     6.2   20.5   12.4    1.9    0.0 -999.9 -999.9  330.0
statio5 1994  4  1  91     9.0   17.0    5.5    1.8    0.0 -999.9 -999.9  330.0
statio5 1994  4  2  92     1.4   15.6   12.7    2.4    0.0 -999.9 -999.9  330.0
statio5 1994  4  3  93     4.1   11.5   20.2    3.9    0.0 -999.9 -999.9  330.0
statio5 1994  4  4  94     1.9    8.2    4.6    0.7    8.5 -999.9 -999.9  330.0
statio5 1994  4  5  95     3.9   14.0   17.9    2.6    0.5 -999.9 -999.9  330.0
statio5 1994  4  6  96     3.2   15.6   17.2    2.5    0.5 -999.9 -999.9  330.0
statio5 1994  4  7  97     2.4   16.4    9.8    1.8    1.0 -999.9 -999.9  330.0
statio5 1994  4  8  98     3.9   15.1   20.3    3.1    0.0 -999.9 -999.9  330.0
statio5 1994  4  9  99     3.4   15.1    9.2    1.9    0.0 -999.9 -999.9  330.0
statio5 1994  4 10 100     0.7   13.6   15.3    2.2    0.0 -999.9 -999.9  330.0
statio5 1994  4 11 101     5.0   13.5   22.0    4.4    0.0 -999.9 -999.9  330.0
statio5 1994  4 12 102     6.5   12.6   11.6    3.0    0.0 -999.9 -999.9  330.0
statio5 1994  4 13 103     6.1   16.5   21.6    3.8    1.0 -999.9 -999.9  330.0
statio5 1994  4 14 104     6.6   14.1   11.0    2.3    4.5 -999.9 -999.9  330.0
statio5 1994  4 15 105     3.5   14.6   21.1    3.2    0.0 -999.9 -999.9  330.0
statio5 1994  4 16 106     7.8   10.6    4.4    1.9    1.0 -999.9 -999.9  330.0
statio5 1994  4 17 107     6.7   14.8    9.7    1.8    0.0 -999.9 -999.9  330.0
statio5 1994  4 18 108    10.0   14.4   19.7    3.9    0.0 -999.9 -999.9  330.0
statio5 1994  4 19 109     8.1   14.1    6.9    1.6    0.5 -999.9 -999.9  330.0
statio5 1994  4 20 110     9.2   14.7    7.5    1.4    3.5 -999.9 -999.9  330.0
statio5 1994  4 21 111     8.4   18.9   17.2    2.8    0.0 -999.9 -999.9  330.0
statio5 1994  4 22 112     4.8   21.0   21.3    3.2    0.0 -999.9 -999.9  330.0
statio5 1994  4 23 113     7.5   19.5   15.9    2.9    0.0 -999.9 -999.9  330.0
statio5 1994  4 24 114     7.3   16.8    4.6    1.1   35.0 -999.9 -999.9  330.0
statio5 1994  4 25 115     8.9   12.6    9.6    1.9    7.0 -999.9 -999.9  330.0
statio5 1994  4 26 116    10.4   20.2   24.8    5.8    0.0 -999.9 -999.9  330.0
statio5 1994  4 27 117    12.9   22.3   21.4    4.9    0.0 -999.9 -999.9  330.0
statio5 1994  4 28 118    13.9   25.8   23.9    5.0    0.0 -999.9 -999.9  330.0
statio5 1994  4 29 119    10.0   26.8   23.2    4.1    0.0 -999.9 -999.9  330.0
statio5 1994  4 30 120     9.8   25.3   23.4    4.1    0.0 -999.9 -999.9  330.0
statio5 1994  5  1 121     9.1   28.4   24.0    5.1    0.0 -999.9 -999.9  330.0
statio5 1994  5  2 122    15.7   25.7   24.0    5.4    0.0 -999.9 -999.9  330.0
statio5 1994  5  3 123    10.3   24.2   23.1    4.1    0.0 -999.9 -999.9  330.0
statio5 1994  5  4 124     8.5   22.5   18.1    3.2    0.0 -999.9 -999.9  330.0
statio5 1994  5  5 125    11.7   18.7   23.5    5.9    0.0 -999.9 -999.9  330.0
statio5 1994  5  6 126    12.5   23.5   25.4    5.5    0.0 -999.9 -999.9  330.0
statio5 1994  5  7 127    10.4   23.6   24.8    4.4    0.0 -999.9 -999.9  330.0
statio5 1994  5  8 128    10.7   17.7    6.8    1.6    1.0 -999.9 -999.9  330.0
statio5 1994  5  9 129     9.6   18.3   21.1    4.2    0.0 -999.9 -999.9  330.0
statio5 1994  5 10 130    11.3   22.4   25.3    5.0    0.0 -999.9 -999.9  330.0
statio5 1994  5 11 131     6.7   21.4   18.8    3.3   11.0 -999.9 -999.9  330.0
statio5 1994  5 12 132    12.2   21.7   18.2    3.4    5.5 -999.9 -999.9  330.0
statio5 1994  5 13 133     9.2   23.3   14.1    2.7   10.0 -999.9 -999.9  330.0
statio5 1994  5 14 134    14.9   22.3   23.5    4.7    1.0 -999.9 -999.9  330.0
statio5 1994  5 15 135     8.6   23.0   24.0    4.2    0.0 -999.9 -999.9  330.0
statio5 1994  5 16 136    10.5   23.9   14.0    2.9    0.0 -999.9 -999.9  330.0
statio5 1994  5 17 137    10.7   22.7   16.8    3.0    3.0 -999.9 -999.9  330.0
statio5 1994  5 18 138    12.8   14.9    4.9    1.2   10.5 -999.9 -999.9  330.0
statio5 1994  5 19 139    10.2   22.5   25.2    4.5    0.0 -999.9 -999.9  330.0
statio5 1994  5 20 140    12.3   25.0   23.1    4.4    0.0 -999.9 -999.9  330.0
statio5 1994  5 21 141    14.2   23.6   14.2    3.5    0.0 -999.9 -999.9  330.0
statio5 1994  5 22 142    14.6   25.2   17.2    3.5    0.0 -999.9 -999.9  330.0
statio5 1994  5 23 143    14.2   27.3   20.9    4.3    0.0 -999.9 -999.9  330.0
statio5 1994  5 24 144    15.1   19.6    6.1    1.3    6.5 -999.9 -999.9  330.0
statio5 1994  5 25 145     9.9   25.5   27.5    4.9    0.0 -999.9 -999.9  330.0
statio5 1994  5 26 146    12.8   25.8   17.0    3.7    0.0 -999.9 -999.9  330.0
statio5 1994  5 27 147     9.0   23.8   27.8    5.2    0.0 -999.9 -999.9  330.0
statio5 1994  5 28 148     9.1   26.0   25.5    4.5    0.0 -999.9 -999.9  330.0
statio5 1994  5 29 149    11.7   28.3   24.9    4.8    0.0 -999.9 -999.9  330.0
statio5 1994  5 30 150    13.5   27.8   22.8    4.6    0.0 -999.9 -999.9  330.0
statio5 1994  5 31 151    15.0   31.0   25.8    5.5    0.0 -999.9 -999.9  330.0
statio5 1994  6  1 152    14.9   29.3   17.4    3.8    0.0 -999.9 -999.9  330.0
statio5 1994  6  2 153    15.4   29.9   17.2    4.2    0.0 -999.9 -999.9  330.0
statio5 1994  6  3 154    14.9   28.8   26.9    6.0    0.0 -999.9 -999.9  330.0
statio5 1994  6  4 155    15.3   23.8   20.4    4.8    0.0 -999.9 -999.9  330.0
statio5 1994  6  5 156    15.5   20.2   28.3    7.5    0.0 -999.9 -999.9  330.0
statio5 1994  6  6 157    13.6   25.2   28.0    7.8    0.0 -999.9 -999.9  330.0
statio5 1994  6  7 158    17.3   29.9   27.5    6.6    0.0 -999.9 -999.9  330.0
statio5 1994  6  8 159    10.3   28.0   24.2    4.8    3.5 -999.9 -999.9  330.0
statio5 1994  6  9 160    15.3   20.3   28.1    7.5    0.0 -999.9 -999.9  330.0
statio5 1994  6 10 161    13.2   21.4   24.8    7.4    0.0 -999.9 -999.9  330.0
statio5 1994  6 11 162    12.1   19.8   28.3    7.3    0.0 -999.9 -999.9  330.0
statio5 1994  6 12 163    12.3   22.3   24.4    6.3    0.0 -999.9 -999.9  330.0
statio5 1994  6 13 164    14.8   24.9   26.2    5.9    0.0 -999.9 -999.9  330.0
statio5 1994  6 14 165    14.3   28.2   23.8    5.7    0.0 -999.9 -999.9  330.0
statio5 1994  6 15 166    18.8   29.9   27.3    7.7    0.0 -999.9 -999.9  330.0
statio5 1994  6 16 167    18.8   31.0   27.6    7.2    0.0 -999.9 -999.9  330.0
statio5 1994  6 17 168    13.3   32.2   25.5    5.7    0.0 -999.9 -999.9  330.0
statio5 1994  6 18 169    15.0   30.0   25.4    5.5    0.0 -999.9 -999.9  330.0
statio5 1994  6 19 170    14.4   30.1   24.5    5.3    6.0 -999.9 -999.9  330.0
statio5 1994  6 20 171    15.8   28.1   27.4    6.5    0.0 -999.9 -999.9  330.0
statio5 1994  6 21 172    19.5   29.1   27.2    7.9    0.0 -999.9 -999.9  330.0
statio5 1994  6 22 173    19.9   32.9   27.2    7.3    0.0 -999.9 -999.9  330.0
statio5 1994  6 23 174    21.3   33.9   26.9    7.0    0.0 -999.9 -999.9  330.0
statio5 1994  6 24 175    16.2   31.2   27.2    6.1    0.0 -999.9 -999.9  330.0
statio5 1994  6 25 176    16.4   30.5   15.2    4.1   12.0 -999.9 -999.9  330.0
statio5 1994  6 26 177    12.8   25.5   20.2    3.9   25.0 -999.9 -999.9  330.0
statio5 1994  6 27 178    13.5   28.0   21.6    4.3    0.0 -999.9 -999.9  330.0
statio5 1994  6 28 179    15.3   30.9   25.9    5.5    0.0 -999.9 -999.9  330.0
statio5 1994  6 29 180    15.6   34.9   26.8    6.3    0.0 -999.9 -999.9  330.0
statio5 1994  6 30 181    23.8   36.4   27.2    7.6    0.0 -999.9 -999.9  330.0
statio5 1994  7  1 182    18.9   34.3   25.9    6.0    0.0 -999.9 -999.9  330.0
statio5 1994  7  2 183    17.6   33.1   24.5    5.7    0.0 -999.9 -999.9  330.0
statio5 1994  7  3 184    18.5   34.4   26.1    6.3    0.0 -999.9 -999.9  330.0
statio5 1994  7  4 185    16.3   33.4   25.7    5.7    0.0 -999.9 -999.9  330.0
statio5 1994  7  5 186    21.7   34.4   25.5    7.6    0.0 -999.9 -999.9  330.0
statio5 1994  7  6 187    22.1   32.7   26.5    7.6    0.0 -999.9 -999.9  330.0
statio5 1994  7  7 188    19.5   27.4   27.4    8.5    0.0 -999.9 -999.9  330.0
statio5 1994  7  8 189    18.5   29.2   27.9    8.2    0.0 -999.9 -999.9  330.0
statio5 1994  7  9 190    19.8   29.4   28.1    8.3    0.0 -999.9 -999.9  330.0
statio5 1994  7 10 191    18.0   32.2   27.1    6.8    0.0 -999.9 -999.9  330.0
statio5 1994  7 11 192    15.8   31.7   26.6    5.8    0.0 -999.9 -999.9  330.0
statio5 1994  7 12 193    15.9   31.5   26.4    5.7    0.0 -999.9 -999.9  330.0
statio5 1994  7 13 194    16.1   34.9   25.5    5.8    0.0 -999.9 -999.9  330.0
statio5 1994  7 14 195    19.5   33.5   22.7    5.5    0.0 -999.9 -999.9  330.0
statio5 1994  7 15 196    19.0   35.3   25.5    6.5    0.0 -999.9 -999.9  330.0
statio5 1994  7 16 197    20.0   34.2   24.6    6.0    0.0 -999.9 -999.9  330.0
statio5 1994  7 17 198    20.6   33.7   23.0    5.7    0.0 -999.9 -999.9  330.0
statio5 1994  7 18 199    18.9   32.1   21.2    5.0    0.0 -999.9 -999.9  330.0
statio5 1994  7 19 200    19.8   30.5   20.9    5.8    0.0 -999.9 -999.9  330.0
statio5 1994  7 20 201    18.8   28.1   25.0    7.1    0.0 -999.9 -999.9  330.0
statio5 1994  7 21 202    21.1   33.1   25.6    6.7    0.0 -999.9 -999.9  330.0
statio5 1994  7 22 203    17.4   34.7   24.8    5.7    0.0 -999.9 -999.9  330.0
statio5 1994  7 23 204    17.3   32.7   21.9    5.1    0.0 -999.9 -999.9  330.0
statio5 1994  7 24 205    17.9   33.5   24.8    5.7    0.0 -999.9 -999.9  330.0
statio5 1994  7 25 206    17.1   32.7   20.5    4.8    0.0 -999.9 -999.9  330.0
statio5 1994  7 26 207    16.6   36.9   24.5    5.7    0.0 -999.9 -999.9  330.0
statio5 1994  7 27 208    18.5   34.9   23.8    5.7    0.0 -999.9 -999.9  330.0
statio5 1994  7 28 209    17.7   35.2   20.8    5.1    0.0 -999.9 -999.9  330.0
statio5 1994  7 29 210    18.9   34.1   23.0    5.6    0.0 -999.9 -999.9  330.0
statio5 1994  7 30 211    20.3   33.6   20.3    5.2    0.0 -999.9 -999.9  330.0
statio5 1994  7 31 212    19.2   33.3   18.0    4.8   30.0 -999.9 -999.9  330.0
statio5 1994  8  1 213    18.9   30.6   21.5    4.8    0.0 -999.9 -999.9  330.0
statio5 1994  8  2 214    17.5   33.8   24.6    5.5    0.0 -999.9 -999.9  330.0
statio5 1994  8  3 215    17.6   34.2   24.7    5.5    0.0 -999.9 -999.9  330.0
statio5 1994  8  4 216    18.0   33.7   24.1    5.4    0.0 -999.9 -999.9  330.0
statio5 1994  8  5 217    17.1   33.5   24.0    5.3    0.0 -999.9 -999.9  330.0
statio5 1994  8  6 218    20.9   35.9   23.0    5.5    0.0 -999.9 -999.9  330.0
statio5 1994  8  7 219    21.1   34.2   20.1    4.9    0.0 -999.9 -999.9  330.0
statio5 1994  8  8 220    21.5   33.1   16.5    4.2    0.0 -999.9 -999.9  330.0
statio5 1994  8  9 221    18.8   35.8   20.7    5.2    0.0 -999.9 -999.9  330.0
statio5 1994  8 10 222    21.2   32.0   22.7    5.9    0.0 -999.9 -999.9  330.0
statio5 1994  8 11 223    18.1   32.3   23.5    5.5    0.0 -999.9 -999.9  330.0
statio5 1994  8 12 224    15.3   30.6   24.3    5.2    0.0 -999.9 -999.9  330.0
statio5 1994  8 13 225    16.2   29.3   15.0    4.0    1.0 -999.9 -999.9  330.0
statio5 1994  8 14 226    18.0   27.9   17.2    5.2    0.0 -999.9 -999.9  330.0
statio5 1994  8 15 227    18.5   31.3   22.5    6.0    0.0 -999.9 -999.9  330.0
statio5 1994  8 16 228    15.9   35.5   21.6    5.0    0.0 -999.9 -999.9  330.0
statio5 1994  8 17 229    18.7   32.4   16.4    4.3    0.0 -999.9 -999.9  330.0
statio5 1994  8 18 230    19.3   28.3   23.8    6.3    0.0 -999.9 -999.9  330.0
statio5 1994  8 19 231    19.3   34.2   23.0    6.2    0.0 -999.9 -999.9  330.0
statio5 1994  8 20 232    16.0   35.9   22.6    5.1    0.0 -999.9 -999.9  330.0
statio5 1994  8 21 233    19.3   31.6   20.8    4.8    2.0 -999.9 -999.9  330.0
statio5 1994  8 22 234    18.9   34.0   21.9    5.0    0.0 -999.9 -999.9  330.0
statio5 1994  8 23 235    18.2   34.1   18.0    4.5    0.0 -999.9 -999.9  330.0
statio5 1994  8 24 236    20.9   28.7   16.0    5.1    0.0 -999.9 -999.9  330.0
statio5 1994  8 25 237    18.3   25.8   17.6    4.4    0.0 -999.9 -999.9  330.0
statio5 1994  8 26 238    18.8   31.4   22.0    5.6    0.0 -999.9 -999.9  330.0
statio5 1994  8 27 239    19.7   33.8   22.3    5.7    0.0 -999.9 -999.9  330.0
statio5 1994  8 28 240    15.4   32.4   20.3    4.2    0.0 -999.9 -999.9  330.0
statio5 1994  8 29 241    19.6   31.5   20.7    5.1    0.0 -999.9 -999.9  330.0
statio5 1994  8 30 242    16.5   31.1   17.9    3.9    0.0 -999.9 -999.9  330.0
statio5 1994  8 31 243    17.7   26.5    9.4    2.1   55.0 -999.9 -999.9  330.0
statio5 1994  9  1 244    18.6   28.0   14.6    3.2    2.5 -999.9 -999.9  330.0
statio5 1994  9  2 245    14.8   22.5   18.6    3.9    0.0 -999.9 -999.9  330.0
statio5 1994  9  3 246    15.5   24.5   21.3    5.4    0.0 -999.9 -999.9  330.0
statio5 1994  9  4 247    15.7   27.1   20.7    5.4    0.0 -999.9 -999.9  330.0
statio5 1994  9  5 248    14.9   29.6   20.2    4.4    0.0 -999.9 -999.9  330.0
statio5 1994  9  6 249    15.7   30.4   19.1    4.0    0.0 -999.9 -999.9  330.0
statio5 1994  9  7 250    18.4   27.7   17.2    3.8   37.0 -999.9 -999.9  330.0
statio5 1994  9  8 251    16.2   20.9    4.4    1.3    9.0 -999.9 -999.9  330.0
statio5 1994  9  9 252     9.8   24.5   19.2    3.1    0.0 -999.9 -999.9  330.0
statio5 1994  9 10 253    14.5   27.0   17.6    3.3    0.0 -999.9 -999.9  330.0
statio5 1994  9 11 254    14.2   29.2   16.7    3.1    0.0 -999.9 -999.9  330.0
statio5 1994  9 12 255    18.2   27.9   14.0    3.3   48.5 -999.9 -999.9  330.0
statio5 1994  9 13 256    16.0   25.7   13.3    2.6   44.5 -999.9 -999.9  330.0
statio5 1994  9 14 257    13.4   23.1   15.4    3.0    1.5 -999.9 -999.9  330.0
statio5 1994  9 15 258    12.2   20.0    9.0    2.3    0.0 -999.9 -999.9  330.0
statio5 1994  9 16 259     9.6   17.1    8.5    1.8    1.5 -999.9 -999.9  330.0
statio5 1994  9 17 260     7.8   16.9   14.8    2.7    0.0 -999.9 -999.9  330.0
statio5 1994  9 18 261     9.8   17.0   18.5    4.0    0.0 -999.9 -999.9  330.0
statio5 1994  9 19 262    10.3   18.6   17.6    3.6    0.0 -999.9 -999.9  330.0
statio5 1994  9 20 263     9.2   16.3    5.3    1.0    4.5 -999.9 -999.9  330.0
statio5 1994  9 21 264    12.6   15.2    3.3    0.5    7.0 -999.9 -999.9  330.0
statio5 1994  9 22 265    13.2   25.1    7.0    1.8    5.5 -999.9 -999.9  330.0
statio5 1994  9 23 266    18.7   24.3    1.8    0.8   60.0 -999.9 -999.9  330.0
statio5 1994  9 24 267    15.9   23.3   17.3    3.1    0.0 -999.9 -999.9  330.0
statio5 1994  9 25 268    13.7   24.3    8.8    1.7    0.5 -999.9 -999.9  330.0
statio5 1994  9 26 269    16.8   23.8   10.4    1.9    5.5 -999.9 -999.9  330.0
statio5 1994  9 27 270    13.8   24.4   13.6    2.2    0.0 -999.9 -999.9  330.0
statio5 1994  9 28 271    11.5   24.2   13.4    2.0    0.0 -999.9 -999.9  330.0
statio5 1994  9 29 272    12.5   19.7    4.5    0.9   27.0 -999.9 -999.9  330.0
statio5 1994  9 30 273    15.7   20.3    2.9    0.5    8.0 -999.9 -999.9  330.0
statio5 1994 10  1 274    16.9   24.5    7.9    1.6    9.5 -999.9 -999.9  330.0
statio5 1994 10  2 275    14.7   23.1    9.0    1.5    0.0 -999.9 -999.9  330.0
statio5 1994 10  3 276    13.6   24.5   11.8    2.0    0.5 -999.9 -999.9  330.0
statio5 1994 10  4 277    11.6   19.6   15.4    2.9    0.0 -999.9 -999.9  330.0
statio5 1994 10  5 278     8.7   15.7   14.0    3.3    0.0 -999.9 -999.9  330.0
statio5 1994 10  6 279     7.9   17.2   14.5    2.6    0.0 -999.9 -999.9  330.0
statio5 1994 10  7 280    10.0   14.8    5.4    1.3    0.0 -999.9 -999.9  330.0
statio5 1994 10  8 281     4.8   18.6   14.3    1.7    0.0 -999.9 -999.9  330.0
statio5 1994 10  9 282     6.3   21.0   11.4    1.4    0.5 -999.9 -999.9  330.0
statio5 1994 10 10 283    13.2   18.0    3.3    0.7    3.0 -999.9 -999.9  330.0
statio5 1994 10 11 284    14.4   23.9   11.6    1.8    0.0 -999.9 -999.9  330.0
statio5 1994 10 12 285    12.4   20.6    5.8    0.9    0.5 -999.9 -999.9  330.0
statio5 1994 10 13 286    13.4   26.2   10.3    1.6    0.5 -999.9 -999.9  330.0
statio5 1994 10 14 287     8.9   24.8   12.3    1.6    0.5 -999.9 -999.9  330.0
statio5 1994 10 15 288     7.1   24.0   12.8    1.5    0.0 -999.9 -999.9  330.0
statio5 1994 10 16 289     6.6   22.7   11.1    1.3    0.0 -999.9 -999.9  330.0
statio5 1994 10 17 290     7.1   20.6   11.7    1.3    0.0 -999.9 -999.9  330.0
statio5 1994 10 18 291     6.8   21.7    8.6    1.1    0.0 -999.9 -999.9  330.0
statio5 1994 10 19 292     8.8   20.6    3.4    1.6    9.0 -999.9 -999.9  330.0
statio5 1994 10 20 293    13.2   15.5    0.8    0.2   98.0 -999.9 -999.9  330.0
statio5 1994 10 21 294    12.5   15.9    3.0    0.7    8.5 -999.9 -999.9  330.0
statio5 1994 10 22 295     8.5   20.6   10.7    1.1    8.5 -999.9 -999.9  330.0
statio5 1994 10 23 296    14.4   20.1    6.9    1.2    2.5 -999.9 -999.9  330.0
statio5 1994 10 24 297     6.8   19.0   11.4    1.1    0.0 -999.9 -999.9  330.0
statio5 1994 10 25 298     5.2   19.1   11.1    0.9    1.0 -999.9 -999.9  330.0
statio5 1994 10 26 299    10.4   18.9    9.8    1.2    0.5 -999.9 -999.9  330.0
statio5 1994 10 27 300     2.8   15.9    8.7    0.7    1.5 -999.9 -999.9  330.0
statio5 1994 10 28 301    10.1   14.1    3.2    0.9    7.0 -999.9 -999.9  330.0
statio5 1994 10 29 302     3.2   16.5    8.8    0.7    0.0 -999.9 -999.9  330.0
statio5 1994 10 30 303     5.1   19.0    9.0    0.7    0.0 -999.9 -999.9  330.0
statio5 1994 10 31 304     6.9   19.7    7.2    0.7    0.0 -999.9 -999.9  330.0
statio5 1994 11  1 305    13.5   22.8    9.4    1.3    0.0 -999.9 -999.9  330.0
statio5 1994 11  2 306     9.0   19.2    4.0    0.6    4.5 -999.9 -999.9  330.0
statio5 1994 11  3 307    14.5   20.4    5.9    1.1    0.5 -999.9 -999.9  330.0
statio5 1994 11  4 308    16.3   20.3    4.2    1.3   40.0 -999.9 -999.9  330.0
statio5 1994 11  5 309    12.7   17.5    1.1    0.2   19.0 -999.9 -999.9  330.0
statio5 1994 11  6 310    10.0   17.6    9.1    0.8    2.5 -999.9 -999.9  330.0
statio5 1994 11  7 311     5.0   15.1    2.5    0.3   25.5 -999.9 -999.9  330.0
statio5 1994 11  8 312    10.8   19.0    6.8    0.8    0.0 -999.9 -999.9  330.0
statio5 1994 11  9 313     9.6   17.0    1.3    0.2    2.0 -999.9 -999.9  330.0
statio5 1994 11 10 314     9.7   18.3    8.8    0.8    2.5 -999.9 -999.9  330.0
statio5 1994 11 11 315     9.7   16.0    8.4    1.1    0.0 -999.9 -999.9  330.0
statio5 1994 11 12 316     8.8   15.4    6.7    0.8    0.0 -999.9 -999.9  330.0
statio5 1994 11 13 317     8.3   18.1    9.1    0.9    0.0 -999.9 -999.9  330.0
statio5 1994 11 14 318     6.7   17.8    7.2    0.6    0.5 -999.9 -999.9  330.0
statio5 1994 11 15 319     3.9   19.3    7.9    0.4    0.0 -999.9 -999.9  330.0
statio5 1994 11 16 320     7.7   19.1    6.7    0.6    0.0 -999.9 -999.9  330.0
statio5 1994 11 17 321    11.9   17.6    8.0    1.4    0.0 -999.9 -999.9  330.0
statio5 1994 11 18 322     8.7   15.6    6.9    1.2    0.0 -999.9 -999.9  330.0
statio5 1994 11 19 323    11.3   18.8    5.7    0.9    0.0 -999.9 -999.9  330.0
statio5 1994 11 20 324     7.3   16.8    6.7    0.3    0.0 -999.9 -999.9  330.0
statio5 1994 11 21 325     7.2   13.1    1.4    0.0    0.0 -999.9 -999.9  330.0
statio5 1994 11 22 326     8.3   14.4    3.8    0.5    0.0 -999.9 -999.9  330.0
statio5 1994 11 23 327     5.3   13.8    2.4    0.2    0.0 -999.9 -999.9  330.0
statio5 1994 11 24 328     9.1   17.1    7.1    0.5    0.0 -999.9 -999.9  330.0
statio5 1994 11 25 329     9.9   14.0    7.3    1.3    0.0 -999.9 -999.9  330.0
statio5 1994 11 26 330     9.9   12.9    6.8    1.6    0.0 -999.9 -999.9  330.0
statio5 1994 11 27 331     8.4   13.8    5.3    0.9    0.0 -999.9 -999.9  330.0
statio5 1994 11 28 332     2.2   14.4    6.1    0.2    0.0 -999.9 -999.9  330.0
statio5 1994 11 29 333     0.1   13.2    6.2    0.1    0.0 -999.9 -999.9  330.0
statio5 1994 11 30 334     2.9   14.5    5.1    0.2    0.0 -999.9 -999.9  330.0
statio5 1994 12  1 335     4.3   12.6    2.5    0.2    0.5 -999.9 -999.9  330.0
statio5 1994 12  2 336    10.2   16.3    4.9    1.0    0.0 -999.9 -999.9  330.0
statio5 1994 12  3 337     8.3   16.1    4.7    0.7    0.5 -999.9 -999.9  330.0
statio5 1994 12  4 338    11.3   16.4    3.0    0.5    0.0 -999.9 -999.9  330.0
statio5 1994 12  5 339    10.8   18.4    4.0    0.4    0.5 -999.9 -999.9  330.0
statio5 1994 12  6 340     9.2   15.1    6.8    0.5    0.0 -999.9 -999.9  330.0
statio5 1994 12  7 341     0.9   15.3    2.5    0.4    2.0 -999.9 -999.9  330.0
statio5 1994 12  8 342     4.0    9.2    2.3    0.1    0.0 -999.9 -999.9  330.0
statio5 1994 12  9 343     2.9   12.5    4.4    0.0    0.5 -999.9 -999.9  330.0
statio5 1994 12 10 344     6.5   14.6    3.9    0.6    0.0 -999.9 -999.9  330.0
statio5 1994 12 11 345    11.9   17.1    7.0    1.5    0.0 -999.9 -999.9  330.0
statio5 1994 12 12 346     4.5   15.5    6.8    0.1    0.0 -999.9 -999.9  330.0
statio5 1994 12 13 347     0.5   12.6    6.3    0.0    0.0 -999.9 -999.9  330.0
statio5 1994 12 14 348    -1.1   12.3    6.7    0.0    0.0 -999.9 -999.9  330.0
statio5 1994 12 15 349     6.4    9.9    3.5    0.9    0.5 -999.9 -999.9  330.0
statio5 1994 12 16 350     2.0   10.8    6.7    0.6    0.0 -999.9 -999.9  330.0
statio5 1994 12 17 351    -1.1   11.9    6.2    0.1    0.0 -999.9 -999.9  330.0
statio5 1994 12 18 352     1.5   11.4    3.6    0.1    0.0 -999.9 -999.9  330.0
statio5 1994 12 19 353     5.4   10.8    3.7    0.6    0.5 -999.9 -999.9  330.0
statio5 1994 12 20 354     5.5   10.0    6.6    0.9    0.0 -999.9 -999.9  330.0
statio5 1994 12 21 355     4.4    8.0    6.6    1.5    0.0 -999.9 -999.9  330.0
statio5 1994 12 22 356     1.6    4.8    6.2    1.3    0.0 -999.9 -999.9  330.0
statio5 1994 12 23 357     2.3    6.8    5.7    1.3    0.0 -999.9 -999.9  330.0
statio5 1994 12 24 358     1.8    6.3    5.8    0.8    0.0 -999.9 -999.9  330.0
statio5 1994 12 25 359     1.0    6.0    6.0    0.7    0.0 -999.9 -999.9  330.0
statio5 1994 12 26 360     0.3    6.5    6.3    0.7    0.0 -999.9 -999.9  330.0
statio5 1994 12 27 361    -2.4   13.4    5.8    0.2    0.0 -999.9 -999.9  330.0
statio5 1994 12 28 362     2.2   16.4    4.1    0.4    0.0 -999.9 -999.9  330.0
statio5 1994 12 29 363    -0.8   14.6    4.5    0.2    0.0 -999.9 -999.9  330.0
statio5 1994 12 30 364     6.8   15.2    4.2    0.3    0.0 -999.9 -999.9  330.0
statio5 1994 12 31 365     6.4   11.8    2.8    0.4    1.0 -999.9 -999.9  330.0
