statio5 1992  1  1   1    -5.0    5.8    7.4    0.0    0.0 -999.9 -999.9  330.0
statio5 1992  1  2   2    -3.6    5.8    3.5    0.1    0.0 -999.9 -999.9  330.0
statio5 1992  1  3   3     2.0   11.4    3.1    0.4    0.0 -999.9 -999.9  330.0
statio5 1992  1  4   4     3.1   10.7    5.3    0.1    0.5 -999.9 -999.9  330.0
statio5 1992  1  5   5    -2.3   11.9    7.2    0.0    0.0 -999.9 -999.9  330.0
statio5 1992  1  6   6    -4.2    9.1    6.8    0.0    0.5 -999.9 -999.9  330.0
statio5 1992  1  7   7    -2.1   11.3    3.1    0.2    0.0 -999.9 -999.9  330.0
statio5 1992  1  8   8     8.5   12.6    0.8    0.5    0.0 -999.9 -999.9  330.0
statio5 1992  1  9   9    11.1   13.5    2.1    1.3   19.0 -999.9 -999.9  330.0
statio5 1992  1 10  10    -0.2    8.2    3.0    0.1    0.5 -999.9 -999.9  330.0
statio5 1992  1 11  11     2.0   12.4    7.3    0.1    0.5 -999.9 -999.9  330.0
statio5 1992  1 12  12     3.6    8.6    3.9    0.5    0.0 -999.9 -999.9  330.0
statio5 1992  1 13  13     2.2    6.9    5.6    0.6    0.0 -999.9 -999.9  330.0
statio5 1992  1 14  14     1.0    6.6    7.7    0.6    0.0 -999.9 -999.9  330.0
statio5 1992  1 15  15     0.8    7.9    7.7    0.7    0.0 -999.9 -999.9  330.0
statio5 1992  1 16  16    -2.8    8.0    7.8    0.3    0.0 -999.9 -999.9  330.0
statio5 1992  1 17  17     2.2    7.3    7.3    1.3    0.0 -999.9 -999.9  330.0
statio5 1992  1 18  18     2.4    7.5    8.2    1.1    0.0 -999.9 -999.9  330.0
statio5 1992  1 19  19     1.6    5.8    7.6    1.0    0.0 -999.9 -999.9  330.0
statio5 1992  1 20  20     2.4    8.7    8.4    1.1    0.0 -999.9 -999.9  330.0
statio5 1992  1 21  21     1.6    6.4    7.2    0.8    0.0 -999.9 -999.9  330.0
statio5 1992  1 22  22    -2.7    1.0    5.8    0.4    4.0 -999.9 -999.9  330.0
statio5 1992  1 23  23    -1.7    1.2    1.7    0.5    3.0 -999.9 -999.9  330.0
statio5 1992  1 24  24    -0.3    6.6    6.0    0.7    0.0 -999.9 -999.9  330.0
statio5 1992  1 25  25     2.6    9.8    8.5    1.7    0.0 -999.9 -999.9  330.0
statio5 1992  1 26  26     3.3    7.4    8.3    2.2    0.0 -999.9 -999.9  330.0
statio5 1992  1 27  27    -0.6    3.8    8.4    1.1    0.0 -999.9 -999.9  330.0
statio5 1992  1 28  28    -0.9    6.9    8.9    0.9    0.0 -999.9 -999.9  330.0
statio5 1992  1 29  29    -3.8    9.1    9.2    0.4    0.0 -999.9 -999.9  330.0
statio5 1992  1 30  30    -2.7   12.4    7.3    0.6    0.0 -999.9 -999.9  330.0
statio5 1992  1 31  31    -3.0   11.6    9.4    0.5    0.0 -999.9 -999.9  330.0
statio5 1992  2  1  32    -3.1   10.6    9.3    0.4    0.0 -999.9 -999.9  330.0
statio5 1992  2  2  33    -3.6   11.6    9.4    0.4    0.0 -999.9 -999.9  330.0
statio5 1992  2  3  34    -3.3   14.0    9.6    0.8    0.0 -999.9 -999.9  330.0
statio5 1992  2  4  35     6.5   11.8    8.9    1.8    0.0 -999.9 -999.9  330.0
statio5 1992  2  5  36     7.6   12.8   10.4    1.9    0.0 -999.9 -999.9  330.0
statio5 1992  2  6  37     8.4   12.6   11.5    2.5    0.0 -999.9 -999.9  330.0
statio5 1992  2  7  38     5.1   14.0   10.4    1.0    0.0 -999.9 -999.9  330.0
statio5 1992  2  8  39    -2.6   12.9    7.7    0.5    0.0 -999.9 -999.9  330.0
statio5 1992  2  9  40     2.8   11.6    1.6    0.2    0.0 -999.9 -999.9  330.0
statio5 1992  2 10  41     4.6   13.6   10.7    0.9    0.0 -999.9 -999.9  330.0
statio5 1992  2 11  42     1.3   14.0    6.2    0.7    0.0 -999.9 -999.9  330.0
statio5 1992  2 12  43     2.8   15.4    7.7    0.7    0.0 -999.9 -999.9  330.0
statio5 1992  2 13  44     6.2   11.4    3.3    0.8   26.5 -999.9 -999.9  330.0
statio5 1992  2 14  45     4.0   10.5   10.1    1.6    0.0 -999.9 -999.9  330.0
statio5 1992  2 15  46    -0.9   14.3   10.8    0.7    0.0 -999.9 -999.9  330.0
statio5 1992  2 16  47     2.6   11.9    9.5    1.3    0.0 -999.9 -999.9  330.0
statio5 1992  2 17  48     3.4    7.6   12.6    2.1    0.0 -999.9 -999.9  330.0
statio5 1992  2 18  49     0.7    5.5   13.0    1.9    0.0 -999.9 -999.9  330.0
statio5 1992  2 19  50    -2.5    7.5   12.9    1.3    0.0 -999.9 -999.9  330.0
statio5 1992  2 20  51    -2.8    6.3   12.7    1.4    0.0 -999.9 -999.9  330.0
statio5 1992  2 21  52    -1.0    7.2   12.1    1.6    0.0 -999.9 -999.9  330.0
statio5 1992  2 22  53     0.5   11.1   13.0    1.7    0.0 -999.9 -999.9  330.0
statio5 1992  2 23  54    -2.0   15.1   13.3    1.5    0.0 -999.9 -999.9  330.0
statio5 1992  2 24  55    -2.4   14.1   10.9    0.9    0.0 -999.9 -999.9  330.0
statio5 1992  2 25  56     6.0   12.8    4.6    0.9    8.5 -999.9 -999.9  330.0
statio5 1992  2 26  57     6.5   11.4    4.6    0.8    0.5 -999.9 -999.9  330.0
statio5 1992  2 27  58     3.2   12.9    5.8    0.8    2.5 -999.9 -999.9  330.0
statio5 1992  2 28  59     2.6   16.8   13.7    1.3    0.0 -999.9 -999.9  330.0
statio5 1992  2 29  60     0.7   17.0   13.3    1.2    0.0 -999.9 -999.9  330.0
statio5 1992  3  1  61     0.4   15.1   12.2    1.1    0.0 -999.9 -999.9  330.0
statio5 1992  3  2  62     2.7   12.3    5.4    0.8    0.0 -999.9 -999.9  330.0
statio5 1992  3  3  63     3.6   17.1   12.3    1.5    0.0 -999.9 -999.9  330.0
statio5 1992  3  4  64     2.0   17.0   10.7    1.3    2.5 -999.9 -999.9  330.0
statio5 1992  3  5  65     7.7   10.1    2.2    0.3   15.0 -999.9 -999.9  330.0
statio5 1992  3  6  66     8.4   13.5    7.7    1.5    0.0 -999.9 -999.9  330.0
statio5 1992  3  7  67     5.4   18.7   14.7    1.9    0.0 -999.9 -999.9  330.0
statio5 1992  3  8  68     3.8   17.4   10.1    1.3    0.0 -999.9 -999.9  330.0
statio5 1992  3  9  69     8.7   15.3    9.5    1.5    0.0 -999.9 -999.9  330.0
statio5 1992  3 10  70     2.5   15.9   13.9    1.5    0.0 -999.9 -999.9  330.0
statio5 1992  3 11  71     3.0   13.7   14.7    2.4    0.0 -999.9 -999.9  330.0
statio5 1992  3 12  72     5.0   14.8   16.5    2.7    0.0 -999.9 -999.9  330.0
statio5 1992  3 13  73     2.4   17.0   10.7    1.7    0.0 -999.9 -999.9  330.0
statio5 1992  3 14  74     5.2   17.2   15.4    2.2    0.0 -999.9 -999.9  330.0
statio5 1992  3 15  75     8.5   17.4   13.7    2.8    0.0 -999.9 -999.9  330.0
statio5 1992  3 16  76    11.2   16.4   17.7    4.6    0.0 -999.9 -999.9  330.0
statio5 1992  3 17  77     7.0   18.4   17.4    3.0    0.0 -999.9 -999.9  330.0
statio5 1992  3 18  78     2.5   16.8   14.1    1.7    0.0 -999.9 -999.9  330.0
statio5 1992  3 19  79     3.9   19.6   17.0    2.6    0.0 -999.9 -999.9  330.0
statio5 1992  3 20  80    12.0   19.4   14.0    3.9    0.0 -999.9 -999.9  330.0
statio5 1992  3 21  81    11.6   23.3   18.7    4.8    0.0 -999.9 -999.9  330.0
statio5 1992  3 22  82     9.1   18.4   12.7    3.6    0.0 -999.9 -999.9  330.0
statio5 1992  3 23  83    11.7   16.7    8.2    2.8    0.5 -999.9 -999.9  330.0
statio5 1992  3 24  84     2.5   11.4   17.6    2.6    0.0 -999.9 -999.9  330.0
statio5 1992  3 25  85     1.7   11.0   19.0    2.5    0.0 -999.9 -999.9  330.0
statio5 1992  3 26  86     2.1   10.5   10.2    1.6    4.0 -999.9 -999.9  330.0
statio5 1992  3 27  87     3.5    9.2   13.5    2.1    0.0 -999.9 -999.9  330.0
statio5 1992  3 28  88     6.3   10.1   13.1    3.8    0.0 -999.9 -999.9  330.0
statio5 1992  3 29  89     4.9   15.8   17.8    3.1    0.0 -999.9 -999.9  330.0
statio5 1992  3 30  90     1.0   15.0   13.1    2.0    0.5 -999.9 -999.9  330.0
statio5 1992  3 31  91     6.2   11.7   10.4    1.8    4.0 -999.9 -999.9  330.0
statio5 1992  4  1  92    -0.2   13.9   15.1    1.9    0.0 -999.9 -999.9  330.0
statio5 1992  4  2  93     2.9   17.0   13.7    2.0    0.0 -999.9 -999.9  330.0
statio5 1992  4  3  94     5.7   18.8   13.5    2.3    0.0 -999.9 -999.9  330.0
statio5 1992  4  4  95    12.1   14.8    4.9    1.3    6.5 -999.9 -999.9  330.0
statio5 1992  4  5  96     7.8   11.0    9.7    2.5    1.5 -999.9 -999.9  330.0
statio5 1992  4  6  97     5.5   14.4   21.4    3.9    0.0 -999.9 -999.9  330.0
statio5 1992  4  7  98     1.0   16.3   15.7    2.1    0.0 -999.9 -999.9  330.0
statio5 1992  4  8  99     5.6   16.4   13.4    2.1    2.5 -999.9 -999.9  330.0
statio5 1992  4  9 100     4.0   18.8   21.2    3.6    0.0 -999.9 -999.9  330.0
statio5 1992  4 10 101     9.1   18.6   21.9    4.9    0.0 -999.9 -999.9  330.0
statio5 1992  4 11 102     3.9   19.2   18.2    3.8    0.0 -999.9 -999.9  330.0
statio5 1992  4 12 103     5.0   21.7   22.6    4.3    0.0 -999.9 -999.9  330.0
statio5 1992  4 13 104    11.0   18.3   23.6    5.3    0.0 -999.9 -999.9  330.0
statio5 1992  4 14 105     7.5   22.2   23.5    4.5    0.0 -999.9 -999.9  330.0
statio5 1992  4 15 106     6.8   17.3   14.3    2.8    2.5 -999.9 -999.9  330.0
statio5 1992  4 16 107     6.0   10.5   19.5    4.1    0.0 -999.9 -999.9  330.0
statio5 1992  4 17 108     5.6   11.8   23.3    5.1    0.0 -999.9 -999.9  330.0
statio5 1992  4 18 109     6.8   16.0   19.6    3.8    0.0 -999.9 -999.9  330.0
statio5 1992  4 19 110    12.7   18.9   23.9    5.8    0.0 -999.9 -999.9  330.0
statio5 1992  4 20 111    11.4   22.2   24.4    5.3    0.0 -999.9 -999.9  330.0
statio5 1992  4 21 112     6.8   22.2   23.7    3.7    0.0 -999.9 -999.9  330.0
statio5 1992  4 22 113     8.6   21.2   22.9    3.6    0.0 -999.9 -999.9  330.0
statio5 1992  4 23 114    10.0   23.2   20.0    3.5    0.0 -999.9 -999.9  330.0
statio5 1992  4 24 115     7.6   23.8   23.0    3.7    0.0 -999.9 -999.9  330.0
statio5 1992  4 25 116     5.7   24.7   24.1    3.8    0.0 -999.9 -999.9  330.0
statio5 1992  4 26 117     9.1   25.6   22.4    4.0    0.0 -999.9 -999.9  330.0
statio5 1992  4 27 118     8.3   27.8   22.6    4.1    0.0 -999.9 -999.9  330.0
statio5 1992  4 28 119    11.0   20.6    8.2    2.1    2.0 -999.9 -999.9  330.0
statio5 1992  4 29 120     7.3   16.2   22.2    4.7    0.0 -999.9 -999.9  330.0
statio5 1992  4 30 121     9.4   17.5   25.9    6.3    0.0 -999.9 -999.9  330.0
statio5 1992  5  1 122    10.1   20.1   13.7    2.9   28.0 -999.9 -999.9  330.0
statio5 1992  5  2 123     8.8   12.0    2.4    0.2   51.0 -999.9 -999.9  330.0
statio5 1992  5  3 124     7.9   16.3   14.9    3.0    0.0 -999.9 -999.9  330.0
statio5 1992  5  4 125    11.4   21.3   24.8    5.1    0.0 -999.9 -999.9  330.0
statio5 1992  5  5 126    12.9   21.5   25.4    5.8    0.0 -999.9 -999.9  330.0
statio5 1992  5  6 127    13.4   22.9   25.2    5.8    0.0 -999.9 -999.9  330.0
statio5 1992  5  7 128    13.5   25.4   25.2    5.4    0.0 -999.9 -999.9  330.0
statio5 1992  5  8 129    14.7   24.4   25.8    6.1    0.0 -999.9 -999.9  330.0
statio5 1992  5  9 130    14.9   26.3   27.0    5.9    0.0 -999.9 -999.9  330.0
statio5 1992  5 10 131    12.8   26.8   26.6    5.2    0.0 -999.9 -999.9  330.0
statio5 1992  5 11 132    11.3   25.4   23.8    4.9    0.0 -999.9 -999.9  330.0
statio5 1992  5 12 133    12.7   26.5   27.1    5.9    0.0 -999.9 -999.9  330.0
statio5 1992  5 13 134     9.5   27.4   25.5    4.6    0.0 -999.9 -999.9  330.0
statio5 1992  5 14 135     9.0   27.9   26.5    4.8    0.0 -999.9 -999.9  330.0
statio5 1992  5 15 136    11.3   29.3   24.3    4.8    0.0 -999.9 -999.9  330.0
statio5 1992  5 16 137    13.0   31.4   26.0    5.3    0.0 -999.9 -999.9  330.0
statio5 1992  5 17 138    12.3   30.7   25.2    5.0    0.0 -999.9 -999.9  330.0
statio5 1992  5 18 139    13.8   29.9   25.7    5.2    0.0 -999.9 -999.9  330.0
statio5 1992  5 19 140    15.1   26.3   22.8    4.7    6.0 -999.9 -999.9  330.0
statio5 1992  5 20 141    12.6   19.6    8.0    2.0    3.5 -999.9 -999.9  330.0
statio5 1992  5 21 142    12.0   16.9    7.1    1.7    4.0 -999.9 -999.9  330.0
statio5 1992  5 22 143    12.2   21.0   16.7    3.1    1.0 -999.9 -999.9  330.0
statio5 1992  5 23 144    12.7   19.8    9.1    2.0    0.0 -999.9 -999.9  330.0
statio5 1992  5 24 145    14.1   23.0   10.7    2.5    4.0 -999.9 -999.9  330.0
statio5 1992  5 25 146    11.0   25.7   21.3    3.9    0.0 -999.9 -999.9  330.0
statio5 1992  5 26 147    12.2   27.0   27.0    5.0    0.0 -999.9 -999.9  330.0
statio5 1992  5 27 148    12.1   25.5   22.0    4.3    0.0 -999.9 -999.9  330.0
statio5 1992  5 28 149    10.9   24.9   21.9    4.2    0.0 -999.9 -999.9  330.0
statio5 1992  5 29 150    16.4   23.7   12.8    3.1    0.0 -999.9 -999.9  330.0
statio5 1992  5 30 151    14.0   23.9   10.9    2.3    4.0 -999.9 -999.9  330.0
statio5 1992  5 31 152    16.4   25.1   18.5    3.9    0.0 -999.9 -999.9  330.0
statio5 1992  6  1 153    16.1   23.5    9.8    2.3   28.5 -999.9 -999.9  330.0
statio5 1992  6  2 154    14.7   24.5   23.0    4.5    0.0 -999.9 -999.9  330.0
statio5 1992  6  3 155    14.8   24.9   22.2    4.4    0.0 -999.9 -999.9  330.0
statio5 1992  6  4 156    14.5   20.6    8.6    2.0   12.0 -999.9 -999.9  330.0
statio5 1992  6  5 157    11.6   17.0   11.3    2.3    1.0 -999.9 -999.9  330.0
statio5 1992  6  6 158    10.1   21.9   20.3    3.5    0.0 -999.9 -999.9  330.0
statio5 1992  6  7 159    12.2   17.4    8.3    1.7    9.0 -999.9 -999.9  330.0
statio5 1992  6  8 160    10.1   22.4   20.8    3.6    2.5 -999.9 -999.9  330.0
statio5 1992  6  9 161    10.3   25.9   27.6    5.0    0.0 -999.9 -999.9  330.0
statio5 1992  6 10 162    13.3   20.2   13.1    2.5    9.5 -999.9 -999.9  330.0
statio5 1992  6 11 163    13.3   22.8   21.3    4.1    0.0 -999.9 -999.9  330.0
statio5 1992  6 12 164    14.8   24.1   26.3    5.8    0.0 -999.9 -999.9  330.0
statio5 1992  6 13 165    14.9   25.9   27.2    5.6    0.0 -999.9 -999.9  330.0
statio5 1992  6 14 166    12.3   27.8   25.5    4.8    0.0 -999.9 -999.9  330.0
statio5 1992  6 15 167    14.7   30.0   26.8    5.4    0.0 -999.9 -999.9  330.0
statio5 1992  6 16 168    15.2   27.8   14.8    3.3    1.0 -999.9 -999.9  330.0
statio5 1992  6 17 169    14.7   29.5   22.1    4.7    0.0 -999.9 -999.9  330.0
statio5 1992  6 18 170    15.4   26.9   26.7    6.0    0.0 -999.9 -999.9  330.0
statio5 1992  6 19 171    15.3   20.0   27.0    7.1    0.0 -999.9 -999.9  330.0
statio5 1992  6 20 172    11.2   20.6   24.8    4.6    0.0 -999.9 -999.9  330.0
statio5 1992  6 21 173     7.0   22.2   18.2    3.2    4.5 -999.9 -999.9  330.0
statio5 1992  6 22 174    13.8   20.9    6.7    1.7    5.5 -999.9 -999.9  330.0
statio5 1992  6 23 175    15.8   24.6   24.0    5.0    0.0 -999.9 -999.9  330.0
statio5 1992  6 24 176    13.6   24.0   19.9    3.8   34.0 -999.9 -999.9  330.0
statio5 1992  6 25 177    14.1   25.2   27.5    6.0    0.0 -999.9 -999.9  330.0
statio5 1992  6 26 178    15.8   23.3   20.0    4.6    0.0 -999.9 -999.9  330.0
statio5 1992  6 27 179    12.7   28.3   25.0    4.8    0.0 -999.9 -999.9  330.0
statio5 1992  6 28 180    14.8   28.1   24.2    4.9    0.0 -999.9 -999.9  330.0
statio5 1992  6 29 181    14.2   27.3   27.2    5.4    0.0 -999.9 -999.9  330.0
statio5 1992  6 30 182    13.9   23.6    5.8    1.6    6.0 -999.9 -999.9  330.0
statio5 1992  7  1 183    15.7   22.0    8.9    2.2    0.5 -999.9 -999.9  330.0
statio5 1992  7  2 184    12.2   26.3   25.1    4.9    0.0 -999.9 -999.9  330.0
statio5 1992  7  3 185    15.2   29.9   27.5    5.7    0.0 -999.9 -999.9  330.0
statio5 1992  7  4 186    16.1   22.7   13.6    2.9   12.5 -999.9 -999.9  330.0
statio5 1992  7  5 187    11.9   24.8   25.4    4.8    0.0 -999.9 -999.9  330.0
statio5 1992  7  6 188    14.6   26.3   20.3    4.3    0.0 -999.9 -999.9  330.0
statio5 1992  7  7 189    15.0   23.1   15.1    3.1    0.0 -999.9 -999.9  330.0
statio5 1992  7  8 190    12.7   26.4   21.9    4.1    4.0 -999.9 -999.9  330.0
statio5 1992  7  9 191    14.9   27.4   23.6    4.7    0.5 -999.9 -999.9  330.0
statio5 1992  7 10 192    15.8   26.8   17.2    3.7    6.0 -999.9 -999.9  330.0
statio5 1992  7 11 193    14.3   25.6   27.5    5.5    0.0 -999.9 -999.9  330.0
statio5 1992  7 12 194    14.6   27.2   20.1    4.3    0.0 -999.9 -999.9  330.0
statio5 1992  7 13 195    17.0   27.5   28.6    6.5    0.0 -999.9 -999.9  330.0
statio5 1992  7 14 196    16.5   30.7   28.8    6.6    0.0 -999.9 -999.9  330.0
statio5 1992  7 15 197    18.8   32.7   28.9    6.8    0.0 -999.9 -999.9  330.0
statio5 1992  7 16 198    16.3   32.2   25.5    5.4    0.5 -999.9 -999.9  330.0
statio5 1992  7 17 199    18.0   33.9   25.6    5.8    0.0 -999.9 -999.9  330.0
statio5 1992  7 18 200    20.0   33.0   26.9    6.4    0.0 -999.9 -999.9  330.0
statio5 1992  7 19 201    20.8   34.6   26.3    6.3    0.0 -999.9 -999.9  330.0
statio5 1992  7 20 202    19.4   32.0   24.0    5.4    0.0 -999.9 -999.9  330.0
statio5 1992  7 21 203    18.7   31.1   22.7    5.1    0.0 -999.9 -999.9  330.0
statio5 1992  7 22 204    21.3   29.9   25.8    6.9    0.0 -999.9 -999.9  330.0
statio5 1992  7 23 205    19.8   32.9   26.2    6.2    0.0 -999.9 -999.9  330.0
statio5 1992  7 24 206    17.7   34.9   25.2    5.8    0.0 -999.9 -999.9  330.0
statio5 1992  7 25 207    22.6   33.2   26.1    7.0    0.0 -999.9 -999.9  330.0
statio5 1992  7 26 208    19.2   34.8   26.7    6.1    0.0 -999.9 -999.9  330.0
statio5 1992  7 27 209    17.3   36.4   26.0    6.6    0.0 -999.9 -999.9  330.0
statio5 1992  7 28 210    21.4   32.9   25.5    7.1    0.0 -999.9 -999.9  330.0
statio5 1992  7 29 211    17.6   34.0   25.1    5.6    0.0 -999.9 -999.9  330.0
statio5 1992  7 30 212    17.8   34.1   23.8    5.3    0.0 -999.9 -999.9  330.0
statio5 1992  7 31 213    19.6   33.6   24.7    5.7    0.0 -999.9 -999.9  330.0
statio5 1992  8  1 214    17.3   32.5   22.9    5.0    0.0 -999.9 -999.9  330.0
statio5 1992  8  2 215    19.8   36.1   20.6    5.1    0.0 -999.9 -999.9  330.0
statio5 1992  8  3 216    20.4   33.6   15.0    3.8    0.0 -999.9 -999.9  330.0
statio5 1992  8  4 217    21.8   31.7   25.8    7.2    0.0 -999.9 -999.9  330.0
statio5 1992  8  5 218    19.1   34.7   23.5    5.7    0.0 -999.9 -999.9  330.0
statio5 1992  8  6 219    19.2   35.2   23.6    5.5    0.0 -999.9 -999.9  330.0
statio5 1992  8  7 220    20.5   34.4   23.5    5.5    0.0 -999.9 -999.9  330.0
statio5 1992  8  8 221    18.7   33.4   24.8    5.6    0.0 -999.9 -999.9  330.0
statio5 1992  8  9 222    17.7   35.4   17.2    4.8   31.0 -999.9 -999.9  330.0
statio5 1992  8 10 223    13.8   27.8   25.4    4.8    0.0 -999.9 -999.9  330.0
statio5 1992  8 11 224    15.3   29.7   23.8    4.8    0.0 -999.9 -999.9  330.0
statio5 1992  8 12 225    16.1   30.5   24.5    5.2    0.0 -999.9 -999.9  330.0
statio5 1992  8 13 226    14.2   28.9   24.1    5.1    0.0 -999.9 -999.9  330.0
statio5 1992  8 14 227    13.6   29.2   24.8    5.3    0.0 -999.9 -999.9  330.0
statio5 1992  8 15 228    18.5   27.1   25.4    6.3    0.0 -999.9 -999.9  330.0
statio5 1992  8 16 229    12.1   30.0   24.1    4.6    0.0 -999.9 -999.9  330.0
statio5 1992  8 17 230    14.7   31.2   24.2    4.7    0.0 -999.9 -999.9  330.0
statio5 1992  8 18 231    16.7   30.9   20.2    4.1    0.0 -999.9 -999.9  330.0
statio5 1992  8 19 232    19.8   32.5   21.0    4.7    0.0 -999.9 -999.9  330.0
statio5 1992  8 20 233    20.4   30.2   17.1    3.9    0.0 -999.9 -999.9  330.0
statio5 1992  8 21 234    19.3   30.9   18.2    4.0    0.0 -999.9 -999.9  330.0
statio5 1992  8 22 235    20.4   31.4   21.0    4.7    0.0 -999.9 -999.9  330.0
statio5 1992  8 23 236    17.7   32.3   21.2    4.6    0.0 -999.9 -999.9  330.0
statio5 1992  8 24 237    18.7   33.3   23.8    5.6    0.0 -999.9 -999.9  330.0
statio5 1992  8 25 238    14.4   34.0   23.1    4.7    0.0 -999.9 -999.9  330.0
statio5 1992  8 26 239    19.9   32.1   20.8    4.7    0.0 -999.9 -999.9  330.0
statio5 1992  8 27 240    20.2   30.1   17.3    3.8    0.0 -999.9 -999.9  330.0
statio5 1992  8 28 241    17.8   31.2   20.7    4.5    0.0 -999.9 -999.9  330.0
statio5 1992  8 29 242    18.0   26.5    7.1    2.1    9.0 -999.9 -999.9  330.0
statio5 1992  8 30 243    12.2   26.0   21.5    3.7    0.0 -999.9 -999.9  330.0
statio5 1992  8 31 244    16.5   28.0   12.1    3.5    1.5 -999.9 -999.9  330.0
statio5 1992  9  1 245    10.7   22.0   21.6    4.0    0.0 -999.9 -999.9  330.0
statio5 1992  9  2 246     9.9   26.5   22.3    3.8    0.0 -999.9 -999.9  330.0
statio5 1992  9  3 247    10.4   28.1   17.4    3.4    0.0 -999.9 -999.9  330.0
statio5 1992  9  4 248    14.3   24.0   16.8    4.0    0.0 -999.9 -999.9  330.0
statio5 1992  9  5 249    12.6   20.9   22.6    5.2    0.0 -999.9 -999.9  330.0
statio5 1992  9  6 250    12.7   24.3   22.0    4.6    0.0 -999.9 -999.9  330.0
statio5 1992  9  7 251     8.5   27.0   19.3    3.2    0.0 -999.9 -999.9  330.0
statio5 1992  9  8 252    12.5   24.0    9.9    2.0   10.5 -999.9 -999.9  330.0
statio5 1992  9  9 253    14.6   18.2    5.0    1.1    0.5 -999.9 -999.9  330.0
statio5 1992  9 10 254    13.0   27.1   17.9    3.1    0.0 -999.9 -999.9  330.0
statio5 1992  9 11 255    16.2   26.8   14.6    2.8    0.0 -999.9 -999.9  330.0
statio5 1992  9 12 256    16.2   27.7   19.4    3.7    0.0 -999.9 -999.9  330.0
statio5 1992  9 13 257    13.4   28.8   18.8    3.3    0.0 -999.9 -999.9  330.0
statio5 1992  9 14 258    14.5   28.5   13.9    2.9    0.0 -999.9 -999.9  330.0
statio5 1992  9 15 259    17.5   26.3   20.1    4.6    0.0 -999.9 -999.9  330.0
statio5 1992  9 16 260    12.3   29.1   18.3    3.2    0.0 -999.9 -999.9  330.0
statio5 1992  9 17 261    13.2   28.8   17.8    3.1    0.0 -999.9 -999.9  330.0
statio5 1992  9 18 262    14.0   28.0   16.7    3.1    0.0 -999.9 -999.9  330.0
statio5 1992  9 19 263    15.3   26.9   17.3    3.2    0.0 -999.9 -999.9  330.0
statio5 1992  9 20 264    12.8   27.9   17.4    2.9    0.0 -999.9 -999.9  330.0
statio5 1992  9 21 265    15.7   24.2    3.9    1.3    0.0 -999.9 -999.9  330.0
statio5 1992  9 22 266    15.8   23.8    2.1    1.0  159.0 -999.9 -999.9  330.0
statio5 1992  9 23 267    10.6   23.1   18.1    2.6    0.0 -999.9 -999.9  330.0
statio5 1992  9 24 268    11.8   22.6   16.8    2.6    0.5 -999.9 -999.9  330.0
statio5 1992  9 25 269    10.0   24.5   15.7    2.3    0.0 -999.9 -999.9  330.0
statio5 1992  9 26 270    12.4   27.2   13.6    3.0    1.0 -999.9 -999.9  330.0
statio5 1992  9 27 271    19.0   23.3    2.7    1.8    4.5 -999.9 -999.9  330.0
statio5 1992  9 28 272    14.8   19.8    8.3    1.7    0.5 -999.9 -999.9  330.0
statio5 1992  9 29 273    10.0   21.9   14.0    1.9    0.0 -999.9 -999.9  330.0
statio5 1992  9 30 274    11.4   23.4   16.5    2.7    0.0 -999.9 -999.9  330.0
statio5 1992 10  1 275    13.3   23.4   15.0    2.6    0.0 -999.9 -999.9  330.0
statio5 1992 10  2 276    12.6   20.0    6.5    1.2    0.0 -999.9 -999.9  330.0
statio5 1992 10  3 277    12.3   19.0   10.2    1.8   13.0 -999.9 -999.9  330.0
statio5 1992 10  4 278    10.4   17.5    7.3    1.2    4.0 -999.9 -999.9  330.0
statio5 1992 10  5 279     9.3   14.0    3.1    0.3   11.0 -999.9 -999.9  330.0
statio5 1992 10  6 280    12.6   15.8    5.5    1.1    0.5 -999.9 -999.9  330.0
statio5 1992 10  7 281    10.7   18.7   11.0    1.5    0.0 -999.9 -999.9  330.0
statio5 1992 10  8 282     6.8   21.1   12.9    1.5    0.0 -999.9 -999.9  330.0
statio5 1992 10  9 283    13.4   24.1   10.9    2.0    0.5 -999.9 -999.9  330.0
statio5 1992 10 10 284    14.4   21.2    9.7    1.6    0.5 -999.9 -999.9  330.0
statio5 1992 10 11 285     9.3   20.1   12.8    1.6    0.0 -999.9 -999.9  330.0
statio5 1992 10 12 286     7.4   19.5   13.1    1.5    0.0 -999.9 -999.9  330.0
statio5 1992 10 13 287    11.2   17.6    5.0    1.1    0.0 -999.9 -999.9  330.0
statio5 1992 10 14 288     8.8   19.4   12.4    1.5    0.0 -999.9 -999.9  330.0
statio5 1992 10 15 289     7.5   17.7    7.4    1.0    0.0 -999.9 -999.9  330.0
statio5 1992 10 16 290     7.6   17.0    7.8    0.9   10.5 -999.9 -999.9  330.0
statio5 1992 10 17 291     8.2   11.0    8.0    1.3    0.0 -999.9 -999.9  330.0
statio5 1992 10 18 292     2.6   14.0   13.1    1.3    0.0 -999.9 -999.9  330.0
statio5 1992 10 19 293     1.6   11.8    1.9    0.2   16.0 -999.9 -999.9  330.0
statio5 1992 10 20 294     8.3   11.8    2.2    0.2    0.5 -999.9 -999.9  330.0
statio5 1992 10 21 295     7.2   13.8    9.2    0.9    2.0 -999.9 -999.9  330.0
statio5 1992 10 22 296     1.2   14.4   11.1    0.8    0.0 -999.9 -999.9  330.0
statio5 1992 10 23 297     2.0   13.0    5.9    0.6    0.0 -999.9 -999.9  330.0
statio5 1992 10 24 298     3.5   16.1   10.3    0.9    0.0 -999.9 -999.9  330.0
statio5 1992 10 25 299     6.3   16.0    4.2    0.6    0.0 -999.9 -999.9  330.0
statio5 1992 10 26 300    11.2   15.8    9.8    1.6    1.0 -999.9 -999.9  330.0
statio5 1992 10 27 301     8.4   19.0    7.0    0.9    0.0 -999.9 -999.9  330.0
statio5 1992 10 28 302     8.4   19.0    4.5    0.6    3.5 -999.9 -999.9  330.0
statio5 1992 10 29 303     9.3   16.6    7.4    0.9    1.0 -999.9 -999.9  330.0
statio5 1992 10 30 304     6.1   10.6    1.9    0.1   12.5 -999.9 -999.9  330.0
statio5 1992 10 31 305     8.2   13.6    7.9    1.1   12.5 -999.9 -999.9  330.0
statio5 1992 11  1 306     7.4    9.1    1.5    0.0   25.5 -999.9 -999.9  330.0
statio5 1992 11  2 307     7.3   14.3    6.3    0.9    0.0 -999.9 -999.9  330.0
statio5 1992 11  3 308     4.8   18.1    8.6    0.7    0.0 -999.9 -999.9  330.0
statio5 1992 11  4 309     7.4   20.7    9.1    1.0    0.0 -999.9 -999.9  330.0
statio5 1992 11  5 310    12.4   17.9    9.9    1.4    0.0 -999.9 -999.9  330.0
statio5 1992 11  6 311     5.0   19.4    9.5    0.7    0.5 -999.9 -999.9  330.0
statio5 1992 11  7 312     5.3   17.1    5.3    0.6    0.0 -999.9 -999.9  330.0
statio5 1992 11  8 313     4.9   18.5    9.5    0.7    0.0 -999.9 -999.9  330.0
statio5 1992 11  9 314     4.6   18.4    8.0    0.4    0.0 -999.9 -999.9  330.0
statio5 1992 11 10 315    10.6   15.2    1.5    0.4    0.5 -999.9 -999.9  330.0
statio5 1992 11 11 316     5.2   15.3    3.9    0.3    0.5 -999.9 -999.9  330.0
statio5 1992 11 12 317     7.9   13.8    8.4    0.9    0.5 -999.9 -999.9  330.0
statio5 1992 11 13 318     3.5    8.6    1.0    0.0    6.5 -999.9 -999.9  330.0
statio5 1992 11 14 319     4.0    9.4    3.3    0.6    0.0 -999.9 -999.9  330.0
statio5 1992 11 15 320     6.7   16.3    0.7    0.0    0.5 -999.9 -999.9  330.0
statio5 1992 11 16 321     7.9   14.7    8.0    0.6    0.0 -999.9 -999.9  330.0
statio5 1992 11 17 322     4.2   12.7    6.0    0.6    0.0 -999.9 -999.9  330.0
statio5 1992 11 18 323     3.4   10.4    8.2    0.8    0.0 -999.9 -999.9  330.0
statio5 1992 11 19 324     4.8   19.2    7.8    0.5    0.0 -999.9 -999.9  330.0
statio5 1992 11 20 325     4.7   15.2    8.3    0.5    0.0 -999.9 -999.9  330.0
statio5 1992 11 21 326     3.9   20.1    7.4    0.4    0.0 -999.9 -999.9  330.0
statio5 1992 11 22 327     8.8   18.7    8.1    0.9    0.0 -999.9 -999.9  330.0
statio5 1992 11 23 328     9.1   20.1    7.9    0.6    0.5 -999.9 -999.9  330.0
statio5 1992 11 24 329     7.4   13.5    2.4    0.3    0.0 -999.9 -999.9  330.0
statio5 1992 11 25 330     9.3   16.8    6.5    0.4    0.0 -999.9 -999.9  330.0
statio5 1992 11 26 331     5.8   18.0    6.7    0.3    0.0 -999.9 -999.9  330.0
statio5 1992 11 27 332     9.3   14.5    7.7    0.8    0.0 -999.9 -999.9  330.0
statio5 1992 11 28 333     3.3   17.6    7.1    0.2    0.0 -999.9 -999.9  330.0
statio5 1992 11 29 334     5.1   15.1    5.9    0.2    0.5 -999.9 -999.9  330.0
statio5 1992 11 30 335     1.0   16.0    6.4    0.0    0.0 -999.9 -999.9  330.0
statio5 1992 12  1 336     8.8   16.4    2.7    0.5    0.0 -999.9 -999.9  330.0
statio5 1992 12  2 337     8.5   16.0    2.1    0.3    0.5 -999.9 -999.9  330.0
statio5 1992 12  3 338    10.9   14.5    3.5    0.6    5.5 -999.9 -999.9  330.0
statio5 1992 12  4 339     4.5   15.6    3.6    0.4    4.0 -999.9 -999.9  330.0
statio5 1992 12  5 340     7.5   11.6    5.1    0.7    0.0 -999.9 -999.9  330.0
statio5 1992 12  6 341     3.6   10.9    7.0    0.4    0.0 -999.9 -999.9  330.0
statio5 1992 12  7 342     1.6    9.3    2.4    0.1    3.5 -999.9 -999.9  330.0
statio5 1992 12  8 343     3.7   11.1    3.7    0.6    0.0 -999.9 -999.9  330.0
statio5 1992 12  9 344     6.2    9.1    3.9    1.9    0.0 -999.9 -999.9  330.0
statio5 1992 12 10 345     4.3    8.3    5.0    0.8    0.0 -999.9 -999.9  330.0
statio5 1992 12 11 346     3.8    7.3    5.9    0.7    0.0 -999.9 -999.9  330.0
statio5 1992 12 12 347    -0.5   10.4    4.6    0.1    0.0 -999.9 -999.9  330.0
statio5 1992 12 13 348     6.5    9.7    7.1    1.3    0.0 -999.9 -999.9  330.0
statio5 1992 12 14 349    -0.2   10.9    6.0    0.1    0.0 -999.9 -999.9  330.0
statio5 1992 12 15 350     4.5   14.8    5.6    0.2    4.0 -999.9 -999.9  330.0
statio5 1992 12 16 351     6.8   14.7    2.9    0.2    0.0 -999.9 -999.9  330.0
statio5 1992 12 17 352     6.9   13.7    3.2    0.4    0.5 -999.9 -999.9  330.0
statio5 1992 12 18 353     0.7   14.2    5.8    0.0    0.0 -999.9 -999.9  330.0
statio5 1992 12 19 354     3.1   13.7    3.3    0.3    0.0 -999.9 -999.9  330.0
statio5 1992 12 20 355     6.3   14.2    3.9    0.4    0.0 -999.9 -999.9  330.0
statio5 1992 12 21 356     8.8   14.0    2.9    0.6    0.0 -999.9 -999.9  330.0
statio5 1992 12 22 357     6.6   14.0    4.9    0.2    0.0 -999.9 -999.9  330.0
statio5 1992 12 23 358     5.1    8.5    0.9    0.0    2.5 -999.9 -999.9  330.0
statio5 1992 12 24 359     6.4   13.5    5.0    0.2    0.0 -999.9 -999.9  330.0
statio5 1992 12 25 360     2.9   10.3    4.3    0.2    1.5 -999.9 -999.9  330.0
statio5 1992 12 26 361     4.0    8.9    4.7    0.2    0.0 -999.9 -999.9  330.0
statio5 1992 12 27 362    -0.3    7.7    5.5    0.1    0.0 -999.9 -999.9  330.0
statio5 1992 12 28 363     0.4    5.1    3.4    0.4    0.0 -999.9 -999.9  330.0
statio5 1992 12 29 364    -3.7    6.6    6.1    0.0    0.0 -999.9 -999.9  330.0
statio5 1992 12 30 365    -4.2    7.2    6.6    0.0    0.0 -999.9 -999.9  330.0
statio5 1992 12 31 366    -5.1    7.4    5.3    0.2    0.5 -999.9 -999.9  330.0
